#Average flux [c/s]: 11260.425397093037
#                                   T_start= 0 s
#                                   T_end= 1 s
#                                   CCF campionation= 1e-6 s
#                                   Fit amplitude= 111 s
#                                   Variable bin size= 10 ph/bin
0.02325
-0.0048
0.01689
-0.00579
0.03109
-0.011
-0.04221
-0.04262
0.01624
0.01725
0.01688
-0.00083
0.02394
-0.01945
0.00981
-0.02634
-0.02789
-0.01298
0.00993
-0.02974
-0.02554
0.02216
-0.00118
0.00664
-0.00152
0.02033
-0.01211
0.01824
0.00513
-0.00578
-0.02077
0.02164
-0.02716
0.01
0.0168
-0.02829
0.0171
0.03434
-0.00214
-0.00175
0.01676
0.03313
-0.00187
-0.00516
0.02341
0.00691
-0.01223
-0.07162
-0.01162
0.01699
0.01957
0.01729
-0.01071
0.01645
0.00571
-0.00508
-0.00552
-0.03418
-0.02051
0.02367
0.0173
-0.00264
0.02416
-0.00248
-0.02826
0.01118
-0.01726
0.02174
-0.03871
-0.01152
-0.02663
0.02446
0.01779
0.03491
0.01692
-0.00239
-0.00522
-0.00269
-0.00169
-0.02767
-0.0433
0.0196
-0.01794
0.02411
0.03166
0.02156
-0.04367
-0.01914
0.01718
-0.0053
0.01168
0.01735
0.01677
0.06355
0.01132
0.00558
0.0
0.03298
0.02404
0.01792
