#Average flux [c/s]: 8541.672687650367
#                                   T_start= 0 s
#                                   T_end= 1 s
#                                   CCF campionation= 1e-6 s
#                                   Fit amplitude= 0.1 s
#                                   Variable bin size= 10 ph/bin
0.00603919
0.01872821
0.01587601
0.013128
-0.0022184
0.03870216
-0.01098742
0.01077494
0.00412858
-0.00745925
-0.01059481
-0.00341137
-0.00312773
0.01371796
8.935e-05
0.00946938
0.0093881
0.00945208
-0.01351732
-0.0265574
-0.01346181
-0.00735652
-0.00061456
-0.00145782
-0.01196282
-0.00071211
-0.00611806
-0.0045003
0.01037512
-0.00097987
0.00833097
8.9e-05
0.00017106
-0.01611182
-0.00444128
0.01843796
-0.01027478
-0.00197392
0.01819014
0.02303609
-0.0099981
0.00654995
-0.01805112
0.01272809
0.01163084
-0.00336048
-0.08578385
0.01547707
0.00698379
0.01193194
-0.00520306
-0.00074485
-0.00839025
-0.00331933
0.00113474
0.01843404
-0.01638429
0.01291347
0.00861245
0.02209875
0.00299174
0.01427183
-0.0006775
-0.00546346
0.00285565
0.00378989
-0.01326196
-0.00108092
-0.00314216
0.00259015
-0.01069685
-0.00645456
0.02062358
-0.00647771
-0.01453093
-0.00560113
0.01463085
0.00735168
0.00469927
-0.00020228
0.00349444
0.02527751
-0.00513934
-0.00206644
-3.135e-05
0.00446969
0.01301248
-0.0006735
0.00753469
-0.0105434
-0.00154515
-0.01303121
0.01990566
-0.01339548
-0.02849451
-0.0156497
0.02634887
0.02355367
0.00275872
-0.0002281
