#Average flux [c/s]: 13979.178106535705
#                                   T_start= 0 s
#                                   T_end= 1 s
#                                   CCF campionation= 1e-6 s
#                                   Fit amplitude= 0.1 s
#                                   Variable bin size= 10 ph/bin
#999
0.01015146
#999
0.00530634
0.01629558
0.01239338
0.00348524
0.02368629
0.01507481
0.01018391
0.0095756
0.00356639
0.00884918
0.01515283
0.0109514
0.01400664
0.00551383
0.0057748
#999
0.01213102
0.01055592
0.0034785
0.00835424
0.01192505
0.01515357
0.01478772
0.00693624
0.00012562
0.02007622
0.01368057
0.02138379
0.00160362
0.0166617
#999
0.01233534
0.00860508
0.00171491
0.01386562
0.01320161
-0.00630193
0.01093996
0.0198149
0.01766749
0.01511314
0.01886779
0.00841763
-0.00307399
0.00880058
2.353e-05
#999
0.00795115
-0.00046717
0.01387
0.00794357
0.01069842
0.01133994
0.01140917
#999
0.01845009
0.02912545
0.01299196
0.02290669
#999
0.00734293
#999
0.01419329
#999
-0.00056308
0.00504684
#999
0.02785622
0.00775414
0.01185165
0.01274699
0.01379556
0.01770658
0.01044067
0.00747395
0.0126067
0.00575776
0.00302416
0.00853904
-0.00063372
0.00950503
-0.00289527
0.00760525
0.02179049
0.00104949
0.01275572
0.01061217
0.0060105
0.00231818
0.00972556
0.01900918
#999
0.02067723
0.01201527
0.00225015
0.01503987
0.00102562
