#Average flux [c/s]: 10354.17449394548
#                                   T_start= 0 s
#                                   T_end= 1 s
#                                   CCF campionation= 1e-6 s
#                                   Fit amplitude= 0.1 s
#                                   Variable bin size= 10 ph/bin
0.01505173
0.01542071
0.01724714
0.00954997
0.01115408
0.00666024
0.00380938
0.02177156
0.01237147
0.0249285
0.00283478
0.00358996
0.02140372
0.02615646
0.01341044
0.01031611
0.01746483
0.01754762
0.03414889
0.01312963
0.01877677
0.0031031
0.01222559
0.01024738
0.02253027
0.02134261
0.01824472
0.00885581
0.01985971
-0.01659893
0.01858973
0.0037096
0.02348307
0.01419909
0.0157538
0.02469941
-0.00112405
0.02932938
-0.00980187
0.01161455
0.01887028
0.01725204
0.00252492
0.02171631
0.00475773
0.01161962
0.01487908
0.0173472
0.00231117
0.0101893
0.01359663
0.01825768
0.02259954
0.01218817
0.00478721
0.00663872
-0.00199703
0.02696452
0.02036528
0.02366511
0.02206355
0.02670592
0.00757507
0.00798678
0.01675908
0.01709897
0.017921
#999
0.03045067
0.01343104
0.00868072
0.01145006
0.01363678
-0.00449845
0.01846186
0.01424887
0.00799512
0.01117056
0.00573776
0.01536722
0.00896677
0.01345867
0.01474217
#999
0.00397747
0.01561546
#999
0.01730084
0.0094632
-0.01037934
9.659e-05
-0.0039896
0.00693996
0.01751783
0.03026485
-0.00572991
0.01593666
0.02995569
0.01103775
0.00460662
