#Average flux [c/s]: 8843.756322032888
#                                   T_start= 0 s
#                                   T_end= 1 s
#                                   CCF campionation= 1e-6 s
#                                   Fit amplitude= 111 s
#                                   Variable bin size= 10 ph/bin
-0.02041
0.06683
0.019
0.02887
0.00478
-0.02078
-0.02726
0.01872
-0.00935
-0.01073
-0.00794
-0.01184
-0.0105
0.04963
-0.04331
0.03419
-0.02222
0.01957
-0.0132
-0.0671
0.0656
-0.01173
0.01571
-0.01076
-0.02715
0.02299
-0.01196
-0.04382
-0.02086
-0.04486
0.04628
-0.00973
0.04919
-0.00378
0.02976
-0.01019
0.01328
0.01858
0.0226
-0.04425
-0.02947
-0.00262
-0.05208
-0.02506
0.00528
-0.04415
-0.01869
-0.05282
-0.04498
-0.01892
-0.0088
-0.0029
-0.01841
-0.01692
-0.01759
-0.00956
0.00607
0.02868
-0.00089
-0.04297
0.03245
0.01943
0.0176
-0.00365
-0.04318
-0.02266
0.01298
0.019
0.04707
-0.03618
-0.04679
-0.00388
-0.04463
-0.0079
0.02772
0.0147
0.01119
0.00255
-0.01364
-0.04205
0.02945
0.03316
-0.01286
-0.0167
-0.04494
-0.00818
-0.05411
0.05151
-0.04327
-0.07249
-0.01251
-0.00871
0.01976
0.08234
0.03478
-0.00874
-0.02929
-0.01074
-0.0217
0.03031
