#Average flux [c/s]: 11864.592665858074
#                                   T_start= 0 s
#                                   T_end= 1 s
#                                   CCF campionation= 1e-6 s
#                                   Fit amplitude= 0.1 s
#                                   Variable bin size= 10 ph/bin
0.01544269
0.00481133
0.00596309
0.01057263
0.0144761
0.01083784
0.01224308
0.00458014
-0.01650153
0.0020618
0.00446454
-0.0025786
0.01536224
0.01530807
0.0099329
#999
0.01514084
0.01140106
0.02318291
0.00513001
-0.00364702
#999
0.02297155
0.00472423
0.00299283
-0.00685996
0.01666583
0.00105808
-0.00289987
-0.00177682
0.00448933
#999
#999
0.00983226
0.00906124
-0.00666995
0.00228171
0.00033831
#999
0.00614589
0.01518748
0.01532406
0.00037292
0.00551672
0.00212091
-0.00133281
0.01113339
0.01021604
0.02431241
0.00271059
0.00635932
-0.001708
0.00483954
-0.0040309
0.01115229
0.01234405
0.00878453
-0.00144393
0.01397557
0.00863255
0.01081982
0.02379216
0.0115461
0.00116103
0.0062292
0.02102865
-1.871e-05
#999
0.0129083
-0.00147766
0.01426995
#999
0.01020414
0.00483421
0.01503768
-0.01267237
-0.00714341
0.00584668
0.00513063
#999
0.00941434
0.00667545
0.00360783
0.00052415
0.01449513
0.00327493
0.00474717
0.00865608
0.00125642
0.00332917
0.01119754
#999
0.00502699
0.01001546
0.00979805
#999
0.00989346
0.01986233
#999
-0.00193787
