#Average flux [c/s]: 14885.42900968326
#                                   T_start= 0 s
#                                   T_end= 1 s
#                                   CCF campionation= 1e-6 s
#                                   Fit amplitude= 0.1 s
#                                   Variable bin size= 10 ph/bin
#999
0.00849912
0.00067222
-0.00474201
0.00190897
-0.00580742
-0.00901118
0.00374112
-0.00350748
0.00049505
#999
0.00427024
-0.00269433
0.00010562
0.00721727
0.00228105
-0.00532562
#999
0.00751029
-0.00324295
-0.00043457
-0.00659549
-0.01492053
-0.00038934
-0.00587642
0.00797629
-0.00619349
0.00791445
-0.00794905
0.00177093
-0.00772225
-0.00470108
0.0088561
#999
-0.00024293
0.00826435
-0.00739327
-0.00439603
#999
0.01066301
-0.00680559
0.00502754
-0.01126174
-0.00012756
0.00552358
#999
8.363e-05
-0.00462514
-0.00141154
-0.00262466
0.00518834
0.0098242
0.00429567
#999
-1.939e-05
0.00170428
0.00537243
0.00646428
0.00430711
0.00466424
0.009489
0.01156901
0.00949635
-0.00279329
-0.01056328
-0.00024863
0.00123834
-0.01866094
0.00686651
-0.00027306
0.00076285
#999
0.01265883
0.00195688
-0.0044072
0.00329373
0.01369968
0.00653825
0.00427714
-0.00854341
0.01456294
0.00347068
-0.00614086
0.01488067
0.01677977
5.782e-05
0.00441456
0.00093735
-0.0034964
-0.00473244
0.0063424
-0.0044005
-0.00142826
0.00234224
-0.00858785
0.00157217
0.00909985
0.00668571
#999
0.00472441
