#Average flux [c/s]: 5067.710892251406
#                                   T_start= 0 s
#                                   T_end= 1 s
#                                   CCF campionation= 1e-6 s
#                                   Fit amplitude= 111 s
#                                   Variable bin size= 10 ph/bin
0.11393
0.01891
-0.02656
0.10628
0.11348
0.09204
-0.01996
-0.03182
0.09046
0.09168
0.0817
0.12368
-0.03633
0.0803
0.09198
0.0801
0.1
0.0642
0.11941
0.09279
0.11216
0.07573
-0.01454
-0.01642
0.08881
0.08025
0.09112
0.05443
0.09071
0.07069
0.09215
-0.02751
0.20784
-0.00107
0.11995
0.12505
-0.01501
0.04664
0.09132
0.07115
0.11143
0.01693
0.1226
0.04051
0.07557
-0.02883
0.07741
0.09874
0.09497
0.07102
0.10604
0.06376
0.00083
0.04378
0.08039
0.05913
-0.02219
0.10201
0.11244
0.07009
0.09114
0.10235
-0.02457
0.08155
0.09069
0.07569
0.12547
0.1228
-0.07417
0.09178
-0.02473
0.06771
-0.02956
0.047
0.09162
0.09199
0.07758
0.09158
0.12077
0.11136
0.0058
0.06694
0.08101
-0.02061
0.09089
0.09136
0.09106
0.09904
0.09251
0.09281
0.09733
0.09644
-0.07571
0.08086
0.05
0.02051
0.12103
-0.02184
0.09027
0.09224
