#Average flux [c/s]: 7484.3799673115545
#                                   T_start= 0 s
#                                   T_end= 1 s
#                                   CCF campionation= 1e-6 s
#                                   Fit amplitude= 0.1 s
#                                   Variable bin size= 10 ph/bin
-0.015646
-0.03228624
-0.01320142
0.00625255
-0.00747384
-0.03350871
0.00731745
-0.1008403
0.00216818
0.01765323
-0.02617137
-0.00569556
0.02886939
-0.01197609
-0.04832656
0.04322664
-0.08603919
0.03101812
-0.01966431
0.00893598
0.00886197
-0.00618865
-0.03148085
-0.00162067
-0.00413882
-0.01645496
-0.01377126
-0.00313432
-0.00517038
-0.00580994
0.04173014
-0.03249919
-0.02830048
0.04448007
-0.07224914
0.01687924
-0.0062333
-0.07480475
0.00530035
0.00555972
-0.02480505
0.00438395
-0.0191909
-0.00831538
-0.01669331
-0.01033342
0.03244825
0.01926856
-0.00190256
-0.00031444
-0.02876243
-0.01265938
-0.00352879
-0.0139099
-0.02831748
-0.00315334
-0.0062386
-0.00125659
-0.08730752
-0.02192741
-0.00503521
-0.0108679
0.04710374
-0.00124895
-0.03405578
0.01229318
-0.00657421
-0.04167445
-0.03054934
-0.02543261
0.00067692
-0.02264317
0.00894374
-0.06197658
-0.00287002
-0.00282779
0.00619166
-0.00897007
-0.00720176
0.01190774
-0.01732575
0.00184159
-0.04163199
0.09075448
0.00047349
-0.01246771
-0.01015637
0.00462677
-0.02048913
-0.0214234
-0.01386549
0.08846955
-0.03966852
0.00620006
-0.03103623
-0.0056841
-0.02414583
-0.03022074
-0.00407822
0.01346856
