#Average flux [c/s]: 9145.839956415408
#                                   T_start= 0 s
#                                   T_end= 1 s
#                                   CCF campionation= 1e-6 s
#                                   Fit amplitude= 0.1 s
#                                   Variable bin size= 10 ph/bin
0.01825621
-0.01465459
0.00484087
0.0002704
-0.00011175
-2.62e-06
0.01291202
-0.01097224
-0.00368667
-0.00595939
0.01181837
0.01064917
0.03645636
-0.00631853
-0.00448177
0.01873924
-0.01360829
-0.00015944
-0.00848052
-0.01456467
0.00319106
0.00686407
-0.01677163
-0.01102105
0.00392012
-0.01118708
0.01987491
0.01224272
-0.00952703
0.01223363
-0.00077394
-0.0050146
0.00524324
-0.01195759
0.00776618
-0.0007884
0.00906413
-0.00884259
-0.00174541
0.01004586
0.00749694
-0.00230512
0.02231296
-0.01079063
0.006528
-0.00138768
0.0015431
-0.00947551
0.00677901
-0.01477469
0.0042133
-0.01412101
-0.0019487
0.01227898
-0.02570705
0.01033048
0.00075229
-0.00462324
0.01571407
-0.01794855
-0.01265587
0.00225658
-0.00509786
-0.00706037
0.00832242
0.00220836
-0.00653557
0.02362143
-0.00369299
0.01531977
0.00072676
-0.00235651
0.00050611
-0.01968355
0.01627094
-0.00028658
-0.00261141
-0.01209586
0.00881526
-0.00901588
-0.00544685
-0.01402158
-0.02960824
-0.00285501
0.0096109
-0.00696336
0.00521678
-0.0045615
-0.02772156
-0.01817693
-0.00157036
0.00984588
-0.00287665
#999
-0.00343714
-0.00028391
0.02091324
0.00993011
-0.01416321
-0.01376269
