#Average flux [c/s]: 7937.505418885333
#                                   T_start= 0 s
#                                   T_end= 1 s
#                                   CCF campionation= 1e-6 s
#                                   Fit amplitude= 0.1 s
#                                   Variable bin size= 10 ph/bin
0.02066588
-0.00045668
0.00089786
-0.00141995
0.00143887
-5.05e-05
0.01646585
0.0047982
0.00062356
0.01097529
-0.00546453
-0.00022649
0.00168177
-0.00011148
-0.02531657
6.193e-05
0.00224242
0.00016466
-0.00018555
0.00419324
-0.00021073
-0.00249076
-0.00585054
-0.0004824
-0.00505161
0.0006806
0.00148965
0.00331358
-0.00046532
-0.01420398
-0.00226131
-0.01666456
0.02386414
-0.0077372
-0.00174876
-0.01875749
0.00458087
-0.01596604
-0.00497574
-0.01811504
-0.00020701
0.00024419
-0.09592146
0.00961848
-0.01207425
-0.0090935
0.01925758
-7.66e-05
0.00572456
-0.00204888
0.00280007
-0.00109808
0.01653218
0.00183413
-3.824e-05
-0.0015714
0.00401954
0.0125796
-0.00027249
-0.00104023
-0.00837557
-0.01372855
0.00073301
0.02973048
0.00053082
0.00761165
0.00020166
-0.01094267
0.01886087
-0.00829847
0.00025477
-0.00724076
0.02276106
0.0005633
0.00018845
-0.00430219
0.0183662
-6.796e-05
0.00052537
-0.00314731
0.00804329
-0.01088635
-0.07382104
-0.01029661
0.02109742
-0.00078592
-0.00180977
0.00057281
0.00029411
-0.02441336
-0.00052858
-0.01372593
0.00025639
-0.02488428
-0.01782901
0.01190169
-0.00320764
-0.02237727
-0.00299229
-0.00022391
