#Average flux [c/s]: 11109.383579901776
#                                   T_start= 0 s
#                                   T_end= 1 s
#                                   CCF campionation= 1e-6 s
#                                   Fit amplitude= 0.1 s
#                                   Variable bin size= 10 ph/bin
0.00208179
-0.0079199
-0.00751749
0.00164209
-0.00322606
0.00014822
-0.00748772
-0.01851892
0.00127392
0.00303175
-0.00351365
-0.00249614
-0.00807016
#999
-0.02721476
-0.00338626
-0.01450786
-0.01726432
-0.01192568
-0.00735246
-0.0218695
#999
#999
-9.764e-05
0.0039835
-0.01533308
0.00917327
0.00333807
-4.851e-05
0.00058804
-0.01403943
-0.02594402
0.00544618
-0.00293731
-0.01045375
0.00992968
-0.0092472
-0.01932171
-0.01038478
-0.0156676
0.00291973
-0.01020202
-0.00333253
-0.00893349
-0.005746
0.00021029
-0.01124702
-0.00606798
-0.01361694
-0.00619462
-1.436e-05
-0.00838541
9.907e-05
-0.01859221
-0.01289972
-0.0134723
-0.01408313
-0.00297804
#999
0.01982427
0.00156853
-0.00518852
-0.00320099
#999
#999
-0.00602841
-0.00343025
-0.01481473
-0.01074422
0.0035931
-0.00092392
-0.00921753
-0.0043345
-0.00437762
-0.00112839
0.00520659
-0.00661908
0.00555596
-0.01567604
-0.00394113
0.00402442
-0.00219402
-0.00552722
#999
-0.0063932
-0.00450702
-0.00885346
0.01193735
-0.00773551
0.00244644
-0.00227953
-0.00766484
0.00024998
0.0064682
-0.021525
-0.00114871
-0.00109292
-0.01157496
-0.00210378
-0.00061352
