#Average flux [c/s]: 8239.589053267851
#                                   T_start= 0 s
#                                   T_end= 1 s
#                                   CCF campionation= 1e-6 s
#                                   Fit amplitude= 0.1 s
#                                   Variable bin size= 10 ph/bin
0.0057023
-0.00199474
-0.00073264
-0.00569984
-0.01383006
0.01242313
-0.01389183
-0.00291748
0.00194419
-0.00460727
-0.00149166
-0.01673151
0.0020086
-0.00820952
0.01036765
0.0009507
0.00195636
-0.00646174
0.00027519
-0.00132953
-0.00154749
0.00405913
-0.00717781
0.00596657
-0.00916611
0.00918278
0.00701754
0.00794599
-0.00493455
0.00197037
0.00578586
0.00531545
0.01149734
0.01418666
-0.00193135
0.00783906
-0.01213007
-0.01403217
0.00394383
0.00185275
-0.01306756
0.00642888
-0.00356771
-0.01413465
0.01540387
0.0191513
-0.00781434
-0.0023628
-0.00162913
0.00253766
0.01379063
-0.01621254
0.01121601
-0.01472264
-0.00850277
-0.00669829
0.00396433
0.00854371
-0.01463139
-0.00468685
-0.00616073
0.00997213
0.00176034
-0.00267729
0.0033074
-0.01358778
0.00298268
-0.00810877
-0.01551635
-0.01282681
0.00661343
0.01309884
-0.00178638
0.00057891
0.00199176
0.00087081
-0.01738622
-0.00484253
0.00124099
0.01165776
-0.00314537
0.00721877
0.00393874
-0.02058153
0.00486853
-0.00923556
-0.00759011
-0.002122
0.00890896
-0.00653848
0.00816711
0.0157634
0.00656136
-0.00445783
-0.00377849
0.00271984
0.00363956
0.00937454
-0.00374483
0.00483861
