#Average flux [c/s]: 5822.919978207703
#                                   T_start= 0 s
#                                   T_end= 1 s
#                                   CCF campionation= 1e-6 s
#                                   Fit amplitude= 111 s
#                                   Variable bin size= 10 ph/bin
-0.00013
-0.00031
-0.00017
-0.00036
0.00026
-0.00033
0.0004
0.00021
0.0005
0.00015
1e-05
0.00011
0.00081
-0.00016
-0.00109
0.00057
4e-05
-3e-05
6e-05
-0.00069
-0.00018
-0.00051
9e-05
0.00016
0.0003
-0.00035
-6e-05
0.0004
3e-05
-0.00044
-0.00015
0.00057
-0.00029
-0.00043
0.00028
-0.00042
0.00045
-7e-05
0.0005
4e-05
0.00028
0.0005
-0.00032
0.00014
0.0
-0.00037
0.00044
-0.00071
-0.00019
0.00013
-0.00013
0.0
-0.0002
3e-05
0.00015
0.00044
7e-05
-5e-05
-0.00017
0.0007
0.00032
0.00014
-0.0004
0.00018
0.0011
-0.00015
-0.00051
-0.00029
-0.00026
-0.00032
-0.00031
-0.00022
-0.00029
-0.00012
-0.00046
-0.00015
0.00046
-0.00024
-1e-05
-0.0005
3e-05
-0.00048
0.00012
-0.00044
0.00149
-9e-05
-0.00015
0.0004
-0.00079
0.00032
0.00061
-0.00043
0.00061
-0.00057
0.00019
0.00048
-0.00069
0.00065
-0.00031
0.00018
