#Average flux [c/s]: 7031.254515737777
#                                   T_start= 0 s
#                                   T_end= 1 s
#                                   CCF campionation= 1e-6 s
#                                   Fit amplitude= 111 s
#                                   Variable bin size= 10 ph/bin
0.0019
0.03818
0.00182
0.05221
0.08039
0.03968
0.01881
0.02259
0.03615
0.01295
0.00161
-0.00348
0.04466
0.02573
0.03816
0.02718
0.00571
0.0357
-0.00028
0.04836
-0.06691
0.05325
-0.01843
0.0913
0.00839
0.02247
0.0099
0.00296
0.04917
0.02507
0.08081
0.03913
-0.02367
-0.08621
0.06819
-0.00237
0.05166
0.03541
0.03953
0.04792
0.04979
0.01421
0.08252
-0.01376
-0.01927
0.0358
-0.0656
0.0092
0.01134
0.01084
-0.01346
-0.01718
0.06826
0.00182
0.03612
-0.012
0.02512
0.00021
-0.01359
0.00647
0.00529
-0.06549
0.08095
0.0027
0.02965
0.01581
0.03832
0.0488
0.07958
-0.01524
0.03762
0.02293
0.04857
-0.01349
0.07174
0.00299
0.01173
0.0672
0.01809
-0.01841
0.04658
0.04552
0.02802
0.02336
0.01768
0.01319
-0.01847
0.04086
0.03785
0.01195
-0.01485
0.00213
-0.0185
0.00881
0.02228
0.01037
-0.04502
-0.02719
0.08092
0.03846
