#Average flux [c/s]: 6578.129064163999
#                                   T_start= 0 s
#                                   T_end= 1 s
#                                   CCF campionation= 1e-6 s
#                                   Fit amplitude= 0.1 s
#                                   Variable bin size= 10 ph/bin
0.00674132
0.0259523
0.02463686
0.00141978
0.0153702
-0.00902567
-0.00080967
-0.01655163
0.0006009
0.12697551
0.00801549
0.01552946
0.00988543
-0.02402148
0.00321592
0.00527002
0.02799556
0.01175208
-0.00965853
-0.00830415
0.00307438
0.01482686
0.01281427
-0.09758413
0.01168753
0.01160811
-0.0272981
0.02376961
-0.00313642
0.01488774
-0.00179334
0.01274226
0.01337367
-0.02611909
-0.02083492
0.03371763
0.0184263
-0.00900666
0.00723367
-0.00351835
0.02266314
0.00823501
-0.01553316
0.002507
0.0094043
-0.00842035
0.03189057
0.00690788
-0.01163876
-0.03156831
-0.01711685
0.01160382
0.00961999
-0.03407122
0.03225429
0.01717641
-0.005622
0.01247965
0.00945745
-0.00504944
0.01804836
0.01211336
0.00057773
-0.02424668
-0.01634838
0.01358291
0.01342381
0.00364757
-0.08313933
-0.0036806
0.00968638
9.121e-05
0.06133986
0.01130148
-0.00039964
-0.01426347
-0.00615619
-0.00944804
0.02739762
0.05262485
0.00538039
0.00322188
-0.01658536
-0.01190291
0.01014945
0.00474804
0.01577833
0.02090267
0.02243859
-0.04109476
0.0105618
0.03531329
0.01864167
-0.00282169
-0.00493152
-0.00163957
-0.00620063
0.02513746
0.02849021
0.01142993
