#Average flux [c/s]: 17302.098084743404
#                                   T_start= 0 s
#                                   T_end= 1 s
#                                   CCF campionation= 1e-6 s
#                                   Fit amplitude= 0.1 s
#                                   Variable bin size= 10 ph/bin
-0.00885879
-0.00173486
-0.00712742
-0.0042406
0.00097391
-0.00856074
-0.00835435
0.00440423
0.00377384
0.00905546
0.00046553
-0.00222405
0.00402595
-0.00477107
-0.00508953
-0.00294646
0.00468945
-0.00046322
-0.00479661
0.00544679
0.01224643
0.00923149
0.00318051
-0.00819794
-0.0126808
0.0036216
0.00342606
-0.00206049
-0.00763286
0.0010608
0.00197234
0.00959177
-0.00422661
-0.00236024
-0.00877227
0.00664647
-0.00760933
-0.00020951
-0.00159444
-0.00175723
-0.00838314
0.00585255
-0.00715382
0.00803138
-0.0044672
-0.00325585
0.01017456
0.00284799
-0.00281189
-0.00806413
0.0060075
0.00667299
9.305e-05
-0.00071109
0.00380629
-0.01301537
-0.01315775
-0.00400974
-0.00464439
-0.00641375
-6.728e-05
0.0025135
#999
0.00051234
-0.00069169
3.055e-05
0.00315125
-0.00373415
-0.00763196
-0.00678153
-0.01290836
0.00846337
-0.00076967
0.00616199
0.00620055
-0.00327778
-0.00402438
-0.01054082
-0.00288885
-0.00265444
0.00566285
-0.00111047
0.0021317
0.00950741
-0.00656279
-0.00320969
0.00341147
-0.00440844
-0.00772246
0.0058281
-0.00591635
0.00021437
0.00878915
0.00501526
-0.00822729
-0.00627776
-0.00652941
-0.00213495
0.00027247
0.0040603
