#Average flux [c/s]: 4765.627257868888
#                                   T_start= 0 s
#                                   T_end= 1 s
#                                   CCF campionation= 1e-6 s
#                                   Fit amplitude= 111 s
#                                   Variable bin size= 10 ph/bin
-0.00163
0.05029
0.01048
-0.04442
0.0087
0.01683
-0.03942
0.04813
-0.05021
0.0153
0.05588
-0.04053
-0.04759
-0.03974
-0.0001
0.04418
0.0163
0.04726
-0.00164
0.00154
-0.00102
-0.04982
0.03844
-0.04848
-0.04336
0.04523
0.00198
-0.03828
0.01099
0.0
-0.0026
0.00973
0.00098
0.0444
-0.04091
0.04651
-0.01603
-0.0475
0.00321
0.01432
-0.0151
-0.06695
-0.03098
-0.0001
-0.03961
0.05125
-0.00127
-0.04868
0.01642
-0.06979
0.01483
-0.04862
0.04794
0.00241
0.00119
0.00212
0.04745
-0.05871
-0.04803
0.0203
-0.05088
0.03472
-0.03952
-0.00667
-0.02643
-0.02562
0.13165
-0.0474
-0.04133
-0.00741
-0.05362
-0.03975
0.01846
-0.04914
-0.06297
-0.01662
0.05154
0.00454
-0.03821
-0.04065
-0.03623
0.02628
-0.04194
-0.02596
0.03838
-0.04
-0.05898
-0.04831
0.01665
-0.02453
-0.03819
0.0479
-0.04601
-0.00195
-0.0599
0.00643
0.08706
-0.00049
0.00674
-0.01594
