#Average flux [c/s]: 8843.756322032888
#                                   T_start= 0 s
#                                   T_end= 1 s
#                                   CCF campionation= 1e-6 s
#                                   Fit amplitude= 111 s
#                                   Variable bin size= 10 ph/bin
0.0002
-0.00046
-0.00025
-2e-05
-0.0003
-4e-05
-0.00015
0.00025
-0.00019
-0.0003
-0.0001
-4e-05
1e-05
-0.0001
-0.00015
0.00024
3e-05
-0.00016
-0.0002
-7e-05
-0.00024
-0.00018
8e-05
-6e-05
0.0002
-1e-05
0.00031
0.00012
-1e-05
0.0001
-0.00013
-9e-05
-0.00032
-0.00017
0.00022
-0.00014
7e-05
-3e-05
0.00012
-4e-05
-4e-05
-8e-05
-0.00058
-2e-05
5e-05
0.00054
2e-05
0.00023
-9e-05
-0.00023
0.00011
4e-05
-4e-05
6e-05
0.00025
0.00043
-8e-05
0.0002
7e-05
-0.00019
-0.00023
-0.00041
0.00038
-8e-05
0.00022
0.00011
9e-05
-0.00044
-0.00017
0.00014
0.00012
1e-05
0.00018
7e-05
4e-05
-0.00021
0.00015
0.00029
0.0
-9e-05
0.00034
-0.00014
2e-05
4e-05
0.00017
-7e-05
0.00011
-0.00015
0.00021
5e-05
-0.00017
-0.0002
1e-05
0.00018
0.00014
9e-05
9e-05
-0.00025
-4e-05
-0.00021
