#Average flux [c/s]: 10656.258128328001
#                                   T_start= 0 s
#                                   T_end= 1 s
#                                   CCF campionation= 1e-6 s
#                                   Fit amplitude= 0.1 s
#                                   Variable bin size= 10 ph/bin
0.02580555
0.0092399
0.00548764
0.01648287
0.01571699
0.00256617
0.00702509
0.01678024
0.01440723
0.01052358
0.01187239
#999
0.02313806
0.00625727
0.00695094
0.02124531
0.00464179
#999
#999
-0.01156702
-0.00416026
0.00927968
0.00987375
0.02130925
#999
-0.00533693
0.018721
0.01116359
0.01214914
0.00898315
#999
0.00801842
0.01670352
0.00346279
0.01311439
0.00806652
-0.00983314
0.00916072
0.00807753
0.01728377
0.01010683
0.02168162
0.03237516
0.02810084
0.02672128
0.02130601
0.00801516
0.0107443
0.01290653
0.02205735
0.01275937
0.01834539
0.01365131
-0.00305661
0.02016134
0.03057743
0.01586261
0.01241028
0.00011561
0.02478095
0.0051025
0.01457076
-0.00713701
0.01517749
0.02018353
-0.00174613
0.01288429
0.02654452
0.00835869
0.02404295
0.00752492
0.00654252
0.01858346
0.00697299
0.01655914
#999
0.02317469
0.01092847
0.00375774
0.00290257
0.02382137
0.02392335
0.01798925
-0.00164677
0.00694931
0.01440059
-0.00029768
-0.00679095
0.02110224
0.01560174
0.01468037
0.0101121
0.00586464
0.01239562
0.01330274
0.00518727
0.00108167
0.00150175
0.01955039
0.00394511
