#Average flux [c/s]: 13677.094472153185
#                                   T_start= 0 s
#                                   T_end= 1 s
#                                   CCF campionation= 1e-6 s
#                                   Fit amplitude= 111 s
#                                   Variable bin size= 10 ph/bin
0.00017
-0.03688
-0.00518
-0.01948
-0.02207
-0.03754
-0.03194
0.00889
-0.01456
0.00241
0.0017
-0.00019
0.00079
-0.0512
-0.03209
-0.00769
-0.07819
-0.00375
-0.02487
-0.0022
0.00788
0.0086
-0.05579
-0.06133
-0.02109
0.00194
-0.03678
0.00875
-0.07915
-0.00225
0.02716
-0.00227
-0.03139
-0.04072
-0.03634
0.00213
-0.03756
-0.06125
-0.02335
-0.01693
0.00884
0.00912
-0.00171
-0.0257
-0.07925
0.00858
0.03025
-0.05858
-0.02437
-0.03222
-0.02437
-0.0319
-0.0792
-0.01766
0.01992
-0.07872
-0.0403
-0.03616
0.00862
-0.07978
-0.03507
-0.02466
-0.03186
-0.01643
0.00373
-0.0191
-0.03883
0.03355
0.00836
-0.05388
-0.05907
-0.03276
0.00889
0.0198
-0.03378
-0.06079
-0.03183
0.00926
-0.0171
0.00924
-0.00542
-3e-05
-0.01612
-0.03197
-0.03662
-0.00167
-0.05421
-0.01751
-0.00572
-0.03162
-0.00395
0.02117
-0.03615
-0.0033
-0.03208
-0.0323
-0.00013
0.00896
-0.0315
-0.02405
