#Average flux [c/s]: 11864.592665858074
#                                   T_start= 0 s
#                                   T_end= 1 s
#                                   CCF campionation= 1e-6 s
#                                   Fit amplitude= 111 s
#                                   Variable bin size= 10 ph/bin
7e-05
-6e-05
0.00017
-0.00011
0.00012
-0.00012
0.0
0.00014
-0.00017
-5e-05
-0.00012
-0.00017
0.00011
-8e-05
-0.00017
-8e-05
-1e-05
6e-05
-3e-05
0.00013
-0.00017
-0.00019
0.00018
8e-05
-0.00013
3e-05
0.00018
3e-05
0.00016
0.00014
-8e-05
-4e-05
0.0001
7e-05
6e-05
-8e-05
-1e-05
8e-05
0.00013
-6e-05
1e-05
-0.00031
0.00016
-6e-05
-8e-05
-2e-05
-8e-05
-9e-05
-1e-05
5e-05
-1e-05
6e-05
-1e-05
-8e-05
0.0
-0.00013
-0.00012
1e-05
-0.00012
0.00028
-0.00012
-1e-05
-5e-05
6e-05
-0.00028
-4e-05
0.00013
-3e-05
-0.00027
0.00011
-0.00016
6e-05
-8e-05
0.00011
-6e-05
-7e-05
-0.00013
0.00011
0.0002
-7e-05
1e-05
0.0001
-2e-05
-8e-05
1e-05
-7e-05
2e-05
2e-05
0.00032
9e-05
-0.00011
7e-05
1e-05
1e-05
-0.00023
-0.00018
-0.00012
-0.00012
2e-05
-4e-05
