#Average flux [c/s]: 14432.303558109481
#                                   T_start= 0 s
#                                   T_end= 1 s
#                                   CCF campionation= 1e-6 s
#                                   Fit amplitude= 0.1 s
#                                   Variable bin size= 10 ph/bin
0.00284593
-0.00791921
-0.00239124
-0.01993509
#999
-0.0025451
-0.00046866
-0.00369755
-0.0085628
-0.00964344
0.00140996
0.0016923
-0.00528951
0.00684656
0.001288
-0.01044387
-0.00302565
0.00124073
0.00565996
0.00377559
-0.00816673
-0.0006394
#999
-0.00551475
-0.00399982
0.00231517
#999
-0.00506955
0.00853535
-0.01048743
0.0146201
-0.00814007
5.164e-05
-0.00253146
-2.786e-05
0.00814952
0.00742183
-0.00483188
0.01235725
-0.00037235
-0.00091299
0.00987779
0.00223495
-0.00142733
0.00046824
-0.00193911
-0.00012718
-0.00068537
-0.0053254
#999
-0.00719958
-0.00195636
-0.00383817
-0.00124324
-0.0017644
0.00241462
0.00596371
0.01413349
0.00545784
0.00155804
0.00246879
0.00387379
-0.00051303
-0.00531419
0.00216821
0.00193464
0.00752219
-0.00039433
-0.00200957
0.00281095
-0.0036294
-0.00553371
0.00601539
0.00656895
0.00616556
-0.01142766
0.00168207
-0.0077529
-0.0072254
#999
0.00767763
-0.0046565
0.00682925
-0.00210027
0.00519081
-0.00555987
-0.00255033
0.00205074
0.00014588
0.00522302
-0.00104181
-0.00409164
-0.00178878
0.01093449
-0.00284342
-0.00453603
-0.00088557
0.00528621
-0.00581124
#999
