#Average flux [c/s]: 12015.634483049334
#                                   T_start= 0 s
#                                   T_end= 1 s
#                                   CCF campionation= 1e-6 s
#                                   Fit amplitude= 0.1 s
#                                   Variable bin size= 10 ph/bin
#999
#999
-0.02892478
-0.00020166
0.01055449
0.01333218
0.00969021
0.01455715
-0.00475629
0.00897862
-0.01043998
-0.00549157
0.00799161
0.01347026
0.0133653
0.00536464
-0.00153895
0.01266862
0.01173943
#999
0.00431673
0.02326365
-0.00605812
#999
0.00226702
-0.0020525
0.02472677
0.00587996
#999
0.01085982
0.00460214
0.01310716
0.01811154
0.00254173
-0.00389962
0.00453739
0.01807363
0.01961754
0.01410037
-0.00621107
0.01084329
0.01873535
0.01892404
0.01414314
0.01283197
0.00426721
0.02178039
0.01649593
-0.00596295
0.01095467
0.01302248
0.01385609
0.01513375
0.01492744
0.01882248
0.01593618
0.00380099
-0.00307557
0.01670421
0.00505146
0.01198813
-0.00524192
0.00220593
0.00643088
-0.00477927
0.01367057
-0.00358189
-0.00148549
0.00555845
0.00299979
0.00901496
0.00597037
0.01195472
0.00421419
0.01894488
0.00430754
0.01111168
0.01300816
0.01911751
0.01661161
0.01435975
0.00629216
-0.00490504
-0.0048437
0.01433893
0.02655594
0.00102919
0.00376913
-0.00962224
0.00338235
-0.00279779
0.00078211
0.00973012
0.010799
-8.863e-05
0.00155439
0.01564908
0.00621658
-0.00203358
0.0108029
