#Average flux [c/s]: 9598.965407989182
#                                   T_start= 0 s
#                                   T_end= 1 s
#                                   CCF campionation= 1e-6 s
#                                   Fit amplitude= 111 s
#                                   Variable bin size= 10 ph/bin
0.03372
0.01351
-0.0246
0.0123
0.03277
-0.01837
-0.03799
0.00676
-0.04247
0.03475
0.00501
0.01386
-0.00644
0.0155
-0.00115
-0.04187
-0.03755
-0.02508
-0.00619
0.0034
-0.0052
0.03574
-0.04187
-0.04724
0.00419
0.0231
0.05544
0.00523
-0.00533
0.0082
-0.0456
-0.00198
0.01381
-0.00567
-0.04036
-0.02474
0.0153
-0.0635
-0.04268
-0.07852
0.04013
-0.04172
-0.00198
-0.02388
0.01371
-0.04199
-0.02526
-0.03273
0.05047
-0.00622
-0.04165
-0.00558
0.06841
0.00731
-0.00614
0.00611
-0.00721
-0.0413
0.00535
-0.04273
-0.02333
0.01379
-0.00622
-0.03917
-0.03425
0.05511
0.00846
-0.057
-0.00354
-0.0415
0.00519
-0.05246
0.00479
0.01361
-0.02461
-0.00573
-0.03502
-0.0409
-0.06367
-0.04169
-0.0004
0.00722
-0.00379
0.01429
-0.00769
-0.04184
-0.02479
0.00628
-0.03921
0.00097
-0.01804
-0.00692
0.04362
0.01378
0.01375
-0.03971
-0.02995
0.05751
-0.02336
-0.03865
