#Average flux [c/s]: 6427.08724697274
#                                   T_start= 0 s
#                                   T_end= 1 s
#                                   CCF campionation= 1e-6 s
#                                   Fit amplitude= 0.1 s
#                                   Variable bin size= 10 ph/bin
0.00299742
0.01886704
-0.00247244
0.00359909
0.00358634
-0.01182262
-0.00243409
0.07619094
0.08308998
0.0011157
-0.00068051
-0.00218398
0.00076152
-0.07489713
-0.00093352
0.08762769
0.03237996
-0.01818354
-0.02879568
0.00035306
0.00443969
0.00417617
-0.00816412
0.0001784
0.00938931
-0.01655301
-0.00074046
-0.00465926
0.00299198
0.00481927
0.07607487
0.00567934
-0.0813744
-0.00282339
-0.01252317
0.00966381
0.00910003
-0.00884895
0.00520708
0.00161911
0.07508809
0.00019491
0.00394294
0.01458467
-0.00055573
-0.00482154
-0.01643403
-0.00081314
-0.00010583
-0.07665083
-0.00588899
-0.01870985
-0.00417159
-0.00429797
0.08359931
-0.00222036
-0.00968991
-0.00913179
0.00459198
-0.00332197
-0.00189854
-0.00300352
-0.00073304
-0.01760421
0.09832626
0.00048028
0.02610816
-0.00149016
-0.00113207
0.08510638
0.01695409
0.00041954
0.01894361
-0.00014733
0.01190607
0.00020742
0.00042807
0.01580612
-0.00061925
0.0176058
0.00032376
7.942e-05
0.00721097
-0.00441629
-0.00206592
0.00082383
-0.00900637
0.00103557
-0.00947788
0.00909146
0.01386368
-0.01003073
0.00018299
0.00549617
-0.01750561
0.00106673
0.00306498
-0.00294899
-0.01084139
0.00231647
