#Average flux [c/s]: 14281.26174091822
#                                   T_start= 0 s
#                                   T_end= 1 s
#                                   CCF campionation= 1e-6 s
#                                   Fit amplitude= 0.1 s
#                                   Variable bin size= 10 ph/bin
#999
#999
0.01154766
#999
0.01088118
0.00910637
0.00397944
0.00770203
0.01641118
0.00687454
-0.00130278
0.0083725
0.00410841
#999
0.00681988
0.00626376
0.0065258
0.00571291
-0.00337222
0.00658483
-0.00027011
0.00998075
0.01353593
-0.00053606
-0.00341612
0.01131636
-0.00633405
0.01174177
#999
0.0116021
0.01039336
0.00511673
0.00572965
0.01010909
0.01397744
#999
0.00512014
0.01971015
0.01488695
0.01348323
0.00439715
0.01058818
0.01092011
-0.0018315
0.01787145
0.01584126
0.01404693
0.02112382
0.0110204
0.01746516
0.0114305
0.01374892
0.00430632
0.00952425
0.00567745
0.02121968
-0.00948489
#999
0.00836374
#999
0.00219779
0.01434599
0.00909458
0.00534276
0.01291053
#999
0.00910401
0.01078347
0.00191698
#999
0.015625
0.00728627
0.00982951
0.00146986
-0.00055923
#999
0.00231749
0.01618112
0.015193
#999
0.00356373
0.01091919
0.01328506
0.00384769
0.00319533
0.01400655
#999
0.00423898
0.00793661
#999
0.02115345
0.00413752
0.01011697
0.00510219
0.01748296
0.01438776
0.00911148
0.00663475
0.01667837
#999
