#Average flux [c/s]: 16093.763547213332
#                                   T_start= 0 s
#                                   T_end= 1 s
#                                   CCF campionation= 1e-6 s
#                                   Fit amplitude= 111 s
#                                   Variable bin size= 10 ph/bin
0.01636
0.00518
-0.02601
-0.02585
-0.02544
-0.02037
-0.02576
-0.03553
0.01
0.01441
0.01063
0.00448
-0.02598
0.02556
0.0051
-0.0024
-0.00214
-0.00761
-0.00608
0.01473
0.01373
-0.01923
-0.00544
0.02601
-0.00197
0.01588
0.01046
-0.00225
0.01546
0.02011
-0.00561
0.03346
0.0093
-0.01867
-0.00563
-0.02807
0.02574
0.03824
-0.01235
-0.02279
-0.0255
0.01094
-0.03038
-0.01444
0.01087
0.01124
-0.01711
0.01542
-0.01008
0.02328
-0.02778
0.0064
-0.02531
-0.0184
-0.03045
-0.01179
-0.02583
0.02082
0.01604
-0.07002
-0.03125
0.01708
0.01167
-0.02587
0.03321
-0.02748
-0.04607
-0.00161
-0.02565
0.01413
-0.02538
-0.0361
-0.00223
0.0146
-0.00859
-0.03149
0.01053
-0.01128
0.01071
-0.00079
-0.00156
0.02639
0.01659
-0.00659
-0.00135
0.01475
-0.01207
0.01091
-0.02586
-0.0257
0.01452
0.01573
0.01109
-0.00134
0.00545
0.01091
0.01434
-0.02798
-0.00227
-0.0022
