#Average flux [c/s]: 10656.258128328001
#                                   T_start= 0 s
#                                   T_end= 1 s
#                                   CCF campionation= 1e-6 s
#                                   Fit amplitude= 0.1 s
#                                   Variable bin size= 10 ph/bin
0.00159664
-0.00240034
-0.00536951
0.02234959
0.00173208
-0.0003323
0.00456827
0.00034012
-0.00324688
0.01050812
-0.0059259
-0.00450146
-0.00485792
-0.0061797
-0.01227322
-0.00366392
-0.0006182
0.00011965
0.00490716
-0.00055173
-0.00181983
0.00336
-0.00138466
0.00877969
0.00546189
0.01984469
0.01337877
0.00186742
0.00164012
0.00668064
0.00383024
1.267e-05
-0.00219906
0.00568852
-0.0070171
-0.0113304
0.00786014
-0.00062234
-0.00356733
0.00636811
0.01788114
0.01119489
0.00139294
0.00147279
-0.00125431
0.00751289
0.00493228
0.00090339
0.009729
-0.00190782
0.00105391
0.00167574
0.00111607
0.00528435
-0.00198205
-0.00243758
-0.0042986
0.00990453
0.00052237
-0.01608982
0.02267791
0.00629234
0.00572764
0.00135997
0.00082647
0.00782246
-0.0066593
0.00883659
0.00542735
-0.00279206
-0.0012846
-0.01172623
0.00272667
-0.00268088
0.00355635
-0.00457357
-0.01460136
0.01262052
0.00032602
0.01202552
-0.00215618
0.00522691
-0.01080149
0.00687273
-0.01057103
0.00473262
0.00049714
0.01236871
-0.00496606
-0.00250505
0.00382222
-0.00537456
-0.00877683
-0.00257396
-0.00071147
-0.00422371
0.00955448
-0.00234952
-0.00556114
0.00666809
