#Average flux [c/s]: 11260.425397093037
#                                   T_start= 0 s
#                                   T_end= 1 s
#                                   CCF campionation= 1e-6 s
#                                   Fit amplitude= 0.1 s
#                                   Variable bin size= 10 ph/bin
0.00201384
-0.01727817
0.00248563
-0.00575637
-0.01092767
0.00724117
-0.00100422
-0.00174668
-0.00751027
-0.00227234
-0.00200106
-0.00789224
0.00724696
-0.01293879
-0.00206098
-0.00411981
0.00325916
-0.00978692
#999
-0.02697392
0.00644298
-0.00309017
#999
-0.00016255
-0.00040314
-0.02157132
0.01039712
-0.01244858
-0.00568935
0.00212407
-0.00779803
-0.01161079
0.00887015
-0.00626774
0.00625612
-0.00795472
0.00795729
0.00031104
0.00285218
#999
-0.00087949
0.00104138
0.00720717
-0.00683158
#999
-0.01042316
-0.00034857
-0.0016436
-0.00306795
-0.00094858
-0.00759996
0.00124981
-0.00997192
0.00549467
0.00396289
0.003832
0.00819322
-0.00306456
-0.00978445
-0.01027591
-0.00098874
0.01051919
-0.01355848
#999
-0.00135591
0.00174066
-0.00131633
0.00039007
0.00898675
-0.01330514
-0.00603338
-0.00664808
0.00263066
#999
0.00618465
-0.00549219
-0.01098735
0.00118339
-0.01389495
0.00321174
-0.00677782
-0.00153285
0.00367039
-0.00213181
0.00271712
0.01360818
#999
0.00980855
-0.00586019
0.00275644
0.00085802
0.01681993
-0.00475108
0.00870047
-0.01387543
-0.01322851
-0.00413078
-0.01209774
-0.0027452
0.01645963
