#Average flux [c/s]: 13375.010837770667
#                                   T_start= 0 s
#                                   T_end= 1 s
#                                   CCF campionation= 1e-6 s
#                                   Fit amplitude= 111 s
#                                   Variable bin size= 10 ph/bin
6e-05
0.00014
1e-05
3e-05
-5e-05
-8e-05
5e-05
-1e-05
3e-05
-1e-05
-8e-05
-2e-05
0.00014
8e-05
0.00016
-0.0001
-6e-05
2e-05
9e-05
5e-05
3e-05
4e-05
-1e-05
2e-05
1e-05
-5e-05
-0.00013
0.0
-5e-05
-5e-05
0.00016
0.00019
5e-05
-0.00012
-0.00014
-0.00025
1e-05
-0.00016
6e-05
-3e-05
-8e-05
-5e-05
0.00018
0.0
6e-05
2e-05
-1e-05
0.0
7e-05
-0.00013
2e-05
0.00028
0.0002
-2e-05
0.0
-9e-05
-0.00016
-0.00017
5e-05
-2e-05
-3e-05
2e-05
-0.00013
-6e-05
3e-05
3e-05
9e-05
-8e-05
7e-05
1e-05
-3e-05
0.00011
2e-05
-0.00015
-7e-05
1e-05
4e-05
-0.00018
0.00018
6e-05
-0.00017
-0.00022
0.00011
-0.00012
0.00014
-0.00013
-0.0002
-0.00014
-8e-05
0.0001
2e-05
5e-05
-6e-05
-0.00015
9e-05
0.00013
0.00013
-0.00037
0.00011
-5e-05
