#Average flux [c/s]: 11562.509031475554
#                                   T_start= 0 s
#                                   T_end= 1 s
#                                   CCF campionation= 1e-6 s
#                                   Fit amplitude= 0.1 s
#                                   Variable bin size= 10 ph/bin
0.01134001
-0.00126319
0.01809816
-0.01329718
0.01510974
-0.00959762
0.0053454
0.01349015
0.00097132
0.01510053
0.00399339
-0.01409813
0.00298048
-0.01430965
-0.00027386
0.01010284
-0.00452465
0.00578424
0.01353183
0.00108924
-0.0027626
-0.00412498
0.00907059
-0.00417737
0.00418769
0.00179998
0.00489198
#999
0.00713714
0.01267099
-0.01151411
0.00040509
-0.01521405
0.00137649
0.01075828
-0.00781119
-0.00351624
-0.00413348
-0.00549653
#999
0.02252521
-0.02152875
0.01000456
0.01806174
0.00365644
0.006496
0.01203568
0.0043761
0.00359219
0.01370618
-0.00084795
-0.00203535
0.00899127
0.0127891
0.01405279
0.00195612
0.00881364
-0.01178203
0.00130593
-0.00145782
0.01027107
#999
0.00157937
#999
-0.00963742
-0.01285771
0.01199454
-0.0121513
-0.00507543
0.00775766
0.00160174
0.00476496
0.00865437
0.01620153
-0.00670576
0.00487187
0.0137973
0.01132705
-0.00535076
0.01965709
0.01207373
-3.14e-05
0.01164012
0.00740089
-0.0008585
-0.00075469
-0.00201172
#999
-0.00752579
-0.00244436
0.00694957
0.00439528
0.00116623
0.00886883
0.01535367
-0.00259722
0.00607814
-0.00090766
-0.00895364
0.00718345
