#Average flux [c/s]: 7786.463601694074
#                                   T_start= 0 s
#                                   T_end= 1 s
#                                   CCF campionation= 1e-6 s
#                                   Fit amplitude= 0.1 s
#                                   Variable bin size= 10 ph/bin
0.01846004
0.01900247
0.02469218
0.02097515
0.02850671
0.009788
0.00014637
0.02768269
0.00292063
-0.09647962
0.04084098
0.02276276
0.05728243
0.04431909
-0.00229945
-0.00054577
0.04096896
-0.01154179
0.01137198
-0.00779488
-0.00367168
0.03110336
0.00861719
0.04229577
0.04361734
0.02098621
0.01653481
0.02008934
0.01843231
0.01243674
0.01740132
0.01112046
0.01691962
0.02393317
0.00767163
0.04365157
0.00071671
0.02620776
0.02474907
0.03853397
-0.00422821
0.01810781
0.0094555
0.01939612
0.03689553
0.01830392
0.02281291
0.01641205
0.00988473
-0.00857848
-0.0237543
0.00786375
0.01792381
0.01390275
0.00979289
0.0312464
0.00636378
0.03310009
0.01465491
#999
0.0042657
0.01570693
0.11328037
0.02373609
0.04406641
0.0110384
-0.00026171
0.0213702
0.00640943
0.0477663
0.0032088
#999
0.03146484
-0.0028658
0.04815243
-0.00368505
0.02741954
0.00319156
0.01767224
-0.01673835
0.02624359
0.01678052
0.04407598
0.016039
0.0205738
0.01436971
0.01552019
0.01462469
0.00831521
0.02825279
0.04950891
0.01839317
0.0323359
0.04148623
0.00722879
0.01834565
0.02958254
0.01960551
0.03539246
0.0192616
