#Average flux [c/s]: 4161.459989103852
#                                   T_start= 0 s
#                                   T_end= 1 s
#                                   CCF campionation= 1e-6 s
#                                   Fit amplitude= 111 s
#                                   Variable bin size= 10 ph/bin
-0.00024
0.00129
-0.00107
2e-05
0.00025
0.00031
8e-05
-0.00037
0.00028
0.00015
0.00051
5e-05
0.00062
0.00052
-0.00076
-0.00011
0.00112
-8e-05
9e-05
0.00031
-0.00114
0.00056
0.00037
0.00017
0.00015
0.00092
1e-05
-0.00033
0.00053
8e-05
-0.00024
-0.00051
-0.00032
0.00061
-0.00072
0.00052
0.00058
-0.00028
0.00069
-0.00012
0.00036
-0.00033
-0.00016
-0.00017
-0.00065
0.00029
-1e-05
2e-05
0.00065
-0.00065
-3e-05
-0.0003
0.00036
-0.00034
-0.0001
0.00029
-5e-05
3e-05
0.0
0.00035
-0.00045
0.00046
9e-05
0.00084
-0.00015
6e-05
0.00018
0.00032
0.00089
-0.00013
0.0001
-1e-05
0.00019
0.00026
0.00033
0.00023
0.00018
-0.00039
-0.00124
-0.00088
0.00075
-0.00039
0.00108
-0.00016
7e-05
0.00034
0.00026
0.00027
-0.00063
-0.00044
0.00012
0.00072
-0.00088
0.0
-0.00054
-5e-05
0.00069
-0.00027
-2e-05
-0.00015
