#Average flux [c/s]: 16848.972633169626
#                                   T_start= 0 s
#                                   T_end= 1 s
#                                   CCF campionation= 1e-6 s
#                                   Fit amplitude= 111 s
#                                   Variable bin size= 10 ph/bin
0.00033
0.00895
0.01757
-0.00432
0.01684
-0.0111
-0.01476
-0.01374
-0.01128
-0.00126
-0.03577
-0.01375
0.01598
-0.01147
0.01699
0.01693
0.02776
0.01634
5e-05
0.03865
-0.00532
0.00689
0.01715
-0.01329
0.00234
-0.01428
-0.00434
-0.015
-0.0113
-0.01366
-0.01335
0.01603
0.01679
-0.00478
0.02867
0.01742
0.01594
0.01628
0.00018
0.01589
-0.03624
-0.01373
-0.00479
-0.00479
-0.00041
-0.04275
0.01647
0.01643
0.02076
-0.00451
-0.02039
0.01685
-0.01365
0.01671
0.02104
-0.01294
0.01607
-0.02325
-0.00492
0.01598
-0.00494
-0.01271
-0.00504
-0.01369
-0.00553
-0.00054
0.01628
0.01633
-0.01382
0.00789
0.01027
-0.00513
0.01729
-0.01432
-0.00468
0.01002
-0.01517
0.0254
0.03886
-0.00543
-0.00046
-0.01604
-0.0136
0.01665
0.03192
-0.0115
-0.0135
0.02116
5e-05
0.0167
0.01684
-0.01269
-0.01358
0.01712
-0.00281
0.01241
-0.00038
0.01606
0.01648
0.0
