#Average flux [c/s]: 3557.2927203388144
#                                   T_start= 0 s
#                                   T_end= 1 s
#                                   CCF campionation= 1e-6 s
#                                   Fit amplitude= 111 s
#                                   Variable bin size= 10 ph/bin
0.00022
-0.00094
-0.00019
-0.00035
-0.00014
0.00122
-0.0011
0.00044
0.0
-0.00151
0.00096
-0.0006
-0.00085
-0.00121
-0.0006
0.00067
0.00089
-0.00117
-0.00133
0.00031
-4e-05
0.00067
-0.00033
0.00033
-0.0016
-0.00016
-0.00094
0.00102
0.00045
-0.00098
0.00098
-0.00021
0.00058
-0.00034
0.0017
0.00093
-0.00011
0.00033
0.00142
-0.00098
0.00092
0.00014
0.00106
-0.00029
-0.00019
-0.00042
0.00018
0.00038
-0.00026
-0.00012
0.00033
9e-05
-0.00041
-0.00073
-0.00018
0.00019
-0.00051
-1e-05
-0.00038
0.00074
-0.00015
0.00077
0.00064
-0.00114
1e-05
0.00148
0.00049
-0.00083
-0.00098
-0.00067
0.00139
0.00023
-0.0007
0.00073
0.00074
3e-05
-0.00038
0.00022
-0.00113
-9e-05
-0.00012
-0.00055
-0.00042
0.00016
-0.00063
0.0
-0.00062
-0.00173
-7e-05
0.00143
0.00015
-0.00162
-0.00148
-0.00016
-0.00053
0.00045
-0.00015
-0.00051
-0.00097
0.00064
