#Average flux [c/s]: 14130.219923726961
#                                   T_start= 0 s
#                                   T_end= 1 s
#                                   CCF campionation= 1e-6 s
#                                   Fit amplitude= 0.1 s
#                                   Variable bin size= 10 ph/bin
-0.00377181
-0.00073349
0.01045157
#999
0.00111426
-0.01152088
0.0098149
-0.00679565
0.00969297
-0.00544425
0.00893771
0.00771011
#999
0.0082108
#999
0.01117055
0.00405939
-0.00525606
0.00825979
-0.01072401
#999
0.00366492
0.00767988
2.91e-06
#999
0.00059881
-0.0034196
-0.0050753
0.00076914
-0.01044553
0.00552959
0.01144261
-0.00018856
#999
0.01212255
0.01707278
#999
0.00076291
-0.00180784
#999
-0.00089436
0.00674881
0.01027673
-0.00496381
0.00147682
0.00605063
-0.00327849
0.0030777
-0.00800953
0.00746951
-0.00058261
0.00102897
0.00697065
0.00095956
-0.00345726
-0.00627486
0.00638699
0.00188791
-0.00800597
#999
0.00592061
0.01004158
0.01255884
0.00016429
0.00259346
0.00594178
0.0025982
0.00255728
0.00781955
-0.00516289
0.01275272
#999
0.00796107
-0.00539385
0.00845938
-0.00503663
0.00041326
-0.004115
0.0098682
0.0053576
0.00973769
-0.00881604
0.00492591
0.00474542
0.00669446
0.01063821
-0.00352589
-0.0058994
0.00023958
0.00396994
0.00834242
0.00023871
0.00418195
0.00481999
0.00364545
0.00575571
-0.00533702
-0.00608823
0.00010013
0.00694657
