#Average flux [c/s]: 12317.718117431852
#                                   T_start= 0 s
#                                   T_end= 1 s
#                                   CCF campionation= 1e-6 s
#                                   Fit amplitude= 111 s
#                                   Variable bin size= 10 ph/bin
0.00795
-0.01004
0.00793
0.02864
0.03721
0.02327
-0.02123
0.02834
0.01174
0.01129
-0.00459
0.02979
0.06942
0.02137
-0.02401
0.03142
0.01294
0.0143
0.01196
0.03173
0.02288
0.02898
0.01711
0.04676
-0.01294
0.01588
0.02067
0.03076
0.02065
0.00141
0.02062
0.0309
0.00533
0.02933
-0.01942
0.00471
0.02235
0.00157
0.02922
0.0298
0.0167
0.0238
-0.00683
-0.02072
0.00613
0.02007
-0.01841
0.03048
0.01134
-0.02033
0.02041
0.04714
0.02369
0.04754
0.01205
0.01296
0.03281
-0.00941
0.02111
-0.06774
-0.02132
0.00219
-0.02659
0.03454
0.01635
0.02998
-0.00651
0.03262
0.02864
0.03011
0.01346
0.01568
0.00763
0.01973
-0.00878
-0.02202
-0.0169
0.04785
0.07047
0.00832
0.02996
0.00493
0.04896
0.03087
0.00585
0.0557
0.02288
0.03019
0.03016
0.03179
-0.01164
-0.01111
0.02056
0.01468
0.02256
0.01701
0.01146
0.0221
-0.00015
-0.01261
