#Average flux [c/s]: 5369.794526633925
#                                   T_start= 0 s
#                                   T_end= 1 s
#                                   CCF campionation= 1e-6 s
#                                   Fit amplitude= 111 s
#                                   Variable bin size= 10 ph/bin
0.03252
-0.05722
-0.02895
-0.04102
-0.00277
0.01348
-0.05402
0.00735
-0.05649
0.04735
-0.05612
-0.03943
0.03194
0.00217
-0.05231
-0.09084
-0.07575
-0.00557
0.02882
0.05203
-0.0049
-0.05907
-0.12206
0.03333
-0.00821
0.00513
-0.03905
0.07892
-0.05616
0.00467
-0.03958
-0.03984
-0.0389
0.00237
-0.05884
-0.01055
-0.03805
-0.04141
0.05371
-0.04908
-0.04328
-0.00272
0.00385
0.0321
-0.05645
-0.02254
-0.05717
0.04931
-0.05739
0.00536
0.00341
-0.04674
0.0509
-0.04759
0.03603
0.03405
-0.05725
-0.00932
0.04546
0.03411
0.0334
-0.00514
-0.04527
-0.03324
0.00324
0.09165
-0.05663
-0.05976
-0.04686
-0.03608
-0.03429
0.01022
0.03376
-0.00899
-0.00954
-0.08679
-0.00703
-0.05807
-0.04188
-0.04992
0.02878
-0.03949
-0.05709
-0.04022
0.05144
0.00452
-0.05391
0.02638
0.09824
-0.05548
0.04275
0.0924
-0.03772
-0.00784
-0.09832
-0.01237
-0.05407
0.03086
-0.04013
-0.05496
