#Average flux [c/s]: 7484.3799673115545
#                                   T_start= 0 s
#                                   T_end= 1 s
#                                   CCF campionation= 1e-6 s
#                                   Fit amplitude= 0.1 s
#                                   Variable bin size= 10 ph/bin
-0.07472895
-0.07467374
-0.00425107
0.00139939
-0.00184748
0.00810361
-0.00013825
0.004271
0.07236313
-0.00437958
-0.00249863
-0.00116477
-0.01538086
0.00185109
-0.00281617
-0.00749956
0.07303514
0.07985177
-0.00363393
-0.00223591
-0.00502989
0.00148805
-0.00477837
-0.00106611
0.08715549
-0.06850308
-0.00012355
-0.00148602
0.00095138
0.06462526
-0.07611551
-0.00099016
0.00086123
0.00524201
0.06771042
0.00379029
0.02455756
-0.00062494
-0.00806866
-0.00310004
8.979e-05
-0.00981208
0.00066188
-0.00111902
0.06924084
0.00526228
0.00215334
0.00242731
-0.07392056
-0.0015553
-0.0003972
9.732e-05
9.622e-05
0.00040523
0.00014187
-0.00382723
0.00211059
-0.00547894
0.01600487
-0.00140927
-0.07180838
-0.00176387
-0.0649394
-0.00081483
-0.00735518
-0.00829168
0.00328294
-0.00399925
0.00067764
-0.00183704
0.00684783
0.00154337
-0.00408591
-0.00211853
-0.00030675
0.00014363
-0.00027062
-0.00158865
-0.00057293
0.00332595
0.00033891
0.00315012
-0.00057548
-0.00071075
-0.00106967
0.05258363
0.00151477
3.231e-05
0.00125836
-0.00285377
0.0003322
0.00354806
0.00051427
-0.00463945
0.01114174
0.0004649
0.0029696
0.00125277
-0.06690335
0.00727387
