#Average flux [c/s]: 6729.17088135526
#                                   T_start= 0 s
#                                   T_end= 1 s
#                                   CCF campionation= 1e-6 s
#                                   Fit amplitude= 0.1 s
#                                   Variable bin size= 10 ph/bin
0.01267238
-0.02718824
-0.03708165
-0.00199961
0.15119228
-0.03424643
-0.01713296
0.01287122
-0.01347233
-0.02972507
-0.02157353
-0.02676607
-0.0067981
-0.0215515
-0.00750221
-0.02314999
-0.04360712
0.01051547
-0.00929012
-0.03306793
-0.01992425
0.00277895
-0.01390867
0.00325143
-0.01170755
-0.00092529
-0.003908
-0.00811614
-0.01116849
-0.01093714
-0.0158809
0.00803769
-0.01498104
-0.00794904
-0.02091975
-0.01430163
-0.02015921
-0.00479013
0.00381299
0.0081533
-0.01039405
-0.00286784
0.00492878
-0.00903647
-0.00136821
0.00152554
0.00379256
#999
-0.02373107
-0.03687403
0.00805242
-0.02340053
-0.03792765
0.00036538
0.01217365
0.00253011
-0.02323952
-0.00345113
0.00466519
0.02120308
-0.02473718
0.0719216
-0.01331596
-0.03810861
-0.01817096
-0.00678061
-0.0378096
2.914e-05
0.01167725
-0.03490121
0.02509155
0.00522866
-0.01975654
-0.00315946
-0.03478048
0.09123909
-0.02213639
-0.01636569
-0.0087944
0.00057665
0.00064531
-0.00654265
-0.0216486
-0.03401747
0.01878516
0.00229722
-0.03060994
0.00427244
0.00416226
0.0970455
#999
0.00400444
-0.00200875
-0.02625142
-0.01082159
0.00972569
#999
0.00180347
-0.02054461
-0.02747749
