#Average flux [c/s]: 13828.136289344446
#                                   T_start= 0 s
#                                   T_end= 1 s
#                                   CCF campionation= 1e-6 s
#                                   Fit amplitude= 0.1 s
#                                   Variable bin size= 10 ph/bin
-0.01768953
#999
6.242e-05
-0.01546512
-0.00322841
-0.0061751
-0.01215028
-0.00628368
-0.00136052
-0.00299753
-0.00603416
-0.00807187
-0.00826398
-0.00874858
-0.01815932
-0.02218623
-0.00455585
-0.00662026
-0.00654675
-0.00183537
-0.00985779
-0.01297698
-0.009507
-0.0059672
-0.00065709
#999
-0.01124985
-0.00282523
-0.01492582
-0.00865183
-0.00421108
-0.00275443
-0.01615974
-0.01038713
-0.02089617
-0.02098834
-0.00669193
-0.0037301
-0.01543693
0.00615342
#999
0.0006532
-0.00467397
-0.00701763
-0.0048757
-0.0189288
0.00558368
-0.01586957
-0.00457654
-0.00902676
-0.00807591
0.00214399
#999
-0.00834127
0.00492932
-0.01332531
-0.00141386
-0.00705944
-0.0161218
-0.00305171
-0.00231047
-0.01350308
0.00473674
-0.01778874
-0.01239337
0.00442319
-0.0218308
-0.01271044
0.0055611
-0.01844553
-0.01280786
-0.00670488
-0.00391815
0.01130977
0.00210498
0.00779976
0.0053847
-0.00030075
-0.00207382
-0.00255766
#999
-0.00805057
-0.01276251
0.00770716
-0.00762589
-0.01015162
-0.01183111
#999
#999
-0.02251096
-0.01568853
-0.01422061
-0.00853777
-0.01755915
#999
-0.00317166
0.00113141
-0.00110325
0.00576166
-0.00333789
