#Average flux [c/s]: 11713.550848666815
#                                   T_start= 0 s
#                                   T_end= 1 s
#                                   CCF campionation= 1e-6 s
#                                   Fit amplitude= 111 s
#                                   Variable bin size= 10 ph/bin
-0.00886
0.03206
0.03082
-0.04527
-0.04654
-0.02842
0.01295
-0.01198
0.0244
-0.03595
-0.00823
0.04782
0.05667
-0.04644
-0.00253
0.01198
-0.00603
-0.04199
0.04798
0.01979
0.04816
-0.00746
-0.00675
0.01999
-0.0323
0.03226
0.03147
0.03047
-0.00897
-0.03287
0.01155
0.04876
0.03183
0.0483
0.04803
-0.0215
-0.00734
0.03007
0.00066
-0.04555
-0.00807
0.01318
-0.0034
-0.00852
-0.02533
0.03513
0.08112
-0.02741
0.0482
-0.00043
0.03163
0.05693
0.04738
-0.0325
-0.00888
-0.00839
-0.00866
0.0228
-0.00548
-0.00626
-0.00877
0.00603
-0.00532
0.04806
-0.04624
-0.00476
0.03296
-0.03351
0.04751
-0.00627
0.01419
-0.04114
-0.03198
0.04779
-0.00624
-0.0405
-0.01656
-0.00918
0.00129
0.04785
0.03643
-0.0256
0.04798
0.00607
-0.00744
0.05135
-0.0213
-0.03373
0.04792
0.0467
0.03107
0.03253
-0.00527
0.03282
0.00257
-0.04321
-0.00396
-0.03312
0.00011
0.03539
