#Average flux [c/s]: 7031.254515737777
#                                   T_start= 0 s
#                                   T_end= 1 s
#                                   CCF campionation= 1e-6 s
#                                   Fit amplitude= 0.1 s
#                                   Variable bin size= 10 ph/bin
-9.313e-05
-0.00170126
4.391e-05
-0.00441017
-0.00088654
0.00538329
-0.0003249
-0.02228358
0.00261857
2.233e-05
-0.00654183
-0.00631931
-0.00231376
-0.00022882
0.00238968
0.00146701
0.01466144
-0.00389874
-0.01769767
0.08319457
0.00013376
2.937e-05
-0.01807438
-0.01070373
0.01592959
-0.00709765
-0.01088999
-0.02294992
-0.01949568
-0.0127586
0.00101036
2.051e-05
-0.00747131
-0.00863852
0.00096197
0.00936024
0.01234357
-0.0020906
0.01718404
0.00468639
0.01030777
-0.01291876
0.00094631
-0.00077847
-0.01465924
0.00158063
0.00335878
0.01366707
0.00249241
-0.00056278
-0.00178306
0.00619956
-0.00242385
0.01472812
-0.02710943
0.01875415
-0.01464803
0.00758078
-0.01577931
-0.00040779
-0.00852984
0.08407487
-0.01095994
-0.00133353
-0.00186246
-0.00204138
-0.00354677
0.01053353
0.01062694
-0.00034112
0.00026501
-0.00025082
-0.00844118
-0.12429173
-0.00414184
-0.0005349
0.00430935
-0.00058354
-0.00214149
-0.00974662
-0.00059159
-0.00989843
0.00831295
0.01951475
0.01132623
-0.00045504
0.01272892
0.00986233
-0.01298909
0.01372707
-2.385e-05
-0.00547206
6.877e-05
-0.00365652
0.00035263
0.01576732
-0.00019172
-9.099e-05
0.00889978
0.00027851
