#Average flux [c/s]: 6125.0036125902225
#                                   T_start= 0 s
#                                   T_end= 1 s
#                                   CCF campionation= 1e-6 s
#                                   Fit amplitude= 0.1 s
#                                   Variable bin size= 10 ph/bin
-0.0003897
0.00999261
0.00224161
0.001138
-0.01131407
-0.02417348
-0.0204837
0.00112443
-0.01425424
-0.00222064
0.00150547
-0.0347523
-0.01275437
-0.00014175
-0.00055159
0.01557515
0.00604134
7.901e-05
-0.01816915
0.009797
-0.00466581
0.00052869
0.02095214
-0.00020799
-0.04126525
-0.01619272
0.0099111
0.00231243
0.02240886
-0.00054362
0.00344052
-0.08532493
-0.09058838
0.00931888
-0.00667555
0.00496584
-0.06262258
0.06152102
0.00221571
-0.01927595
-0.01781246
-0.00941101
-0.00413536
0.01962769
-0.00022209
-0.00013074
-0.00064439
-0.06874318
-0.0760529
-0.01057629
-0.00336181
-0.0002603
0.00815766
-0.00047048
0.00378296
-0.00748816
-5.251e-05
-0.00040541
0.01480252
-0.00156185
0.01369007
-0.0010425
-0.00268187
-0.00831069
-0.01153162
-0.0037209
0.01048954
-0.02290137
0.01366123
-0.01173671
-0.00559708
-0.01813333
-0.00037868
-0.08648508
0.01046922
-0.00494272
0.0017792
0.08119037
0.03560466
0.00689613
-0.00917011
0.01067363
-6.883e-05
0.04089803
0.0007767
0.00030977
0.01047051
0.02060876
-0.01043481
0.01679331
-0.02555233
0.01024764
0.00094546
0.00911735
-0.0029243
0.0040724
-0.00397396
0.10477444
-0.00028342
0.00435323
