#Average flux [c/s]: 12619.80175181437
#                                   T_start= 0 s
#                                   T_end= 1 s
#                                   CCF campionation= 1e-6 s
#                                   Fit amplitude= 0.1 s
#                                   Variable bin size= 10 ph/bin
0.00249552
-0.00746735
-0.00070462
0.00444545
-0.0017184
-0.00489404
0.00490495
0.00139482
-0.00819114
-0.00370592
-0.00552271
#999
-0.00277441
0.00112976
0.01122511
0.001629
0.00198927
-0.01021739
-0.00314085
-0.00678368
0.00245915
0.0135631
-0.00040191
0.00425468
0.0034553
0.00367066
-0.01397164
0.00321031
0.00303968
0.00075809
0.01388208
0.00692396
-0.00023721
-0.00121598
-0.00070085
-0.00044183
0.00292966
0.01702681
0.00372553
#999
-0.00829397
-0.00633113
0.00114768
0.0041454
-0.00662681
-0.00035917
0.00191935
0.00611519
-0.00598884
-0.00356565
-0.00418438
-0.00574687
-0.00565976
-0.00194098
0.00221857
-0.01205353
0.00725225
0.01042105
0.0075563
0.00082398
-0.00478063
0.01139292
-0.00255833
-0.00770603
-0.00470027
0.00426912
0.00614178
0.00582187
-0.00327548
-0.00038687
-0.00033589
-0.00140417
0.00493987
0.00546811
-0.008591
-0.00110232
-0.00513475
-0.00738638
0.01032707
-0.0013967
-0.00352967
0.00029643
0.01008143
0.00254614
0.00612048
0.00566132
0.0064594
-0.01008508
-0.0016307
0.00397707
-0.00224303
-0.00086188
-0.01244153
-0.00406899
-0.0127997
0.00434766
0.00840752
-0.00157066
0.00058572
9.616e-05
