#Average flux [c/s]: 6125.0036125902225
#                                   T_start= 0 s
#                                   T_end= 1 s
#                                   CCF campionation= 1e-6 s
#                                   Fit amplitude= 111 s
#                                   Variable bin size= 10 ph/bin
-0.00724
-0.0037
0.02173
-0.02617
-0.004
-0.00862
0.05042
0.02018
-0.00292
-0.03329
-0.03734
0.02493
-0.02073
0.02366
0.02365
0.00302
-0.03083
0.02181
-0.00474
-0.06876
-0.01928
0.0213
-0.02269
-0.0052
-0.04261
0.02236
0.02217
-0.00271
0.00072
-0.08419
-0.00157
-0.05296
0.07171
-0.02703
0.0598
-0.00511
-0.00287
-0.10157
0.06141
-0.00902
0.00635
0.05034
-0.02169
0.10901
0.00607
-0.01665
-0.03014
0.00502
-0.00436
-0.01934
-0.03115
0.02126
-0.01223
-0.00307
-0.00204
-0.06013
0.02134
-0.01113
0.06826
-0.00727
-0.03824
-0.00051
-0.00384
-0.02397
0.07206
-0.00017
-0.03707
0.02204
-0.0235
0.04146
-0.08347
0.11618
0.05126
0.04334
-0.02955
0.01834
-0.06915
-0.03734
0.02304
-0.00366
2e-05
0.12247
0.00143
-0.00496
0.02439
-0.0024
-0.00422
-0.03894
-0.03677
-0.00285
-0.0008
-0.01305
0.05789
-0.00293
-8e-05
-0.00304
-0.00246
0.00816
-0.00253
0.02553
