#Average flux [c/s]: 2953.125451573778
#                                   T_start= 0 s
#                                   T_end= 1 s
#                                   CCF campionation= 1e-6 s
#                                   Fit amplitude= 111 s
#                                   Variable bin size= 10 ph/bin
0.00062
3e-05
-0.00054
-0.00091
-0.00057
-0.00167
0.00088
-0.00071
-0.00052
0.00107
-0.00223
-0.00028
0.00045
-0.00057
-4e-05
-0.00022
-0.00074
-0.00203
0.00062
0.35689
-0.00104
-0.00073
-0.00127
0.00051
0.00048
-0.00064
-0.00179
-0.00993
-0.00071
0.0933
0.0016
0.0008
-0.00175
-2e-05
0.0033
0.00073
0.00115
-0.00065
0.00093
-0.00169
-0.0002
-0.00049
0.00087
-0.00095
-0.00026
-0.00081
-0.00142
0.00074
-0.00029
-0.01371
2e-05
-0.00073
-0.00368
0.00282
-0.00079
-0.00099
-0.0011
0.00065
-0.00083
-0.0002
0.00019
0.0007
-0.00148
0.00126
-0.00101
0.00128
-0.00025
-0.00181
-0.00086
0.00448
-0.00111
0.00108
0.00179
-0.00131
0.00183
-0.00163
0.00174
0.0
-0.0002
-0.00075
0.00042
-0.24096
-0.00081
0.18353
-0.00022
-0.00015
-0.00383
-0.00052
-0.00145
0.0005
0.00048
0.00092
-0.00223
-0.00058
-0.00086
-0.0038
-0.00202
-0.00064
0.18202
-0.00131
