#Average flux [c/s]: 10354.17449394548
#                                   T_start= 0 s
#                                   T_end= 1 s
#                                   CCF campionation= 1e-6 s
#                                   Fit amplitude= 0.1 s
#                                   Variable bin size= 10 ph/bin
-0.00101886
-0.01157125
-0.00995523
-0.00077086
-0.00746466
-0.03398229
-0.00476784
-0.005809
-0.0045918
0.01415507
-0.01299167
-0.00139179
-0.00508603
-0.00404549
0.00074553
-0.00850699
-0.00755282
-0.00568064
-0.00490828
0.00337822
0.0078356
-0.01630807
-0.00616985
-0.01149855
-0.00477187
-0.0244254
0.00761879
0.00175981
0.01642916
-0.00175228
0.00592063
-0.00492346
-0.00401955
-0.00453562
0.01446888
0.01312158
-0.00077847
0.00678645
3.357e-05
-0.00460047
-0.00098048
0.01118883
0.00371329
0.00041063
0.01447346
-0.00351251
-0.00497987
0.00664151
0.00169262
0.01456655
0.00513966
-0.00398955
-6.988e-05
0.00043082
-0.0040755
-0.00921377
-0.01191436
-0.00094499
-0.00044542
0.00209903
-0.02130934
0.00111124
-0.00030697
0.01405266
0.00195261
0.0119943
-0.00245584
-0.00178332
-0.01261326
0.00654523
-0.00176321
0.00283963
0.00166895
0.01791446
0.00591859
0.00546595
-0.00088854
0.00869942
0.00891371
-0.01310897
-0.01353271
-0.00215123
0.00407669
-0.0119761
0.0071956
-0.00136561
-0.00854802
0.00462018
0.0107018
-0.00630465
-0.00926795
-0.00468147
0.00947613
-0.01055213
0.01061984
-0.01828037
-0.00365475
-0.01056664
0.00309486
0.00693885
