#Average flux [c/s]: 3406.250903147555
#                                   T_start= 0 s
#                                   T_end= 1 s
#                                   CCF campionation= 1e-6 s
#                                   Fit amplitude= 0.1 s
#                                   Variable bin size= 10 ph/bin
0.12769373
0.13673265
0.11063283
0.27940506
0.26073999
-0.11808545
-0.11095903
0.2108344
0.08847447
0.2238717
0.05292214
0.08555695
0.20389017
0.09172758
0.23533913
0.25648127
0.15974289
0.15988965
0.00064017
0.12182399
0.06732343
0.07339222
-0.0173028
0.02560926
-0.17453154
0.11248947
0.25293042
-0.01279152
0.32460932
0.08722744
0.0884805
0.0646883
0.03269744
0.18917136
0.03170091
0.05050187
0.2104913
0.14667702
0.08101986
0.16203656
-0.05186989
0.36117669
-0.01424227
-0.06802531
0.19283387
0.02461646
#999
0.06736308
0.1166532
0.07835704
-0.02732539
0.06482861
0.04749356
0.05335023
-0.01473321
-0.04965218
0.2125372
0.03481814
0.26137417
0.26261678
0.00688485
0.25993065
-0.06448542
0.12571233
0.06363196
0.0938071
0.26615544
0.09882675
0.25628016
0.07929071
-0.00897618
0.01614829
0.01381843
-0.48636542
0.13482297
0.07417331
0.1105712
0.06270244
0.12493808
0.19699294
-0.06815282
-0.11230116
-0.02052543
0.16088355
-0.00555617
-0.02173092
0.00295539
0.16245639
-0.04941486
-0.03656004
0.0264229
0.04547732
0.24912358
-0.08731681
0.14928263
-0.09987843
-0.16383654
0.19908703
#999
-0.01053574
