#Average flux [c/s]: 8994.798139224147
#                                   T_start= 0 s
#                                   T_end= 1 s
#                                   CCF campionation= 1e-6 s
#                                   Fit amplitude= 0.1 s
#                                   Variable bin size= 10 ph/bin
-0.02628393
-0.0172893
0.01629756
-0.0002965
-0.01879783
-0.02304086
0.01421996
-0.00265681
0.00235165
-0.02291588
0.01820397
-0.00899547
-0.0162281
0.02380498
0.00212659
-0.0190538
0.01259728
0.00927466
0.00210091
0.00115213
0.00603467
-0.00834044
0.00843326
-0.00760278
-0.00852222
-0.00144681
0.00879388
0.01649711
-0.00159189
-0.00854117
0.0025996
-0.01956827
0.00919164
-0.01505348
0.01346198
-0.00205421
-0.00947302
0.00872112
0.02205123
-0.01472031
0.00376514
0.00854453
-0.01381094
0.00178843
0.01596942
-0.00566192
-0.00367595
-0.01039229
-0.01150312
0.00621064
0.0131455
0.00826071
0.02460624
-0.00769408
-0.02848798
-0.0141265
-0.00051245
-0.01457931
0.00832714
0.00055025
0.00910413
-0.00626087
-0.00317559
-0.01317755
-0.01669646
-0.01008422
0.00453389
0.0032222
0.00655458
0.00739485
0.02094735
0.00267542
-0.0098898
0.00457178
0.00267689
-0.00163334
-0.01146497
0.00966128
-0.01670429
-0.00997564
0.00204499
0.01481018
-0.00217052
-0.00649035
-0.01569805
-0.00303132
0.00591597
0.01320647
-0.0287561
-0.00720443
-0.0089167
-0.01634915
0.00667303
-0.01098833
-0.00316041
-0.01509317
-0.0168987
-0.00477979
0.00509908
-0.00014738
