#Average flux [c/s]: 16093.763547213332
#                                   T_start= 0 s
#                                   T_end= 1 s
#                                   CCF campionation= 1e-6 s
#                                   Fit amplitude= 0.1 s
#                                   Variable bin size= 10 ph/bin
0.01164109
0.0182828
0.00513365
0.00786461
0.01933463
0.02099127
0.01388479
-0.0005313
0.01654743
0.01010089
0.00931543
0.00823257
0.01056202
0.01278245
0.01751268
0.02074195
0.0042413
0.00938395
#999
0.01274999
-0.00352427
#999
0.02024549
0.01625572
0.01561
0.01935961
0.0209369
0.0053451
0.00774914
0.01469907
0.00166166
0.01585876
0.01265637
0.00820056
0.00951669
0.00869685
0.00397583
0.00613016
0.01311593
0.01496039
-0.00101533
0.00696188
0.00792786
0.00559695
-0.00049844
-0.00686922
0.00237403
0.00966653
#999
0.00119806
0.00562933
0.00609551
0.00895964
#999
0.01158738
0.0159074
-0.00435563
0.02011639
0.00566996
#999
#999
0.00522135
0.00324096
0.00575782
0.00759543
0.015046
#999
#999
0.00884883
0.01527364
0.00560089
0.01099262
0.02137021
#999
0.00205766
#999
0.00843948
0.01478485
0.01288906
0.00958183
0.00951531
0.00886921
0.00994272
0.01858906
0.00728949
#999
0.00994481
0.01092557
#999
0.01309253
0.01328894
0.00469065
0.00540159
0.00777191
0.0048979
0.00455976
#999
0.02243343
0.01268914
0.00546608
