#Average flux [c/s]: 3104.167268765037
#                                   T_start= 0 s
#                                   T_end= 1 s
#                                   CCF campionation= 1e-6 s
#                                   Fit amplitude= 111 s
#                                   Variable bin size= 10 ph/bin
0.40324
0.32378
0.04071
0.17966
0.09323
0.0876
0.02979
-0.06239
0.13482
0.15457
0.31732
0.01159
-0.00757
0.32464
0.12917
0.13777
0.03655
0.08897
0.1107
0.31822
0.14927
0.08974
0.12803
0.18784
0.13426
0.1833
0.3275
0.00841
0.00642
-0.05572
-0.03628
0.34281
0.09367
0.11776
0.08799
0.32856
0.00687
0.11178
0.32372
0.17842
0.14026
0.12888
-0.11179
0.3218
-0.04717
-0.22626
0.0926
0.31436
-0.03231
0.1527
0.06764
0.12699
0.31295
0.11266
0.13305
-0.02619
0.0
0.32135
0.00643
-0.19653
0.00908
0.13818
0.32588
0.13804
0.14582
-0.02975
0.13294
-0.11602
0.08508
-0.03161
-0.11589
-0.26381
0.12893
0.15185
-0.00485
-0.03501
0.3181
0.14703
-0.00202
0.00369
-0.03202
0.08531
0.49964
-0.15883
-0.06171
0.31697
-0.03142
-0.03677
0.09953
0.23433
0.34445
-0.11506
0.1283
0.09287
0.19009
0.08175
-0.11003
0.13011
0.3301
0.00528
