#Average flux [c/s]: 10958.34176271052
#                                   T_start= 0 s
#                                   T_end= 1 s
#                                   CCF campionation= 1e-6 s
#                                   Fit amplitude= 0.1 s
#                                   Variable bin size= 10 ph/bin
0.0041031
-0.00954686
0.0163241
-0.01339447
-0.004734
-0.00679164
-0.00686026
0.00486805
-0.01756877
0.00690772
-0.012361
-0.00027797
-0.00328868
-0.00660205
-0.01345598
-0.00833605
0.01484963
0.001612
-4.82e-06
-0.00233611
0.00961242
-0.00258598
0.00510144
-8.846e-05
0.00106931
0.01241365
-0.0097739
-0.00782136
-0.01227297
-0.01499745
0.00071005
0.00599123
0.00735358
0.00583351
-0.01224995
-0.00245791
-0.01387358
-0.00607145
0.000114
-0.00019597
1.775e-05
0.00689697
-0.0055715
-0.00431244
-0.01324444
0.00275768
-0.00372226
-0.00916346
0.01564164
-0.01470007
-0.00467627
0.00310947
-0.00658516
-0.0007028
0.01285357
-0.01408673
0.00253427
-0.0057672
0.00655363
-0.00364544
0.00115805
-0.00975231
-0.00263966
0.0075491
-0.00691004
-0.00076169
0.00040741
0.00613032
-0.00374624
-0.01190945
0.00874904
-0.01022632
-0.00492442
-0.02226444
-0.00872832
0.01253792
0.0009311
-0.01037355
0.02113852
-0.01789753
0.00054396
-0.01017536
-0.00544087
-0.00930444
0.01180437
0.00628204
0.00551585
0.0075968
0.0104956
-0.00057107
-0.00043927
0.00689809
-0.0106107
0.01026855
-0.00342691
-0.00850222
0.02327551
-0.00387024
-0.01176515
0.00446631
