#Average flux [c/s]: 12317.718117431852
#                                   T_start= 0 s
#                                   T_end= 1 s
#                                   CCF campionation= 1e-6 s
#                                   Fit amplitude= 111 s
#                                   Variable bin size= 10 ph/bin
-0.00018
9e-05
0.00013
-0.00016
-0.0002
-0.00024
-0.00011
3e-05
-0.0002
-0.00012
2e-05
-3e-05
-0.0001
5e-05
-0.00018
0.00016
6e-05
-1e-05
1e-05
0.0
-0.00025
-2e-05
0.0
-0.00028
4e-05
-0.00032
8e-05
-0.00015
5e-05
-1e-05
0.00026
0.00015
-2e-05
3e-05
0.00015
-5e-05
0.0001
-0.00016
7e-05
0.00022
8e-05
6e-05
-2e-05
-5e-05
0.00012
0.00013
-6e-05
-1e-05
-0.00022
1e-05
-3e-05
-0.00012
-6e-05
3e-05
-8e-05
-0.00016
8e-05
-6e-05
0.00014
0.0
-9e-05
7e-05
2e-05
0.00014
-2e-05
-0.00016
5e-05
3e-05
-8e-05
0.00012
3e-05
3e-05
0.00016
-0.00021
7e-05
-0.00011
0.0
-3e-05
-0.00014
-0.00016
-5e-05
0.00028
-4e-05
6e-05
-0.00018
5e-05
0.00033
-0.00021
-0.00018
-4e-05
-0.00023
-8e-05
0.00014
-0.00013
9e-05
-1e-05
9e-05
-5e-05
-0.00013
-5e-05
