#Average flux [c/s]: 15791.679912830816
#                                   T_start= 0 s
#                                   T_end= 1 s
#                                   CCF campionation= 1e-6 s
#                                   Fit amplitude= 111 s
#                                   Variable bin size= 10 ph/bin
-0.02398
-0.04823
-0.04242
0.01547
-0.00303
-0.02353
0.01457
0.00642
0.03757
-0.00301
0.00225
0.02767
-0.01515
-0.02517
-0.04446
0.023
0.00971
-0.02653
-0.02125
0.00268
-0.00317
-0.01187
-0.01187
-0.00884
-0.02881
-0.0177
-0.00977
-0.02017
0.01038
-0.047
-0.02061
-0.01757
-0.00286
0.00277
-0.01377
-0.04691
-0.0139
-0.00201
-0.01134
0.01511
-0.01046
0.01519
-0.04882
-0.0017
0.00751
-0.04212
0.0323
-0.0212
0.00311
0.04387
0.04024
-0.0189
-0.02063
-0.04471
-0.02845
-0.02083
-0.02033
0.00752
0.01489
0.01224
-0.01174
0.00713
0.00215
-0.01236
0.01297
0.00495
0.00243
-0.0413
-0.01999
0.01545
-0.00299
-0.00181
-0.00273
0.01497
0.00867
-0.0143
-0.02784
-0.04702
-0.01235
-0.01302
-0.01047
0.0149
0.01889
0.0095
-0.00875
-0.0008
0.00402
-0.02092
-0.02494
0.00803
-0.03343
0.00309
-0.01444
-0.01843
-0.00883
-0.04861
-0.04431
0.01026
-0.00158
0.03537
