#Average flux [c/s]: 12166.676300240591
#                                   T_start= 0 s
#                                   T_end= 1 s
#                                   CCF campionation= 1e-6 s
#                                   Fit amplitude= 0.1 s
#                                   Variable bin size= 10 ph/bin
-0.00061157
0.00969663
-0.00354287
-0.01044025
-0.00341317
0.00741289
7.42e-05
0.00357886
-0.00154892
0.00280692
0.00683414
0.00087314
0.01206889
0.00854545
0.0004679
-0.00692541
-0.01264219
0.00523267
-0.00400714
-0.01009016
-0.01424688
0.00148818
0.0060572
-0.00487171
-0.01250202
0.00054515
-0.00236564
0.00238584
-0.01713279
0.00037824
0.00140129
-0.00511997
0.01019916
0.01123699
0.00500703
0.00026373
-0.01511635
0.0032957
0.00195897
0.00272563
-0.01401033
-0.00803975
0.00700653
0.00049725
-0.00097971
0.00734415
-0.00578783
0.00711371
-0.00416256
-0.00470405
-0.00013016
0.00580484
-0.00085578
0.00367101
6.092e-05
-0.00055014
-0.00554321
-0.02512211
-0.00050258
-0.0097781
-0.00401661
-0.01481814
0.01144831
0.00244879
0.0058858
-4.665e-05
-6.811e-05
0.00695161
0.01102246
0.01598685
-0.00579667
-0.00250413
-0.00535169
-0.00339681
-0.00090993
-0.00448464
-0.01431333
0.00678911
-0.00173125
-0.00453669
-0.01295051
0.01267933
0.00759087
-0.0160647
0.00997713
-0.00856679
0.0054967
-0.00125592
0.00589699
-0.00180767
-0.00290859
-0.00424542
0.00439134
-0.00348219
0.013256
-0.00279254
-0.00499272
0.00466446
-0.01043576
-0.00456679
