#Average flux [c/s]: 6880.2126985465175
#                                   T_start= 0 s
#                                   T_end= 1 s
#                                   CCF campionation= 1e-6 s
#                                   Fit amplitude= 111 s
#                                   Variable bin size= 10 ph/bin
0.0
0.00071
-0.00014
-0.00024
-0.00011
-0.00034
1e-05
-0.00067
0.0
9e-05
0.0
0.00012
-0.00035
0.00032
-0.00018
-0.00014
-0.00063
0.00051
-0.0003
0.00081
-0.00024
-5e-05
-0.00035
-1e-05
-0.00048
2e-05
0.00033
-0.0003
-1e-05
5e-05
-0.00015
0.0004
0.00041
0.00031
0.00015
0.00038
9e-05
-6e-05
0.00011
7e-05
-0.00032
8e-05
-4e-05
-2e-05
0.0001
0.00023
-0.00068
-0.00103
0.00046
0.00043
4e-05
0.00024
0.00012
0.00033
-0.00028
3e-05
0.00048
0.00014
0.00027
-0.00067
-0.00011
-0.00014
5e-05
7e-05
-0.00015
-3e-05
-0.00018
-0.0002
-0.00012
0.00044
-0.00045
2e-05
7e-05
-0.00015
0.00029
-0.00033
0.00013
-0.00018
-0.00012
0.00021
-0.00028
7e-05
4e-05
1e-05
-3e-05
-0.00046
-3e-05
4e-05
0.00013
-0.00022
8e-05
6e-05
-0.00028
-2e-05
-0.00021
-0.00021
-3e-05
1e-05
0.00022
-0.00025
