#Average flux [c/s]: 15036.470826874518
#                                   T_start= 0 s
#                                   T_end= 1 s
#                                   CCF campionation= 1e-6 s
#                                   Fit amplitude= 0.1 s
#                                   Variable bin size= 10 ph/bin
-0.00130207
-0.00475001
0.00679372
-0.01448135
0.0066132
0.00544117
-0.00590559
-0.00475322
-0.01601687
0.0030725
-0.00138232
-0.01091841
-0.00502277
#999
-0.00088466
-0.00184142
0.00381112
-0.00129518
0.0004205
-0.0014406
-0.00122664
-0.00436768
0.00177911
-0.00468702
-0.00230949
0.00657477
-0.00868686
-0.00097023
0.00152169
-0.01044085
0.01093414
0.00602179
-0.00479317
-0.00077209
-0.0050489
-0.01009747
-0.00772255
#999
0.01258723
0.00463756
#999
0.00624741
0.00312237
-0.00026022
-0.00048754
#999
0.00777564
-0.00909834
-0.00223263
-0.00835013
-0.00171157
-0.01182335
0.0066584
0.00901971
0.00392326
-0.00024022
0.00345701
0.00164782
-0.00244797
0.00078266
0.0105598
0.00388964
0.00222452
-0.00127385
0.00231439
0.00924819
0.00031848
-0.00319444
0.00171722
-0.00075334
-0.01170462
0.00625161
#999
-0.0073136
#999
-0.00160623
0.00720317
-0.0076998
0.00369611
0.00107519
-0.00491707
0.0157671
-0.01690516
0.00429293
0.00625244
-0.00867441
0.00821083
0.00232156
0.00423537
0.00150611
-0.00741096
-0.00067488
-0.00702967
0.00577832
-0.0137187
-0.00203666
-0.00867983
0.01205198
0.0117948
-0.01418767
