#Average flux [c/s]: 9447.923590797925
#                                   T_start= 0 s
#                                   T_end= 1 s
#                                   CCF campionation= 1e-6 s
#                                   Fit amplitude= 111 s
#                                   Variable bin size= 10 ph/bin
-7e-05
-0.00044
-0.0001
-7e-05
-0.00011
0.0
-0.0002
-3e-05
0.00021
0.00033
-0.00022
-0.00018
3e-05
-0.00013
0.0002
-0.0001
2e-05
-0.00019
-4e-05
-0.0001
4e-05
-3e-05
0.00019
0.00013
0.00016
0.0
2e-05
-6e-05
0.00037
-0.00022
-0.0001
0.00031
0.00039
0.00015
0.00029
0.0
-8e-05
-0.00016
3e-05
0.00018
-0.00011
0.0
-2e-05
-0.00021
0.00017
-6e-05
-0.00013
-9e-05
5e-05
0.00017
4e-05
0.0002
9e-05
0.00024
-0.0004
0.00022
0.00018
0.00015
0.00027
-0.00022
-0.00039
-0.00013
-5e-05
0.0001
0.00022
0.00012
0.00032
-0.0002
4e-05
9e-05
-6e-05
-0.00013
0.00013
4e-05
-6e-05
8e-05
6e-05
-0.00021
-2e-05
-0.0001
7e-05
-0.00016
-8e-05
-0.00034
0.00011
-0.00037
-0.00014
-0.00016
5e-05
0.00021
1e-05
-0.00058
0.00018
-0.00019
2e-05
-0.00057
0.00026
0.0004
0.00029
-0.00039
