#Average flux [c/s]: 2500.0
#                                   T_start= 0 s
#                                   T_end= 1 s
#                                   CCF campionation= 1e-6 s
#                                   Fit amplitude= 111 s
#                                   Variable bin size= 10 ph/bin
0.48625
-0.35137
0.27855
-0.09097
-0.19183
0.23714
-0.48343
-0.39836
-0.30609
-0.18607
0.35992
-0.48852
0.05946
-0.44764
0.27004
0.27295
-0.34902
0.14767
0.49007
0.49142
0.43201
-0.07058
-0.24575
-0.39778
-0.47938
0.40005
-0.06449
-0.48999
0.34744
-0.24594
-0.08729
-0.48955
-0.08481
-0.08072
-0.18732
0.48248
-0.4474
-0.08682
-0.48486
-0.48479
-0.31536
0.2339
0.27193
-0.19284
0.231
-0.07849
-0.30626
-0.37716
-0.48762
0.1319
0.38901
-0.39931
0.2394
0.081
-0.45733
0.23906
-0.30315
0.48812
-0.28277
-0.06464
0.37899
-0.45858
-0.08687
-0.24465
0.35624
-0.4438
-0.4849
0.24309
0.26965
-0.48853
-0.39744
0.27029
-0.19352
-0.07873
-0.18298
-0.3784
-0.08676
-0.06531
0.21236
-0.15744
0.48941
-0.08875
-0.18808
-0.25393
-0.48096
0.49351
-0.07456
-0.19427
0.49574
-0.33511
-0.4487
-0.07765
-0.18194
-0.08393
-0.30278
0.27961
-0.18113
0.10732
-0.49191
0.48951
