#Average flux [c/s]: 8239.589053267851
#                                   T_start= 0 s
#                                   T_end= 1 s
#                                   CCF campionation= 1e-6 s
#                                   Fit amplitude= 111 s
#                                   Variable bin size= 10 ph/bin
0.01621
-0.01851
-0.03436
0.06951
0.01269
0.02504
0.05648
0.0262
0.01318
-0.0106
0.02531
-0.03702
-0.01669
0.04387
-2e-05
-0.01964
0.04599
-0.0172
0.0738
0.01478
-0.01673
0.03098
0.00116
0.04978
-0.02501
0.02877
-0.01645
0.01133
0.03344
0.01922
0.03203
-0.01655
0.02611
0.01703
0.04954
0.019
0.0106
0.03162
-0.035
0.04591
0.0484
-0.01107
0.04461
0.03346
0.03351
0.02559
-0.03486
0.02905
0.04551
0.0624
-0.01005
-0.01875
0.01976
0.035
0.02025
0.02574
0.0302
0.03198
0.04546
9e-05
0.01221
0.0277
-0.01484
0.00109
-0.07183
-0.01758
0.02535
-0.05691
0.05597
0.05532
0.02136
0.02926
0.07862
-0.01353
0.03347
0.0004
0.04474
-0.0148
0.01969
0.03885
0.0005
0.02065
0.01234
0.04525
-0.00946
0.02524
0.03412
-0.01974
0.05504
0.03239
0.02581
0.02569
-0.03719
-0.01094
0.0181
0.01471
0.04728
0.00035
0.01805
-0.00896
