#Average flux [c/s]: 10052.090859562963
#                                   T_start= 0 s
#                                   T_end= 1 s
#                                   CCF campionation= 1e-6 s
#                                   Fit amplitude= 0.1 s
#                                   Variable bin size= 10 ph/bin
0.01890618
0.00384527
0.00836924
0.00828368
-0.00295696
0.0139354
-0.00732166
0.01810321
0.01450958
0.01445859
-0.0012451
-0.00708881
0.02724884
0.0164177
0.01808284
0.01146188
-0.00523573
0.00915405
0.02475086
0.00023424
0.00765943
0.00742977
0.01472739
0.00507134
0.00606849
0.01266566
0.00783943
0.01726259
0.0149581
0.0132591
0.00391545
0.01240342
-0.00071502
0.00148679
0.01859836
-0.00412789
0.01050762
-0.01135912
0.0242995
0.00754749
0.00961232
0.00946355
0.00676995
0.01462399
0.01284754
0.0021593
0.00797529
0.00292104
0.01450377
0.02292821
0.00229082
0.00204477
0.01048362
0.00343097
0.00637218
0.01196064
0.02760439
0.02952251
-0.01200074
0.02224918
0.03210782
0.01077317
-0.00447483
-0.00165588
0.00975357
0.01295187
-0.00334412
0.00451208
0.0060809
0.00500947
0.01257317
-0.00597976
-0.00867433
0.00954426
#999
-0.00320429
0.00332988
0.00190583
0.00854478
-0.0112698
0.01256515
0.0056747
0.00707526
-0.0003851
0.00550469
0.01894151
0.00951764
0.02055133
0.00459626
0.00406112
-0.00789958
0.00266836
0.00900953
0.0163912
0.0005326
-0.00368606
-0.01002025
0.00879354
#999
0.02068572
