#Average flux [c/s]: 13828.136289344446
#                                   T_start= 0 s
#                                   T_end= 1 s
#                                   CCF campionation= 1e-6 s
#                                   Fit amplitude= 111 s
#                                   Variable bin size= 10 ph/bin
0.03118
0.00394
-0.02306
1e-05
0.00971
-0.00541
-0.00281
-0.00168
-0.00648
0.02288
-0.02338
0.05035
0.01344
0.02536
-0.03285
0.00144
-0.00505
0.01569
0.03693
-0.00026
0.05542
-0.03218
-0.0299
-0.00496
-0.00137
-0.00486
-0.03496
0.06198
-0.04984
0.05105
0.01741
0.00545
0.05082
-0.00537
-0.02123
0.00557
-0.00166
0.01796
0.01973
0.01085
0.00872
-0.03062
-0.01547
0.0191
0.0479
0.0317
-0.00494
0.05038
-0.02995
-0.04992
-0.03315
0.00824
-0.02149
-0.03266
-0.03216
-0.00741
-0.0333
-0.00215
0.02265
-0.00526
0.05116
-0.00455
0.05009
-0.01281
-0.02202
-0.01615
0.05066
0.0364
0.01737
-0.0169
-0.02572
-0.03259
-0.00706
0.03602
0.02231
0.0307
-4e-05
0.05597
0.01759
0.03936
0.05615
-0.01466
-0.00555
0.01724
-0.03295
-0.04086
-0.02134
-0.02143
0.04913
0.01701
0.02292
-0.0325
-0.00766
-0.00038
-0.01503
-0.01537
-0.06326
0.0292
0.01727
-0.02236
