#Average flux [c/s]: 11713.550848666815
#                                   T_start= 0 s
#                                   T_end= 1 s
#                                   CCF campionation= 1e-6 s
#                                   Fit amplitude= 0.1 s
#                                   Variable bin size= 10 ph/bin
-0.01107464
-0.00280527
-0.01205954
-0.00531173
-0.02126574
-0.01150943
-0.01167906
-0.00065302
-0.01030126
-0.00858056
-0.03050744
-0.02480835
-0.0114602
-0.01410193
-0.01156517
-0.00196607
-0.00573427
-0.0047988
-0.01893778
0.0062849
-0.02078219
-0.01924117
-0.00897106
-0.01544443
#999
0.00130365
0.00426445
-0.00065488
0.00211543
-0.00890584
-0.00045179
-0.03543276
-0.01122866
-0.02081633
-0.0091281
#999
-0.00913545
-0.00079598
#999
-0.00186249
-0.0126027
-0.00247828
-0.014041
-0.01857902
-0.02298461
-0.00795856
#999
-0.01081492
-0.01061589
-0.00136628
-0.01868429
-0.0087653
-0.00439012
-0.02980833
-0.01455473
-0.00387948
-0.00688041
-0.01729104
-0.00382508
-0.02047685
-0.03003062
-0.00707864
0.00976478
-0.02020452
-0.01045089
-0.01174866
-0.00452553
0.00050543
0.00425479
-0.00870235
#999
-0.01725903
0.00344402
-0.00693677
-0.00551715
-0.00642322
-0.01537704
-0.01410083
-0.01301317
-0.02785395
0.00122117
-0.00427594
0.00595361
0.00207938
0.00769543
-0.000648
-0.01347354
-0.01220785
-0.00723536
0.00095256
-0.00601061
0.00791734
0.00082407
-0.0353867
0.00181534
-0.0118323
-0.02451472
-0.00672565
-0.0123197
#999
