#Average flux [c/s]: 11864.592665858074
#                                   T_start= 0 s
#                                   T_end= 1 s
#                                   CCF campionation= 1e-6 s
#                                   Fit amplitude= 111 s
#                                   Variable bin size= 10 ph/bin
0.02501
0.00394
0.03113
-0.01669
0.00498
0.02739
-0.01849
0.02468
0.00644
-0.01516
0.01571
0.0411
0.04277
0.03898
0.03832
0.00458
0.00581
0.02537
0.03856
0.0139
0.07715
0.04103
0.04179
0.02244
0.04199
0.04079
0.00738
-0.01461
0.02604
-0.03095
-0.01902
0.02659
-0.00596
-0.0173
0.023
0.01765
0.00614
0.00481
0.01541
0.03948
0.03406
0.02614
0.0037
0.00634
0.01724
0.03829
-0.0088
0.01577
0.03815
-0.04563
0.02634
-0.01404
-0.04117
0.00386
0.01083
-0.01461
0.03831
0.02544
0.02261
0.02273
-0.02893
0.03758
0.0255
0.0262
0.02616
-0.00726
0.01552
-0.02653
0.07598
0.02659
0.03891
0.03891
0.0386
0.01042
0.01577
-0.01699
0.03886
0.00592
0.04104
0.0237
0.04183
-0.00686
0.02254
-0.02682
0.01539
0.02527
0.02503
-0.00696
0.02585
-0.01358
0.04224
0.0179
0.02636
0.00394
0.03929
-0.01931
-0.00551
-0.04031
0.03968
0.02554
