#Average flux [c/s]: 8239.589053267851
#                                   T_start= 0 s
#                                   T_end= 1 s
#                                   CCF campionation= 1e-6 s
#                                   Fit amplitude= 111 s
#                                   Variable bin size= 10 ph/bin
-0.00046
2e-05
-0.00016
0.00016
-1e-05
0.0
-0.00025
-6e-05
-0.00014
0.00025
0.00027
-0.0001
-0.00012
-0.00019
0.00021
-0.00013
-3e-05
-0.00022
-0.00011
1e-05
0.00025
0.00013
5e-05
9e-05
-4e-05
-0.00015
0.00027
0.00025
0.00033
0.00031
0.00041
-0.00037
0.00024
0.00023
-0.00012
2e-05
-0.00041
-0.00023
-0.00019
0.00013
-4e-05
0.00015
-0.00027
-0.00023
0.00025
-0.00036
-0.00029
6e-05
2e-05
0.00016
-0.00039
0.00017
-0.00015
0.0002
0.00028
0.0006
-5e-05
0.0002
0.00034
5e-05
0.00021
0.00024
0.00076
0.00016
0.00021
0.00062
-0.00058
9e-05
-0.00033
0.00021
-0.00012
0.00035
-0.00011
-0.00015
-0.00054
0.00038
0.0
0.00014
-0.00056
-0.00019
-8e-05
4e-05
0.00025
-0.00013
-0.00033
-0.00011
7e-05
3e-05
3e-05
0.00021
0.00039
-2e-05
0.00018
0.00019
-9e-05
0.00025
0.00032
0.00066
-0.0001
0.00022
