#Average flux [c/s]: 6578.129064163999
#                                   T_start= 0 s
#                                   T_end= 1 s
#                                   CCF campionation= 1e-6 s
#                                   Fit amplitude= 0.1 s
#                                   Variable bin size= 10 ph/bin
-0.04601026
-0.09072496
-0.00024428
0.03843668
-0.0009503
-0.01071312
-0.00160764
-0.00023099
-0.00023074
0.07675163
-0.00514277
-0.00029778
-0.00079113
-0.07124661
0.010999
-0.07447671
-0.00145962
-0.08438694
-0.07758569
-0.01795779
0.00922087
0.08110463
-0.00251516
9.473e-05
-0.00046098
-0.00043609
-0.07317289
6.99e-05
-0.00015343
0.00221601
-0.00030755
-0.08736438
0.09407904
-0.07667864
0.00044671
-4.326e-05
0.01088433
-0.0809337
0.01485277
-0.00494298
0.08082914
0.00021922
0.08056607
0.07436023
-0.02318915
0.27473606
-0.01387942
0.00827396
-0.00110837
0.00185836
9.902e-05
-0.00088037
0.00088579
-0.07550861
0.00142731
-0.00028869
-0.00010732
-0.01875279
-0.0006259
0.00053469
-0.06160272
-5.7e-07
0.07263185
0.00035329
-0.01021282
-0.00050605
-0.00024919
-0.00812287
-0.01970465
-0.00303279
0.00031604
-0.00016847
0.00487442
0.00150376
0.09392188
-6.2e-07
1.23e-06
0.00014371
-0.03611194
4.799e-05
-0.06778738
0.00044909
-0.00020705
-0.000196
-2.083e-05
0.00013469
-0.0006272
-0.0004629
-0.00077953
-0.07429792
0.00087244
-0.01260447
0.01098823
-0.01010245
0.00629692
-0.00431726
0.08634222
-0.083024
-0.0004389
0.00034536
