#Average flux [c/s]: 11109.383579901776
#                                   T_start= 0 s
#                                   T_end= 1 s
#                                   CCF campionation= 1e-6 s
#                                   Fit amplitude= 111 s
#                                   Variable bin size= 10 ph/bin
0.00695
0.02037
0.05065
-0.01205
0.01166
0.00472
-0.03918
-0.00298
0.00587
-0.02285
-0.01682
0.00513
0.00482
0.04183
0.04163
-0.01586
-0.02384
0.00364
0.00431
0.01737
0.03735
0.02767
0.0173
-0.04323
0.01665
-0.01237
0.00178
-0.01215
-0.02293
0.00527
0.00582
0.0072
-0.01985
0.02159
-0.02462
-0.016
0.05142
-0.01868
0.01348
0.01557
-0.02355
0.01907
0.01971
0.04775
-0.02413
-0.01317
-0.0844
-0.06964
-0.0135
-6e-05
-0.01385
0.00972
-0.01371
-0.01702
-0.02394
-0.00021
-0.03161
-0.02554
0.00434
-0.03113
0.0031
-0.03654
0.00751
-0.04504
0.02847
0.00568
0.00409
-0.01216
-0.02403
0.00559
0.01658
0.02782
-0.01305
-0.00218
-0.03724
-0.03339
0.00341
0.00426
0.02095
0.00603
-0.04221
-0.0209
0.01619
-0.01187
-0.01685
0.003
-0.02222
-0.01566
-0.00179
0.01884
0.00567
0.03293
0.00446
-0.01628
0.01239
-0.02292
0.03761
0.01646
0.03182
0.01994
