#Average flux [c/s]: 5671.878161016443
#                                   T_start= 0 s
#                                   T_end= 1 s
#                                   CCF campionation= 1e-6 s
#                                   Fit amplitude= 111 s
#                                   Variable bin size= 10 ph/bin
-0.00809
0.00369
0.03924
0.03939
-0.05111
0.03727
-0.0057
0.04916
0.00936
0.05216
-0.02147
-0.04868
-0.01709
-0.01384
0.00464
0.04281
0.04649
0.03589
0.04581
0.00052
0.04358
-0.01602
-0.01595
0.04359
0.04085
0.04388
-0.01823
-0.01778
0.00277
0.04542
0.01568
0.00889
-0.05001
0.00043
0.00531
0.04434
-3e-05
0.13812
0.02779
0.09057
-0.01863
0.04226
0.04417
0.02433
-0.04089
0.0428
-0.01775
0.04072
0.03909
-0.0198
0.04271
0.03786
-0.01781
0.0122
0.04149
0.00259
0.04185
0.07902
0.03791
-0.01499
0.03878
-0.04963
0.01237
0.07896
0.02551
0.04352
0.04313
0.03824
-0.01731
0.04298
0.03955
0.00952
-0.0017
0.02092
0.04356
0.01046
0.04228
0.04722
0.00036
-0.01342
0.04898
0.04296
0.12325
0.04564
-0.07145
0.04042
0.03869
0.03871
-0.01816
0.03287
0.04322
0.04234
-0.01708
0.04127
0.12413
0.00448
-0.01671
-0.01947
0.04446
0.03625
