#Average flux [c/s]: 14583.345375300742
#                                   T_start= 0 s
#                                   T_end= 1 s
#                                   CCF campionation= 1e-6 s
#                                   Fit amplitude= 111 s
#                                   Variable bin size= 10 ph/bin
0.01818
0.01846
-0.00761
0.04337
-0.00326
-0.00646
-0.02897
0.01786
0.01832
0.02943
-0.02901
-0.00507
0.01795
-0.02928
-0.00901
-0.02294
-0.02858
-0.02953
0.01293
0.01817
-0.00351
-0.0197
0.0101
-0.00323
0.00703
0.01766
-0.02849
0.00502
0.0035
0.04369
-0.02367
0.01809
-0.02807
0.01316
0.0177
-0.00179
-0.03981
0.01061
0.0062
0.01848
-0.02845
0.00529
0.00666
-0.00448
-0.01444
0.00584
0.00373
0.01646
0.01829
0.01866
-0.03036
0.04341
0.01753
0.0166
0.01601
0.03648
-0.00256
-0.00229
-0.00369
0.04473
-0.03547
0.01566
-0.00829
0.03834
0.01711
-0.02907
-0.02819
-0.00754
-0.00329
0.01776
0.03725
-0.02834
-0.02974
-0.01093
-0.00786
0.00519
-0.02907
0.00579
-0.03073
-0.00265
-0.02708
-0.02849
-0.00529
0.01865
0.0179
0.00599
-0.02736
0.01742
-0.00356
-0.05003
-0.05131
-0.03002
0.01812
0.0371
0.00648
-0.02501
-0.0422
0.01703
0.01698
-0.00348
