#Average flux [c/s]: 8541.672687650367
#                                   T_start= 0 s
#                                   T_end= 1 s
#                                   CCF campionation= 1e-6 s
#                                   Fit amplitude= 0.1 s
#                                   Variable bin size= 10 ph/bin
-0.01829973
0.00312829
0.00791586
0.00123948
-0.01151286
-0.00335571
-0.01133142
-0.00914303
0.00389788
-0.00110052
0.00263805
-0.00213363
0.00597526
-0.01648291
-0.00117078
4.161e-05
0.00930342
0.00059304
0.0182803
0.00972046
0.01323874
-0.01177684
0.00240464
-0.00426475
-0.01448782
-0.01126739
-0.00042431
-0.01103709
-0.01404758
0.02503962
-0.00969599
0.02511288
-0.00968725
0.00954639
0.00290327
-0.00257196
0.00969256
0.00770132
-0.0149082
-0.02913837
0.03026842
0.01034282
-0.00597406
-0.00459538
0.00706742
-0.00200995
-0.008175
0.02574272
0.00023503
0.01333242
-0.01525894
-0.00085503
0.00693482
-0.01550601
#999
-0.00871585
0.00158948
-0.00427565
-0.02562457
0.02539511
-0.00108042
-0.0051821
-0.00353204
-0.01885608
-0.01014106
-0.00800151
0.00970309
0.01699129
-0.00525738
0.01238564
0.02123872
0.00064628
-0.02157235
0.00356492
0.0071705
-0.02032088
-0.00339233
0.0073846
0.01464877
-0.01162948
#999
-0.01684392
0.00070695
0.0099895
0.00901605
0.00494122
0.00243817
-0.03068416
-0.02657999
0.02109132
0.00850526
0.02765831
-0.00070769
0.01755849
-0.00586219
0.00592503
-0.01193914
-0.01164462
-0.00278053
-0.01819988
