#Average flux [c/s]: 4614.585440677629
#                                   T_start= 0 s
#                                   T_end= 1 s
#                                   CCF campionation= 1e-6 s
#                                   Fit amplitude= 111 s
#                                   Variable bin size= 10 ph/bin
0.0003
-0.00032
0.00143
0.00073
0.00025
-7e-05
0.00067
-0.00031
-0.00011
1e-05
0.00031
-0.00027
-0.00037
-0.0003
0.00075
0.00212
0.0002
0.00031
0.00105
0.00074
-3e-05
-0.00034
-0.00068
0.00048
-0.00089
0.00013
-0.00056
-0.00062
-0.00079
-0.00073
0.00045
0.0001
0.00126
0.00035
1e-05
0.0006
-0.00097
-0.00012
4e-05
0.00026
-0.00035
-0.0003
0.00052
-5e-05
0.0009
0.00011
-0.00021
0.00059
7e-05
-0.00054
-0.00059
8e-05
0.00067
0.0
-0.0001
0.00062
0.00064
-0.00061
9e-05
-0.00074
-0.00034
-0.00044
-0.00019
-7e-05
-0.00144
0.0003
-0.00061
0.00046
0.00076
0.00052
6e-05
0.00039
6e-05
0.00077
8e-05
-9e-05
0.00016
0.00025
-0.00065
0.00074
-0.00019
-8e-05
0.00023
0.00055
0.00057
0.00011
0.0005
0.00021
0.0
-0.00034
0.00072
0.00072
-0.00025
-0.00138
8e-05
0.00024
0.00046
0.00053
0.00077
-0.0005
