#Average flux [c/s]: 9598.965407989182
#                                   T_start= 0 s
#                                   T_end= 1 s
#                                   CCF campionation= 1e-6 s
#                                   Fit amplitude= 111 s
#                                   Variable bin size= 10 ph/bin
0.00016
0.00023
-0.00016
0.0
-4e-05
-0.00018
0.00013
-0.0003
-0.00011
-6e-05
0.00013
-0.00021
5e-05
-0.00012
9e-05
-8e-05
0.00019
-0.00034
-0.00015
-0.00019
-0.00013
-0.00039
-7e-05
-0.00013
0.00025
-0.0002
-8e-05
-0.00014
-4e-05
-0.00014
-0.00011
-9e-05
-6e-05
1e-05
-0.00012
-0.00011
-4e-05
0.00042
-0.00027
-0.00026
-0.00022
-0.00016
4e-05
0.00013
-3e-05
0.0001
-0.00016
-0.00048
-0.00026
0.00025
-5e-05
0.00016
0.0
0.00015
0.00021
-3e-05
-6e-05
-5e-05
-5e-05
-0.0001
-6e-05
-0.00013
-0.00019
0.00012
0.00012
-2e-05
-0.00023
5e-05
6e-05
-0.00035
0.00018
7e-05
0.00016
-1e-05
-3e-05
-6e-05
3e-05
-0.00018
0.00014
6e-05
0.00021
-0.00015
-0.00031
0.00017
-0.00011
0.00022
-8e-05
-0.00026
-1e-05
-0.0001
-0.00015
-6e-05
-2e-05
0.00029
-4e-05
-7e-05
-0.00033
1e-05
-4e-05
0.00011
