#Average flux [c/s]: 9145.839956415408
#                                   T_start= 0 s
#                                   T_end= 1 s
#                                   CCF campionation= 1e-6 s
#                                   Fit amplitude= 111 s
#                                   Variable bin size= 10 ph/bin
0.02705
0.03068
-0.02924
-0.03523
-0.01113
0.0141
-0.01683
-0.03083
0.00823
0.0279
0.01606
-0.035
0.0303
0.02397
0.02988
-0.03098
0.01433
0.02695
-0.01418
-0.03139
-0.01047
-0.02917
-0.07396
-0.00263
-0.02465
-0.01588
-0.01592
-0.03625
0.00094
0.00961
0.01057
-0.05312
0.02871
0.00571
-0.03529
0.01745
-0.01157
0.03479
0.01854
-0.03246
0.02825
0.02314
0.00922
0.01837
0.01805
-0.03521
0.01022
0.01904
0.03107
0.02662
-0.03531
-0.08244
-0.03527
0.01129
0.02841
-0.03915
-0.01243
-0.03065
-0.03084
-0.02444
-0.03544
-0.08352
0.0136
0.02411
-0.01604
0.01038
-0.03306
0.02489
-0.01568
0.02414
-0.01688
-0.03474
-0.03104
-0.0123
-0.05201
0.03095
-0.03688
0.02702
0.05037
-0.04169
0.01129
-0.03576
-0.033
-0.08319
-0.01684
-0.01216
0.04218
0.01788
-0.0296
-0.0355
0.05019
-0.03627
0.03029
-0.02998
0.02007
0.05332
-0.03297
-0.05371
-0.03068
-0.03121
