#Average flux [c/s]: 13072.927203388148
#                                   T_start= 0 s
#                                   T_end= 1 s
#                                   CCF campionation= 1e-6 s
#                                   Fit amplitude= 111 s
#                                   Variable bin size= 10 ph/bin
-0.00013
-7e-05
-0.00011
0.00012
-4e-05
0.0
0.00019
-8e-05
0.00022
0.00019
6e-05
8e-05
-6e-05
4e-05
-0.00016
0.00011
-1e-05
-0.00019
6e-05
0.00022
-7e-05
1e-05
-0.00016
-6e-05
1e-05
0.00016
0.0001
-1e-05
-0.00017
-8e-05
-1e-05
7e-05
7e-05
-8e-05
-0.00022
6e-05
7e-05
0.0
-7e-05
-5e-05
6e-05
-0.00011
0.0
5e-05
-1e-05
-2e-05
-0.00022
-4e-05
-6e-05
5e-05
-0.0002
1e-05
-4e-05
-0.0003
0.00011
0.0001
5e-05
0.0
1e-05
-0.00023
0.0002
6e-05
-4e-05
7e-05
-0.0002
0.00019
4e-05
5e-05
-0.00018
-0.00013
-2e-05
-2e-05
-1e-05
0.00013
-3e-05
3e-05
5e-05
-0.00016
3e-05
3e-05
4e-05
-0.00016
-2e-05
-0.0001
3e-05
-1e-05
5e-05
0.00022
1e-05
8e-05
-0.00034
-6e-05
7e-05
0.00021
2e-05
-0.00024
-2e-05
-0.00012
-0.00017
1e-05
