#Average flux [c/s]: 11562.509031475554
#                                   T_start= 0 s
#                                   T_end= 1 s
#                                   CCF campionation= 1e-6 s
#                                   Fit amplitude= 111 s
#                                   Variable bin size= 10 ph/bin
0.03881
0.03313
-0.01748
-0.02348
-0.07127
-0.01751
0.00983
0.01423
0.0144
-0.03871
-0.02265
-0.00263
0.04512
-0.00168
0.01535
-0.07013
0.03752
-0.03862
-0.035
0.04493
-0.03823
-0.03767
-0.01729
0.03618
0.02978
0.05768
-0.00595
0.01252
-0.05959
-0.04134
0.02184
0.06107
-0.00582
-0.01351
0.00247
0.01314
-0.02225
0.0095
-0.02261
-0.03501
-0.02334
0.00895
0.05957
0.0203
0.03836
0.01291
0.00299
0.03849
0.02061
-0.0035
0.03917
0.02144
0.02058
0.02066
0.02159
0.02097
0.0331
0.01986
0.05234
-0.0015
0.02071
0.01321
0.02899
0.02115
0.01275
-0.0367
-0.00443
0.03883
-0.02253
-0.02289
0.00596
-0.00655
0.04465
0.01948
-0.06978
0.01041
0.01622
-0.01809
-0.01673
0.03767
-0.03793
0.0545
0.01354
0.03459
-0.01706
0.03942
-0.00018
-0.00359
-0.03879
0.05055
0.02686
0.03757
0.02103
0.01907
0.0135
0.03864
0.03855
0.03342
-0.01858
-0.0381
