#Average flux [c/s]: 10052.090859562963
#                                   T_start= 0 s
#                                   T_end= 1 s
#                                   CCF campionation= 1e-6 s
#                                   Fit amplitude= 111 s
#                                   Variable bin size= 10 ph/bin
0.00029
0.00015
-4e-05
-0.00024
0.00019
-2e-05
4e-05
3e-05
0.00018
7e-05
0.00018
-5e-05
-9e-05
-0.00022
0.00011
-4e-05
-6e-05
0.0002
2e-05
0.00015
0.00011
-5e-05
3e-05
0.00012
0.00011
0.00012
-0.00012
-7e-05
-0.00015
-0.00022
-2e-05
-0.0002
-7e-05
-0.00019
7e-05
4e-05
-0.00015
-0.00034
-7e-05
-5e-05
3e-05
-0.00021
0.00013
9e-05
-0.00012
0.00021
-5e-05
-0.00019
0.00018
-0.00017
-0.00016
9e-05
0.0002
6e-05
-3e-05
-1e-05
-9e-05
-2e-05
-0.00015
-5e-05
0.00018
0.00026
0.0001
5e-05
2e-05
-0.0001
9e-05
6e-05
0.0
-0.00012
-0.00023
-0.00013
0.00022
-0.0002
2e-05
3e-05
4e-05
0.00026
-9e-05
-5e-05
0.00022
-0.00025
-0.00014
-0.00014
-9e-05
-0.00035
0.00031
0.00011
0.00041
-0.00012
-9e-05
0.00014
-0.0003
-0.0002
-6e-05
-0.00017
-3e-05
-0.00016
1e-05
-9e-05
