#Average flux [c/s]: 8843.756322032888
#                                   T_start= 0 s
#                                   T_end= 1 s
#                                   CCF campionation= 1e-6 s
#                                   Fit amplitude= 0.1 s
#                                   Variable bin size= 10 ph/bin
-0.0007936
0.00220682
0.0040989
-0.00272784
-0.00012296
-0.00423058
0.00436236
0.00275309
0.0135621
0.00700789
3.744e-05
0.00913514
0.00107788
-1.168e-05
-0.00290499
0.01583041
0.00108332
-0.00513334
0.00098474
-0.00295417
0.01809351
-0.00576276
0.00236873
-0.01448305
0.00124436
-0.00073706
0.00537723
-0.00293982
-0.00676181
-0.0015981
0.00384015
-0.00272001
-0.00331037
0.01733284
0.01298549
0.00909621
0.01710554
-3.006e-05
0.00275399
-0.01321396
0.00719491
0.00811013
0.00763981
-0.0007919
-0.0166708
-0.00223401
0.00023839
-0.00223921
0.00322213
0.00128609
-0.00440311
-0.00020205
0.01389247
-0.00092021
0.00046598
0.00459122
0.00063481
0.00159442
-0.00470429
-0.00027446
-0.01015368
0.0177158
0.00404837
0.00185647
-0.00050194
-0.01046179
-0.01767167
0.00208431
0.01301142
0.0138978
8.086e-05
-0.00228633
-0.00549092
0.02188205
-0.00734587
0.01395643
-0.00017476
-0.00120148
0.00823193
-0.00146188
-0.00997905
0.0049962
-0.00144784
-0.00587109
-0.00232628
-0.00099322
0.00181175
-0.00158623
0.0021758
0.00503622
0.00068419
-0.00910525
0.09353883
-0.00236217
-0.00964776
0.00228518
-0.0022989
0.00896275
0.01016353
0.00406099
