#Average flux [c/s]: 17453.139901934668
#                                   T_start= 0 s
#                                   T_end= 1 s
#                                   CCF campionation= 1e-6 s
#                                   Fit amplitude= 0.1 s
#                                   Variable bin size= 10 ph/bin
0.0010447
0.00297158
0.00843235
0.00404989
0.00349502
-0.0035561
-0.00280666
-0.00101303
0.00071223
0.00567896
0.00160961
0.00861245
0.0046396
0.0067273
-0.00516238
-0.0059682
0.00636986
0.00909478
-0.00131893
-0.00139526
-0.00513073
0.00268503
0.00059364
0.00475447
0.00107964
-0.0011566
-0.00377662
-0.00739115
-0.00528641
0.00911612
0.00987633
0.00104554
-0.00706555
0.00014209
0.00323559
-0.00334239
-0.00591568
0.00401041
-0.00443295
-0.01113802
-0.00268703
0.00432009
-0.00073685
0.00028786
0.00483881
-0.00473733
0.00412068
0.00575687
0.00416653
0.00468051
0.01251548
0.00889415
-0.00232971
0.00770443
0.00898137
0.00397781
-0.0012042
-0.00477482
-0.00316201
0.0005761
-0.00928765
-0.00547932
0.00544289
-0.00334181
0.0031042
-0.00355313
-0.00646705
-0.00513187
-0.00419672
-0.00607067
-0.0064145
-0.00793159
0.01390865
0.00033268
-0.01011097
-0.00429809
0.00648189
-0.00733813
-0.00337502
0.00100111
0.00448794
-0.00420369
-0.0020542
-0.00040781
-0.00449812
-0.0003557
-0.0064976
0.00392858
0.00612638
-0.00524584
-0.01086687
0.00529058
0.0024418
-0.00152343
-0.01158605
-0.00266861
0.0070753
0.00245476
0.00600746
-0.00591136
