#Average flux [c/s]: 12468.75993462311
#                                   T_start= 0 s
#                                   T_end= 1 s
#                                   CCF campionation= 1e-6 s
#                                   Fit amplitude= 0.1 s
#                                   Variable bin size= 10 ph/bin
-0.00742778
-0.01353499
0.00308927
-0.01083946
-0.02904275
-0.01263015
-0.00832232
-0.00358416
0.00214693
0.0044334
-0.02150941
-0.00783139
0.00049218
0.00299451
-0.00603727
0.00156476
0.01670803
0.00653292
-0.0191361
-0.01207593
#999
#999
0.00584804
-0.00723036
-0.00976792
-0.0174547
-0.02131717
-0.01016306
0.00093075
-0.01292704
-0.02156615
-0.01417815
-0.02119458
-0.01611422
-0.002542
-0.00899354
0.00506962
#999
-0.02230208
-0.00582497
-0.00984444
-0.01477603
-0.00113192
0.00547715
-0.02389912
-0.0142264
-0.00765694
-0.01536478
-0.00218222
-0.00258595
-0.01304905
-0.00820272
-0.00999902
-0.01731679
-0.00657015
-0.01425432
-0.00391097
#999
-0.0215675
-0.00414141
-0.00709592
-0.01293054
-0.01277355
-0.02774192
-0.00095919
0.01127029
#999
-0.00843297
-0.02370424
-0.00532992
#999
-0.00996186
-0.00708797
-0.00351693
-0.0072579
-0.00619039
-0.00115655
-0.00368204
-0.00378094
-0.01056401
-0.00818201
0.00139517
-0.00566731
-0.00030606
-0.01331099
-0.00628218
-0.01718128
-0.00735634
-0.01566205
-0.00546928
0.0012003
-0.01453995
-0.00105924
-0.00288225
-0.00270962
-0.00489242
-0.01687094
0.00064836
-0.00889789
-0.00067562
