#Average flux [c/s]: 16244.805364404589
#                                   T_start= 0 s
#                                   T_end= 1 s
#                                   CCF campionation= 1e-6 s
#                                   Fit amplitude= 0.1 s
#                                   Variable bin size= 10 ph/bin
-0.00573665
-0.00484216
0.008973
0.00772633
0.00131475
-0.00299316
-0.003447
-0.00599733
0.00471655
0.00470837
0.00628703
0.00584884
0.00336339
0.00221267
-0.00534184
-0.00405773
0.0030272
0.00583053
-0.00399075
0.01438993
-0.01030924
0.01300761
0.00346366
-0.0096778
-0.0001539
-0.00479293
-0.00596082
0.00302638
-0.00860642
0.00120491
0.00923684
-0.00755615
-0.00903642
-0.00135405
0.00026434
0.00282134
-0.0130139
-0.00246575
0.00019267
0.00213403
0.00812448
0.00092156
-0.00665135
-0.00585264
0.00020698
0.00863065
0.00038289
0.00973223
0.0010453
0.00463884
-0.00344657
0.00516127
0.0028933
-0.00570181
0.00266029
0.00663528
-0.00062446
0.00222729
-0.00028171
0.00281319
-0.00037674
0.00769287
-0.01051878
-0.00190034
0.00406791
-0.00037358
0.0029088
0.00808256
0.0007063
0.00221596
-0.00319279
0.00173038
0.0005509
-0.00391639
-0.00969693
0.00428552
-0.0021682
-0.0028732
0.00221855
-0.00245166
-0.00769431
0.00834338
-0.00223357
-0.00022814
-0.00179945
-0.00238115
-0.00687624
0.00457745
-0.00336024
-0.00339025
-0.00172607
0.00676414
-0.01394146
-0.00172036
-0.01197085
-0.00074181
0.00792147
0.01114519
-0.00423649
0.00265794
