#Average flux [c/s]: 6578.129064163999
#                                   T_start= 0 s
#                                   T_end= 1 s
#                                   CCF campionation= 1e-6 s
#                                   Fit amplitude= 111 s
#                                   Variable bin size= 10 ph/bin
-0.00022
0.00024
-0.00017
7e-05
0.00015
5e-05
0.00014
-0.00042
5e-05
0.0003
0.00029
0.00017
0.00022
0.00035
-3e-05
7e-05
0.0002
-0.00063
0.00028
-0.00097
-3e-05
-0.00071
-2e-05
3e-05
-0.00011
0.00057
-8e-05
-0.00036
0.00025
4e-05
-0.00022
1e-05
-0.0005
-0.00014
0.00025
-0.00033
8e-05
0.00021
-2e-05
-0.00038
0.00023
0.00037
-0.00021
0.0001
0.00054
7e-05
-0.00028
-0.00026
-0.00027
3e-05
-0.00014
0.00023
9e-05
-0.0001
0.00021
-0.00039
-0.0001
0.00014
0.00039
0.00016
5e-05
-0.00029
0.0
-0.00028
-0.0006
0.00019
6e-05
0.00016
0.00041
0.0002
0.0001
-2e-05
-0.00013
-0.00036
0.00013
-0.00055
0.00036
0.0002
-0.00028
0.00051
0.00034
-0.00052
-0.00029
-4e-05
-0.00016
-0.00057
-0.0003
-0.00033
0.00033
-0.00016
-0.00042
0.00038
3e-05
-0.00013
0.0002
-0.00018
0.00025
0.0009
0.00031
0.00016
