#Average flux [c/s]: 9901.049042371704
#                                   T_start= 0 s
#                                   T_end= 1 s
#                                   CCF campionation= 1e-6 s
#                                   Fit amplitude= 0.1 s
#                                   Variable bin size= 10 ph/bin
-0.02117563
-0.02217925
-0.0067499
-0.01054141
0.00090258
-0.01282808
0.00665607
-0.01410189
-0.00749429
-0.0080998
0.00694463
-0.01052663
-0.02839576
-0.00031083
-0.00962468
#999
-0.00301418
-0.00604
-0.01679361
0.01812467
0.00312612
-0.00208097
0.01036267
-0.00859407
-0.0372458
-0.00694224
-0.01144877
-0.01199336
-0.00380024
-0.01709061
-0.00499296
-0.00985463
-0.00154559
-0.00351111
#999
-0.01995474
0.00951655
-0.02158211
0.00604203
-0.00114384
-0.03568469
-0.01411962
-0.00728255
-0.02159785
#999
0.01317035
0.00776394
-0.00275842
0.0069141
0.00411098
-0.01435058
0.0244996
-0.01656886
0.00396318
-0.00432583
0.00160903
0.00873739
-0.01203
0.01312438
-0.00525167
0.01068519
-0.01666477
-0.02408664
-0.01056204
0.00175619
-0.00629497
-0.00089007
-0.00230115
0.01169452
-0.00881379
0.004367
-0.00984786
0.01087758
0.00412948
-0.01318919
0.00646803
-0.00641668
-0.0091472
#999
-0.02115465
0.00236401
0.00011552
0.00208088
-0.00012534
-0.00238927
-0.00580218
0.00208772
0.01652564
-0.01832882
-0.01123717
-0.00448934
0.00051962
-0.00806762
-0.00667131
0.01287793
-0.00162223
-0.01009226
0.01201615
-0.02061421
0.00882784
