#Average flux [c/s]: 14432.303558109481
#                                   T_start= 0 s
#                                   T_end= 1 s
#                                   CCF campionation= 1e-6 s
#                                   Fit amplitude= 111 s
#                                   Variable bin size= 10 ph/bin
-0.02812
-0.00344
-0.00441
-0.02905
0.01788
0.0177
0.01748
-0.00414
0.01711
0.02304
0.01729
-0.00691
0.0173
0.01771
-0.00349
-0.028
0.03416
0.04406
0.02717
0.01755
0.01768
0.01758
0.00484
-0.00407
0.01711
-0.00478
0.01893
-0.02795
0.01725
-0.00457
0.0169
-0.0253
-0.02895
0.01705
0.01647
-0.00387
-0.02879
-0.00905
-0.02577
0.00748
-0.02317
0.00551
0.01701
-0.00305
-0.02831
-0.0041
-0.00702
-0.0034
-0.02539
-0.02862
-0.00961
-0.00452
-0.0039
0.01489
-0.02871
0.00043
0.04353
-0.01962
0.01666
0.01686
0.01735
-0.00903
0.00341
0.00352
-0.01047
-0.0014
-0.02865
-0.00605
-0.00378
-0.00292
-0.00491
-0.00022
0.03745
-0.02644
0.01762
-0.02905
0.01819
-0.00864
-0.00568
0.01224
0.01465
0.0149
-0.02773
-0.02851
-0.0102
-0.02825
-0.02381
0.01719
-0.00031
-0.00672
-0.01022
-0.02951
0.01738
0.04046
-0.02874
-0.02863
0.01728
0.01715
-0.0252
0.01709
