#Average flux [c/s]: 16697.93081597837
#                                   T_start= 0 s
#                                   T_end= 1 s
#                                   CCF campionation= 1e-6 s
#                                   Fit amplitude= 111 s
#                                   Variable bin size= 10 ph/bin
0.04255
-0.01402
-0.00081
-0.02296
-0.01809
-0.00188
-0.01789
-0.02346
-0.01792
-0.06609
-0.01778
-0.01587
-0.04556
0.01845
-0.01596
-0.02336
-0.01528
-0.00113
-0.00233
0.0189
-0.01933
-0.03911
-0.02838
-0.01589
-0.02765
-0.01577
-0.018
-0.0153
-0.01539
-0.01885
0.00625
-0.01477
-0.045
-0.04517
-0.01443
-0.01526
-0.01535
-0.01945
-0.02271
-0.00264
0.00614
0.02164
-0.0069
-0.01918
-0.01604
-0.02861
-0.01482
-0.04544
0.03401
-0.00127
-0.0191
-0.01447
-0.01767
-0.01541
-0.0171
-0.01565
-0.01732
-0.01601
0.01408
-0.0462
-0.01485
-0.01628
-0.02362
-0.0157
-0.0451
-0.01506
-0.02814
-0.02293
-0.06148
-0.01557
0.01803
-0.00174
0.00581
-0.01598
-0.00043
-0.04572
-0.01625
-0.0502
-0.01782
-0.00202
-0.00109
-0.02338
0.02594
-0.01381
-0.01543
-0.01804
-0.01413
-0.01531
-0.02311
-0.02356
-0.01532
-0.01533
-0.01193
0.01674
-0.01588
-0.00289
-0.0173
-0.0191
-0.01504
-0.01515
