#Average flux [c/s]: 13828.136289344446
#                                   T_start= 0 s
#                                   T_end= 1 s
#                                   CCF campionation= 1e-6 s
#                                   Fit amplitude= 111 s
#                                   Variable bin size= 10 ph/bin
-0.00012
7e-05
-4e-05
-1e-05
3e-05
-1e-05
3e-05
0.0
-9e-05
0.0
7e-05
6e-05
-1e-05
-0.00018
6e-05
-6e-05
9e-05
-0.00013
-5e-05
6e-05
6e-05
-3e-05
-2e-05
0.00012
-0.00011
-0.00021
5e-05
4e-05
9e-05
2e-05
2e-05
-0.00014
2e-05
0.0
-5e-05
-0.00018
-0.00014
0.0
2e-05
6e-05
0.0
-1e-05
0.0
-0.00017
6e-05
2e-05
0.00015
-0.00011
2e-05
-0.00011
3e-05
3e-05
2e-05
-4e-05
-9e-05
7e-05
2e-05
-6e-05
-0.00022
0.0001
0.0001
-9e-05
0.00012
-2e-05
-1e-05
-7e-05
0.00013
1e-05
0.00013
0.0
-3e-05
-7e-05
6e-05
-0.00015
-4e-05
0.00014
-3e-05
-0.00011
2e-05
3e-05
2e-05
-1e-05
-0.00015
0.00014
9e-05
7e-05
3e-05
3e-05
0.00011
-6e-05
3e-05
9e-05
-5e-05
4e-05
-0.00015
5e-05
-0.00011
-7e-05
-1e-05
-0.0001
