#Average flux [c/s]: 13223.969020579409
#                                   T_start= 0 s
#                                   T_end= 1 s
#                                   CCF campionation= 1e-6 s
#                                   Fit amplitude= 0.1 s
#                                   Variable bin size= 10 ph/bin
-0.0028547
-0.00669691
0.00042636
0.00117703
0.0125535
0.00347926
0.0095335
-0.00609124
0.00976536
0.00387945
-0.00576328
0.00033678
0.01157278
0.00700834
-0.00129046
0.00488249
0.00842123
-0.00951001
-0.00211201
0.000761
0.00526422
-0.00425649
-0.00108628
-0.00640994
-0.00673779
-0.00282595
0.00512449
0.00052103
0.00701043
0.00517259
-0.00540682
-0.00271322
-0.00159357
-0.01863924
0.00261805
0.00994661
0.00336821
-0.01116192
-0.00845206
0.00050155
-0.00504249
0.01324603
0.00705587
-0.00378236
0.00243754
-0.00180143
0.00328615
0.00092563
0.00635365
-0.00724505
0.00062982
-0.00027652
-0.00393065
-0.00900991
-0.00818276
0.00533471
-0.0107777
-0.00535164
-0.00749415
-0.01275711
0.0068996
-0.00278177
0.01531789
-0.00135306
0.0012149
0.00391296
0.00250569
0.00104073
-0.00099301
-0.00410511
-0.00170175
0.00067454
-0.00280612
-0.01217344
-0.00029057
-0.00677496
-0.00101679
-0.00667579
-0.00827855
0.00726135
-0.00199272
0.00648795
-0.00282595
0.00183777
-0.00927434
-0.00488782
0.00249539
-0.00709124
-0.00463772
-0.00568101
0.00693507
1.503e-05
-0.00094463
0.01070368
0.00916223
-0.00689042
-0.01207464
0.01006125
0.00717956
0.00850212
