#Average flux [c/s]: 9598.965407989182
#                                   T_start= 0 s
#                                   T_end= 1 s
#                                   CCF campionation= 1e-6 s
#                                   Fit amplitude= 0.1 s
#                                   Variable bin size= 10 ph/bin
0.0162781
0.0048149
0.00961381
0.012338
0.01229747
0.02627424
-0.00633914
0.02416521
0.00491905
0.00920125
0.00892098
0.01263973
0.01538601
0.025304
0.02729682
0.00125375
0.01464235
0.00529677
0.02185183
0.00549268
-0.0003158
0.03833478
0.02220076
0.00824114
0.0176223
0.01804689
0.01646702
0.02106926
0.00348656
0.01875597
0.00346178
0.0113253
0.01012867
0.02743313
-0.00115012
0.01921496
0.01355925
0.03072444
0.00112204
0.0128674
0.00996368
0.0203663
0.01350642
0.0074784
0.00422762
#999
0.01555047
0.01869106
0.02187039
0.0041164
0.01672593
0.02500159
0.00944054
0.01102309
0.01298185
0.01305731
0.00962347
0.00874591
0.00194137
0.00781822
0.01734103
0.018407
0.02606942
0.00900309
0.02050788
0.01827538
0.00307514
0.01764779
-0.00654157
-0.00133708
0.02161707
0.02321313
0.02597263
0.00766572
0.01244828
0.01102918
0.01819933
0.00903242
0.00810848
0.01876087
0.00985299
0.01608166
0.00932004
-0.00690519
-0.00233238
0.02045902
0.0198167
0.01533582
0.00532203
0.02527686
#999
0.01352021
0.02461404
0.00334039
0.02288697
0.01425387
-0.00011411
0.00829778
0.03334555
0.02003359
