#Average flux [c/s]: 3557.2927203388144
#                                   T_start= 0 s
#                                   T_end= 1 s
#                                   CCF campionation= 1e-6 s
#                                   Fit amplitude= 111 s
#                                   Variable bin size= 10 ph/bin
0.11063
-0.20443
0.16203
0.14151
0.01071
-0.02935
-0.02474
0.15333
0.09223
0.02975
0.058
-0.01895
0.03277
0.03108
0.00901
0.15141
0.11002
0.01447
-0.09783
0.10988
0.16204
-0.07189
0.00716
0.06316
0.18581
-0.02686
0.00682
-0.09983
0.01603
0.19744
0.11224
0.01211
0.11282
0.09431
0.15823
-0.19955
-0.2023
0.11054
0.06318
-0.0267
0.05263
0.18997
0.08575
0.16035
-0.03261
-0.03458
-0.0034
-0.03389
-0.15386
-0.08283
0.02352
0.18528
0.02602
0.10077
0.15791
0.10833
0.00721
0.03187
0.16276
-0.2071
0.02873
0.18325
0.00585
-0.12798
0.11033
0.01285
-0.02939
-0.02487
-0.20664
0.01024
0.11024
-0.02512
0.02627
-0.02623
0.36078
0.07899
-0.20429
-0.02665
0.22849
0.08359
-0.10213
0.16546
-0.2049
0.10859
0.24429
-0.0266
-0.08808
-0.20684
0.18787
0.03199
-0.20659
0.03057
0.08489
0.02866
0.0793
0.24336
-0.17112
-0.20551
0.03023
-0.03376
