#Average flux [c/s]: 12468.75993462311
#                                   T_start= 0 s
#                                   T_end= 1 s
#                                   CCF campionation= 1e-6 s
#                                   Fit amplitude= 0.1 s
#                                   Variable bin size= 10 ph/bin
-0.00322608
-0.01117641
0.00691302
0.00614957
0.00448709
-0.00399885
-0.00131261
0.00739339
0.00759902
-0.01683218
-0.01173672
-0.01040657
-0.00093607
-0.00592965
0.00404664
0.01352353
-0.00159784
0.00373886
0.00546366
-0.00025203
-0.00134001
0.00042108
0.00013515
-0.00152739
0.00015055
0.00253422
0.01984782
0.00063734
-0.00146736
0.00495096
-0.00988026
0.00030496
-0.00275199
-0.00407201
-0.00359489
-0.00051755
0.00639259
-0.00878855
0.00910706
0.00105078
0.00566972
-0.00567003
-0.00410833
-0.00299051
0.00500706
-0.00206078
0.00786833
-0.00594312
-0.00338497
0.00517766
-0.00522888
0.00691377
0.00131242
-0.00020011
-0.0016697
0.00591182
0.00554087
-0.00874512
0.00566314
-0.01068305
0.0042404
-0.01217553
-0.00961626
-0.01059274
0.00804092
0.002384
0.00397464
-0.00573455
-0.00779516
0.01230413
0.00215861
0.00589194
0.00273846
0.01135397
-0.00203955
-0.00178
-0.00226947
0.00481178
0.00105813
0.00447724
0.01140106
0.00062458
-0.00255815
-0.00104226
0.00032108
0.00912509
0.00885454
-0.00292371
-0.00257432
0.00579867
0.00405684
-0.00143196
-0.00028951
-0.00339884
-0.00124104
0.00261255
-0.00430632
-0.00460798
0.00700887
0.0028416
