#Average flux [c/s]: 7484.3799673115545
#                                   T_start= 0 s
#                                   T_end= 1 s
#                                   CCF campionation= 1e-6 s
#                                   Fit amplitude= 111 s
#                                   Variable bin size= 10 ph/bin
-0.00086
-0.00044
0.01996
-0.00425
0.00203
0.02064
-0.00099
-0.00062
-0.00314
0.01778
0.04387
0.01914
-0.00208
0.08621
0.02
-0.03359
0.05674
0.04506
-0.00482
-0.03861
0.0201
0.04495
0.01678
0.02714
0.00971
0.00805
0.0571
-0.00121
-0.00072
0.01795
-0.00323
-0.03862
0.0376
-0.00148
0.02092
-0.04562
0.01997
0.05709
-0.00463
0.00669
0.01781
0.02061
0.01794
-0.00395
-0.00247
-0.00629
0.04214
-0.00084
-0.00023
0.13389
0.02193
-0.00197
0.01728
-0.03942
-0.02857
-0.03831
0.012
0.08596
-0.00075
-0.00357
0.01811
0.0578
0.07345
0.01926
-0.00216
0.0181
0.00927
0.02134
0.00995
0.02015
-0.00142
-0.04398
-0.03852
-0.00082
-0.00882
0.05722
-0.00256
0.02073
0.04623
-0.08932
0.02308
0.01926
0.02086
0.01982
0.07575
-0.03831
-0.0897
0.00062
0.00982
-0.00113
0.05645
0.04358
-0.0008
-0.00245
-0.00284
0.0449
0.05659
0.02205
-0.00449
0.04436
