#Average flux [c/s]: 9447.923590797925
#                                   T_start= 0 s
#                                   T_end= 1 s
#                                   CCF campionation= 1e-6 s
#                                   Fit amplitude= 111 s
#                                   Variable bin size= 10 ph/bin
0.00502
-0.01785
-0.01725
-0.01842
-0.02388
0.0017
-0.05048
0.00298
0.02043
-0.01167
-0.01625
-0.02909
0.00229
-0.02523
0.00239
-0.01829
-0.01491
-0.01826
-0.02422
-0.02558
-0.01643
0.02417
0.01629
-0.0161
-0.0176
-0.02537
-0.00766
0.00972
-0.01768
-0.01634
0.01518
0.00125
-0.00233
-0.00844
-0.02444
-0.02327
-0.01594
-0.02628
-0.02711
-0.01699
-0.00967
-0.02011
-0.01658
-0.02599
0.04419
0.04355
-0.01837
-0.00418
-0.00709
-0.00406
9e-05
-0.01832
0.0062
-0.04525
-0.02386
0.00174
-0.02401
-0.02877
-0.02513
-0.01094
-0.01552
-0.02513
-0.02351
0.00218
-0.0273
0.05721
0.00345
-0.04215
-0.0227
0.02869
-0.01581
-0.01659
-0.0291
-0.01855
-0.01781
-0.02867
-0.02302
-0.01737
-0.02143
-0.00902
-0.02329
-0.02327
-0.02408
-0.0166
-0.02533
-0.00622
-0.02368
-0.03052
-0.01788
0.05951
0.00217
-0.01583
0.01507
-0.02745
-0.02315
-0.04264
-0.02538
-0.01603
-0.01747
-0.02407
