#Average flux [c/s]: 8994.798139224147
#                                   T_start= 0 s
#                                   T_end= 1 s
#                                   CCF campionation= 1e-6 s
#                                   Fit amplitude= 111 s
#                                   Variable bin size= 10 ph/bin
-0.04848
-0.02221
0.00105
-0.06395
-0.02487
-0.01276
0.01174
-0.02156
0.01044
-0.02223
-0.00064
-0.02162
0.02057
-0.03311
-0.01401
-0.00059
-0.00922
-0.02127
-0.02272
-0.01707
0.00842
0.00558
-0.02285
0.02644
-0.00025
-0.01733
-0.04404
-0.01035
-0.03082
-0.03402
-0.00968
-0.0269
0.02866
-0.00917
-0.00933
0.00047
-0.05913
-0.0871
-0.03093
-0.04881
-0.01384
-0.02263
-0.00124
0.00178
-0.01803
0.02158
-0.05866
-0.0092
-0.01677
0.03113
0.02694
-0.00188
-0.0069
-0.0681
-0.04366
0.01869
-0.0599
-0.01088
-0.01261
0.06519
-0.04343
-0.01384
-0.02115
-0.0271
-0.04248
-0.069
-0.03425
-0.01374
-0.02146
-0.01004
-0.00932
-0.05979
-0.00879
-0.0211
-0.04958
-0.03667
-0.02264
-0.00898
-0.02344
0.02687
0.02832
-0.00912
-0.00927
-0.04447
-0.05083
0.02216
-0.02478
0.02727
-0.02602
0.02941
0.01341
-0.01817
-0.02103
-0.01052
-0.01362
-0.01398
0.00159
-0.0007
0.03689
0.03717
