#Average flux [c/s]: 8994.798139224147
#                                   T_start= 0 s
#                                   T_end= 1 s
#                                   CCF campionation= 1e-6 s
#                                   Fit amplitude= 0.1 s
#                                   Variable bin size= 10 ph/bin
-0.00179692
0.00690554
0.00687128
-0.00043833
-0.00172432
-1.016e-05
0.00479199
0.00650244
-0.00960401
0.00454204
-0.00260478
-0.00197588
-0.01890408
-0.00104042
-0.00267536
-0.01965967
-0.00563872
0.02057357
0.00207417
0.00272422
-0.00620228
-0.00249235
0.00051291
0.00510756
-0.00533314
0.00026518
-0.01123519
-0.00115697
-0.0145765
-0.00780039
-0.0149145
-0.00081332
-0.00011594
-0.01823567
-0.01514384
-0.01028092
-0.00909718
-0.00752606
0.00162619
-0.01338515
0.00149115
0.00809338
-0.01349383
-0.00333495
-0.00923022
-0.00567421
-0.00751193
-0.00761086
0.01335313
-0.00062099
-0.00484017
-0.00809681
0.00442213
0.0199466
-0.01224704
0.00427023
0.00717856
-0.00354959
2.45e-05
-0.0071929
-0.00352903
-0.0167268
0.00821753
-0.00720842
0.00766277
-0.00120288
0.00622655
0.01036561
-0.01052147
0.0002071
0.01980969
-0.0237549
-0.00096483
-0.00461339
0.00794911
0.01347992
0.00197241
0.01406206
-0.01831516
-0.01109063
0.01346799
0.00216979
0.00519582
-0.01459947
-0.01341191
0.01112242
0.00947401
0.00955337
0.00586621
0.00241114
0.00607284
-0.00937572
0.00066741
-0.01129044
-0.00383853
-0.00240524
0.00738382
0.00857174
0.000795
0.01298445
