#Average flux [c/s]: 13677.094472153185
#                                   T_start= 0 s
#                                   T_end= 1 s
#                                   CCF campionation= 1e-6 s
#                                   Fit amplitude= 0.1 s
#                                   Variable bin size= 10 ph/bin
0.01016732
0.0120571
0.00176184
-0.00111032
0.01502527
-0.00448164
-0.00346984
-0.01923994
0.00559089
#999
0.00245617
-0.00292436
0.00527332
-0.00103832
0.00364598
-0.00551349
0.01477554
0.00204495
-0.00865537
0.01229021
0.00318879
0.0044552
-0.00193826
-0.00306793
0.01002662
-0.00375366
0.00801267
-0.00341233
0.00433439
0.00253999
-0.00886015
0.0036293
-0.00305666
0.01598187
-0.00419742
0.00399453
-0.00478006
-0.00793503
-2.814e-05
0.00163712
-0.0030766
0.00267672
0.00463456
-0.00937429
-0.00604684
0.00957801
0.00332375
0.00175879
0.00346062
-0.00785677
0.01615215
-0.00147758
0.00782498
-0.00273834
0.00775971
-0.00864651
-0.00714389
0.00700195
0.00995123
-0.00535231
-0.00459307
0.01275167
-0.00445638
0.00468877
-0.00817538
-0.00501806
0.01066027
-0.00108779
-0.00666098
0.00621761
-0.00624164
-0.00768984
-0.00577535
0.00118173
-0.00973639
-0.00386255
-0.00841693
-0.00421412
0.00696584
0.00348101
0.00423524
-0.00390234
0.00673897
-0.00790262
-0.00867839
0.00543022
-0.00924385
0.00892803
0.00859114
-0.00704794
-0.00697466
0.00075081
0.00944641
0.00827555
-0.00511453
0.00711186
0.01353276
-0.01118004
-0.00084163
0.00662188
