#Average flux [c/s]: 15187.512644065779
#                                   T_start= 0 s
#                                   T_end= 1 s
#                                   CCF campionation= 1e-6 s
#                                   Fit amplitude= 111 s
#                                   Variable bin size= 10 ph/bin
2e-05
0.0001
1e-05
5e-05
-0.0001
0.00021
-0.00016
1e-05
-0.00016
-3e-05
-5e-05
-4e-05
-0.00013
0.00017
0.00012
-4e-05
-5e-05
-3e-05
-0.0001
0.0
7e-05
0.00016
0.00018
7e-05
8e-05
-3e-05
7e-05
-1e-05
-8e-05
0.0001
7e-05
8e-05
1e-05
-5e-05
-3e-05
-7e-05
0.0002
-9e-05
-3e-05
0.0001
0.0
-6e-05
1e-05
6e-05
-5e-05
4e-05
-4e-05
-9e-05
9e-05
-2e-05
0.00011
-1e-05
-0.00012
-3e-05
2e-05
1e-05
0.0
-7e-05
7e-05
0.00025
3e-05
-2e-05
0.00019
7e-05
-0.00032
-8e-05
0.00012
-5e-05
8e-05
6e-05
5e-05
-5e-05
9e-05
4e-05
2e-05
4e-05
-5e-05
-2e-05
0.0
-3e-05
-6e-05
-0.00019
9e-05
3e-05
1e-05
0.0001
-5e-05
-6e-05
0.0
0.00011
-5e-05
0.00012
4e-05
0.00013
7e-05
5e-05
-0.00015
6e-05
6e-05
4e-05
