#Average flux [c/s]: 11109.383579901776
#                                   T_start= 0 s
#                                   T_end= 1 s
#                                   CCF campionation= 1e-6 s
#                                   Fit amplitude= 0.1 s
#                                   Variable bin size= 10 ph/bin
0.00224726
-0.00604516
#999
-0.00185692
0.00599616
0.00389975
-0.00967283
-0.00155881
0.00421598
0.00545616
-0.0067804
-0.00741267
-0.01230191
0.00265066
0.00740038
-0.00146433
0.00474657
-0.00387858
-0.00473579
0.00990507
-0.01168116
-0.0130596
-0.00923219
0.01120512
-0.00079856
-0.00198361
0.00514715
-0.00469792
0.00968335
0.00418682
0.00153509
0.00053535
0.00180842
-0.00780674
0.00911435
-0.00306676
0.00886237
0.00233349
0.02067265
0.00561195
0.00852363
0.00711265
0.00614353
-0.00374384
-0.00137678
-0.01330447
0.00266927
-0.00577204
0.00765575
0.00171213
-0.00812462
-0.01298759
-0.00338456
#999
0.0097132
-0.00733065
-0.00555288
0.00265353
0.0080766
0.001263
-0.00648013
-0.01130954
0.0024839
-0.00443438
-0.00961755
-0.01318318
0.00938128
0.00917093
-0.00220079
-0.00099096
-0.01100762
0.00242039
-0.01217613
0.00985998
-0.00253474
-0.00747721
0.00034904
-0.00165622
0.00335741
-0.0067681
-0.0076141
-0.00433732
-0.00012828
0.00427791
-0.01937536
0.01004338
0.00714027
-0.00634199
0.0101253
0.01149456
-0.00057386
0.00024829
0.00223382
0.01589933
-0.00702102
0.013417
0.00415567
-0.01197001
-0.00080118
0.01434227
