#Average flux [c/s]: 9145.839956415408
#                                   T_start= 0 s
#                                   T_end= 1 s
#                                   CCF campionation= 1e-6 s
#                                   Fit amplitude= 0.1 s
#                                   Variable bin size= 10 ph/bin
-0.00237685
0.00239527
0.01666574
-0.0016193
-0.01871745
-0.00479169
0.00470972
0.00872611
0.00766016
0.00351045
0.00542632
-0.00060623
0.00443744
-0.00130647
0.00810687
-0.00913473
-0.00055582
0.00020165
-0.00729887
-0.00050682
-0.00104679
0.01670664
-0.00531699
0.00228458
0.00603046
0.01127057
-0.00380883
-0.0067707
0.01195584
-0.00691376
0.00403608
-0.0047089
-0.02526037
-1.234e-05
-0.00054109
0.00036918
-0.0122855
-0.00057379
0.00462763
0.00176682
0.00403424
0.00066027
0.00521753
-0.0067016
-0.01346036
-0.01933497
-0.00778834
0.00101066
0.00214827
-0.00533071
-0.00121822
0.00422469
0.0003242
-0.00537339
-0.01814463
0.00278903
0.01283342
0.02716012
-0.00463338
-0.00787279
0.00189887
-0.00107345
-0.00458596
-0.00364367
0.00549696
0.01027065
0.01361334
0.01729973
-0.00505971
-0.01029785
-0.00133513
0.00492341
0.0039964
0.02342855
-0.00178132
0.00976794
0.00908498
-0.00067061
0.01283053
0.01470622
-0.00192207
0.00458565
-0.00612843
8.702e-05
0.00068622
-0.00732503
0.0013842
0.01097825
-0.00215352
0.00509291
-0.00452863
0.00132271
-0.00202199
-0.01245289
0.00992031
-0.00626525
0.01097732
-0.00991836
0.01490414
0.00928283
