#Average flux [c/s]: 7937.505418885333
#                                   T_start= 0 s
#                                   T_end= 1 s
#                                   CCF campionation= 1e-6 s
#                                   Fit amplitude= 111 s
#                                   Variable bin size= 10 ph/bin
-0.00018
0.00043
3e-05
-0.00053
0.00037
0.00035
0.00044
-0.00032
0.00014
0.00011
-0.00018
-0.00026
-0.00014
3e-05
-0.00011
-0.00029
-0.00039
-0.0007
-5e-05
0.0
0.00027
-0.00025
-0.00019
-6e-05
-0.00027
-0.00042
-6e-05
-0.00033
0.00012
0.00043
0.00025
0.00019
0.00055
-0.00025
9e-05
0.00013
-0.00058
-0.00026
0.00012
-0.00026
-0.00043
0.0
0.00014
-0.00019
-0.00019
-0.00021
0.0002
-5e-05
0.00035
-0.00052
0.00046
-0.00026
-0.00021
2e-05
0.00019
0.00044
-0.0007
-0.00021
-0.00012
0.00047
-0.0001
-0.00013
0.00041
2e-05
-8e-05
5e-05
0.00012
-0.00036
8e-05
-0.00017
0.00024
-0.00022
0.00052
-2e-05
-0.00026
0.00037
7e-05
0.00048
-0.00019
-9e-05
-5e-05
-0.0002
0.00043
-9e-05
0.00026
0.00025
-0.00013
0.00022
-0.00021
3e-05
0.00033
-5e-05
7e-05
-0.00049
0.00017
0.00044
-0.00011
0.00022
0.00013
-0.00021
