#Average flux [c/s]: 10656.258128328001
#                                   T_start= 0 s
#                                   T_end= 1 s
#                                   CCF campionation= 1e-6 s
#                                   Fit amplitude= 111 s
#                                   Variable bin size= 10 ph/bin
-0.00015
0.00014
0.00029
6e-05
0.00031
-5e-05
0.0
0.00012
-7e-05
-0.0001
0.00031
2e-05
2e-05
0.00017
-0.0003
-0.00021
-9e-05
5e-05
0.0
-0.00016
-2e-05
1e-05
-3e-05
0.00016
-7e-05
0.00025
-0.00012
-0.00012
4e-05
8e-05
0.00017
-0.00015
9e-05
7e-05
-8e-05
0.00016
8e-05
0.00034
1e-05
-0.00013
-0.00024
-5e-05
0.00019
9e-05
3e-05
2e-05
0.00014
-7e-05
1e-05
-9e-05
-0.00012
-0.00011
-7e-05
-0.00018
6e-05
-0.00011
0.00019
0.00013
0.00013
-0.00012
8e-05
0.00013
-3e-05
-4e-05
-7e-05
-0.0002
0.0
-5e-05
0.00013
5e-05
1e-05
1e-05
-0.00023
-8e-05
-0.00013
-0.00014
0.00027
-0.00016
0.00011
4e-05
-6e-05
1e-05
-6e-05
6e-05
4e-05
4e-05
0.00019
4e-05
0.00017
-7e-05
-4e-05
0.00029
-7e-05
-1e-05
-0.00016
-9e-05
0.00055
-7e-05
-0.0001
6e-05
