#Average flux [c/s]: 8994.798139224147
#                                   T_start= 0 s
#                                   T_end= 1 s
#                                   CCF campionation= 1e-6 s
#                                   Fit amplitude= 111 s
#                                   Variable bin size= 10 ph/bin
-5e-05
0.00016
0.00014
-0.00021
0.00014
-0.00019
1e-05
0.00018
-0.00042
-0.00041
0.00043
5e-05
0.00013
-0.00026
0.0006
0.00024
-0.00013
6e-05
0.00061
-0.00044
-6e-05
-0.00011
0.00038
-3e-05
0.00023
0.00023
0.00021
0.0
0.00018
-2e-05
-0.00035
6e-05
4e-05
0.00032
-0.00032
-0.00014
-0.00021
-0.00011
0.00029
-0.00017
-0.00015
3e-05
0.00019
-3e-05
-4e-05
0.0003
0.0002
-9e-05
4e-05
-2e-05
0.00021
-0.00053
-8e-05
0.0
-0.0001
4e-05
7e-05
0.00042
-4e-05
0.00035
0.00013
0.00037
5e-05
-9e-05
0.0001
0.00034
9e-05
0.00029
1e-05
-5e-05
-5e-05
-0.00019
-6e-05
0.00027
-0.00022
-0.0002
-0.00016
0.00014
-0.0001
0.00036
-0.00035
1e-05
0.0
0.00012
-1e-05
7e-05
0.00021
-0.00017
-4e-05
0.00014
-0.00011
0.00017
0.00012
-0.00013
0.00021
0.00036
0.00017
-0.00019
0.00029
-9e-05
