#Average flux [c/s]: 13072.927203388148
#                                   T_start= 0 s
#                                   T_end= 1 s
#                                   CCF campionation= 1e-6 s
#                                   Fit amplitude= 0.1 s
#                                   Variable bin size= 10 ph/bin
0.00830715
0.00028942
0.00755409
-0.00291698
-0.00941639
-0.0084824
0.00842802
-0.0021498
-0.00578747
0.0072712
0.00075152
0.00642619
-0.0054383
0.00035127
0.00511543
0.00508466
0.00349115
6.991e-05
-0.00554
-0.00327608
-0.00038093
0.00201834
-0.00271337
-0.00760681
0.00676125
-0.00351885
-0.0076449
0.00714189
-0.01403097
0.00644053
0.0060137
-0.00301087
-0.00694733
-0.00451634
0.00050552
-0.00675576
-0.00352253
-0.00376459
0.00039209
0.00667832
0.01393751
0.00741421
-0.00511843
0.00010664
-0.00371284
-0.0028917
0.00763787
0.00189293
0.0010154
-0.00365346
-0.00219166
-0.00745059
-0.00243931
-0.01485796
0.00321247
-0.00509952
0.00709995
-0.00328917
-0.00348093
-0.00456662
-0.00043751
-0.00657233
0.0115919
-0.00245582
0.00110756
-0.0014338
-0.01354881
-0.00488768
0.00656796
-0.00267504
0.00781425
-0.00345762
0.0125747
-0.00178051
-0.00697448
0.00669692
-0.0067014
0.00450289
2.62e-06
0.00724738
0.00597127
-0.00519401
-0.00122821
-0.00159952
-0.00644496
-0.00069933
-0.01139804
-0.00307738
-0.00013656
0.00387866
0.0090219
0.0071729
0.00457826
0.00345549
0.00101158
-0.00585766
-0.01084706
-0.01337686
0.01044102
-0.00514481
