#Average flux [c/s]: 8390.630870459112
#                                   T_start= 0 s
#                                   T_end= 1 s
#                                   CCF campionation= 1e-6 s
#                                   Fit amplitude= 0.1 s
#                                   Variable bin size= 10 ph/bin
0.01510304
-0.01400825
-0.01418721
-0.00104499
-0.01723751
-0.00585148
-0.0102938
-0.00879143
0.00467977
0.00174043
-0.00871147
-0.01256894
-0.01764846
#999
-0.01674285
-0.00559154
-0.0250266
-0.00416471
0.00414741
-0.01432745
-0.02485636
-0.01659461
-0.00141352
0.00523787
-0.02099871
-0.00630514
0.02019261
0.00611572
-0.02061158
0.02567824
0.00738983
-0.02525785
-0.00842661
-0.03218947
-0.00832131
0.00130818
-0.01400521
0.00747745
-0.0160397
-0.02405641
-0.00306708
-0.01801216
-0.02451497
0.00137829
0.02994045
-0.00822005
0.00969024
-0.02056061
-0.00448576
-0.00594877
0.0024626
-0.01465747
0.00317566
#999
-0.00462941
0.00193944
-0.02050655
-0.00687488
-0.01672884
0.02311549
#999
-0.01702567
0.00611861
-0.02517419
-0.01544166
-0.03370932
-0.00961064
-0.01561498
0.00497552
-0.0128285
0.04022478
-0.00913802
-0.01263062
-0.01196737
-0.02312688
0.00259823
-0.00296474
-0.01473375
-0.01983904
-0.04429241
-0.01253826
-0.0108171
-0.01460201
-0.01371906
#999
-0.00203279
-0.00859306
0.00366176
0.00685442
-0.00735624
-0.00397902
-0.00094798
-0.01063217
-0.00905459
-0.01978666
-0.00876807
-0.00236629
-0.00826613
-0.01104541
#999
