#Average flux [c/s]: 7635.421784502813
#                                   T_start= 0 s
#                                   T_end= 1 s
#                                   CCF campionation= 1e-6 s
#                                   Fit amplitude= 0.1 s
#                                   Variable bin size= 10 ph/bin
-0.00072725
0.00210286
-0.00363067
-0.01490891
0.0008041
-0.00690751
0.00129739
-0.00788428
-0.0167134
0.00792815
0.01988466
0.00739147
0.00191294
0.00019897
0.01321503
-0.01673988
0.00195445
0.00090025
0.00860263
-0.0070946
-0.10114576
-0.0058544
0.01266804
0.01187468
-0.00276475
0.02232323
-0.00201351
0.02222955
-0.00429136
0.01924028
0.00320106
-0.0192635
-0.00246578
-0.00314492
-0.02043811
-0.0050026
-0.00063611
-0.00062691
0.00027488
0.01258389
-0.00215884
0.00252728
-0.01451247
-0.13329153
0.01686351
0.00574772
-0.00777127
0.00082561
0.01239142
-0.00687904
0.01183934
-0.0056373
0.00612287
0.01393811
0.01486432
0.00937856
-0.00046525
0.0068632
-0.00431828
0.00453111
-0.02040075
-0.00362226
-0.0028784
-0.00270845
4.98e-05
0.00012759
0.00042263
-0.01086626
-0.01417474
-0.01202398
0.0005643
0.00277127
-0.0042188
-0.00164345
-0.00657762
-0.00403536
0.00165498
0.01761993
-0.00205716
-0.01541534
-0.01510608
0.00178992
-0.00466156
0.00098697
0.00804566
-0.00337053
-0.01014508
-0.0003098
0.01028557
0.00638975
-0.01823054
-0.0238471
0.01244938
-0.00682445
0.00022171
0.01158593
-0.01669639
0.02565706
-0.02050641
0.00573723
