#Average flux [c/s]: 12317.718117431852
#                                   T_start= 0 s
#                                   T_end= 1 s
#                                   CCF campionation= 1e-6 s
#                                   Fit amplitude= 0.1 s
#                                   Variable bin size= 10 ph/bin
0.00514122
#999
0.01777137
0.00398242
0.02779814
0.00687366
0.00505984
#999
0.00501127
0.00461747
0.00750575
-0.00437272
-0.00541132
0.00228381
-0.00080214
-0.02396539
0.0155276
0.00572519
0.01363656
0.02698386
0.017954
0.01012542
#999
-0.00271355
-0.0041133
0.0097346
-0.00446626
0.0104853
0.00233791
0.01489408
0.02481206
0.01796805
4.87e-05
0.01732796
-0.00772395
#999
-0.00950125
0.01393346
0.01096838
0.00579108
0.00386479
0.0054301
0.02431183
0.01243148
-0.00917133
0.00598796
0.00782375
-0.00072759
0.02087542
0.00524202
-0.00428091
#999
#999
#999
-0.00149049
#999
0.00963254
0.0176054
0.00960782
0.0195167
0.01134269
0.00686845
0.00234689
0.00087366
0.02435953
0.00121485
0.00241686
-0.00273459
0.00449457
0.01105412
-0.00156647
-0.00313279
0.00154574
0.00477633
0.02042755
-0.00827693
0.01713371
0.00486499
0.01121583
-0.0044291
0.00069493
0.00854586
#999
#999
#999
0.00881653
#999
0.01952618
0.00964658
0.00327124
0.00048944
0.00186397
0.0168503
0.00203029
0.01343816
0.00917065
0.00363785
0.00751514
0.01590254
0.00910426
