#Average flux [c/s]: 11260.425397093037
#                                   T_start= 0 s
#                                   T_end= 1 s
#                                   CCF campionation= 1e-6 s
#                                   Fit amplitude= 0.1 s
#                                   Variable bin size= 10 ph/bin
0.00788466
#999
-0.01203174
-0.01308056
0.00239187
-0.00437619
0.00454674
-0.00951106
0.00466541
0.00581259
0.00487927
0.00884033
-0.00697374
0.0006755
0.00612424
0.00448911
0.00177503
0.00445725
-0.00934966
0.00599495
-0.00474689
-0.00337697
-0.00679307
0.00162992
0.01427218
0.0039994
0.00174872
0.00674125
0.00935074
0.00582254
-0.00202079
-0.01395746
0.00130561
0.01809651
0.01446051
0.00545997
0.00023461
-0.00176441
-0.00261544
0.01398025
0.00405313
-0.00529108
-0.0171472
0.01267076
-0.0008893
0.01179613
0.00336258
-0.01183903
0.00267395
0.00255823
-0.00682563
-0.01300494
-0.00236671
-0.0023379
-0.00311784
0.00791948
0.00988039
-0.00575206
0.0013802
-0.00102498
0.00268253
-0.01349799
0.00385653
0.00465116
-0.00087087
0.01072641
-0.00438042
0.00938223
-0.00524816
0.02217759
-0.00661027
0.00034305
#999
0.00658167
0.01405364
0.00352197
-0.00049865
0.00753582
-0.00492597
-0.0012366
-0.00553276
-0.01343206
-0.00590399
-0.00131351
0.00520825
-0.00672884
-0.00974461
-0.00012489
-0.01346025
-0.00252394
-0.00790617
0.00717644
-0.00046918
0.00704477
-0.00649798
0.01124814
-0.003531
-0.01155839
0.01135853
-0.01019288
