#Average flux [c/s]: 5822.919978207703
#                                   T_start= 0 s
#                                   T_end= 1 s
#                                   CCF campionation= 1e-6 s
#                                   Fit amplitude= 0.1 s
#                                   Variable bin size= 10 ph/bin
#999
#999
0.00152273
0.02721863
-0.00581317
0.11281239
-0.00923342
0.05606504
0.05760302
0.00218432
-0.00303129
-0.00136017
0.04312073
0.00623913
-0.08887251
-0.17326829
0.03626557
0.00858171
-0.02316707
0.10644086
0.03918603
0.01028066
0.10273432
0.03907811
0.09370959
0.00987786
-0.02242945
0.04573254
0.00729673
-0.00908029
0.01802003
0.00156734
0.04301244
-0.19072004
-0.08663422
-0.02793801
0.02427635
0.02319202
0.01172161
-0.00956045
0.08305832
0.0414952
0.08913003
0.04922211
0.07777633
0.06715475
0.03112485
0.01407969
0.00908542
0.05963491
0.08417798
0.05599007
-0.04265933
0.01600361
-0.02995229
0.04076581
0.1491033
0.04666102
0.06004459
0.00953817
-0.00107659
0.03301282
0.02890085
0.14664776
0.04342994
0.02613911
-0.14347922
0.16874733
-0.00101106
0.04623273
0.04454235
0.02171979
0.01875242
0.03347474
0.03213451
-0.04424089
0.0070402
0.02027795
#999
0.00235436
-0.1230581
0.02444257
0.00703803
-0.1647824
-0.13443995
-0.12652576
0.02394976
0.00854202
0.00916163
0.03584401
0.02022542
0.00553404
-0.13965519
-0.04254927
-0.0024702
0.0492546
#999
-0.00683416
-0.01902034
0.02296887
