#Average flux [c/s]: 3859.3763547213325
#                                   T_start= 0 s
#                                   T_end= 1 s
#                                   CCF campionation= 1e-6 s
#                                   Fit amplitude= 0.1 s
#                                   Variable bin size= 10 ph/bin
-0.00049398
0.00254035
-0.07311051
0.05553105
0.00251569
-0.00122372
-0.00103302
-0.06004462
-0.03007585
0.07380351
0.00144433
0.00133167
-0.00408749
0.00159123
-0.00393896
-0.00149075
-0.00478691
0.00203972
-0.05121342
0.01299569
0.00047581
0.00722084
0.0737895
-7.723e-05
-0.01037325
0.10760184
-3.305e-05
-1.558e-05
0.00053712
0.05420954
0.07842858
-0.00632913
0.00410493
-0.0159782
0.08864093
0.0141902
0.00150304
-0.05182294
0.00367685
-0.00206225
-0.04514724
0.00311318
-0.04565059
-0.07201443
0.05245524
-0.06499095
-0.07342229
0.00835128
0.01139989
-0.00175817
-0.0008144
0.00889733
0.0532185
-0.00040332
0.0571835
-0.0041793
0.00126173
-0.0003246
-4.008e-05
-0.05099407
0.0698389
-0.07593007
0.02470188
-0.06459438
0.06813346
0.07019311
0.00050046
0.00677101
0.0026573
-0.01037605
0.00110558
-0.03469636
-0.00170234
0.03010809
-0.00163752
0.07185879
-0.00198895
0.0007265
0.00078575
-0.10034758
-0.00174375
-0.00098755
-0.07087461
-0.09910267
0.01045021
0.00063462
-0.0640805
0.01057671
0.08288335
-0.01245587
0.00834346
0.09083806
-0.0254373
-0.11592651
-9.262e-05
0.00507766
-0.00965912
-0.002709
-0.00035106
0.05231443
