#Average flux [c/s]: 15187.512644065779
#                                   T_start= 0 s
#                                   T_end= 1 s
#                                   CCF campionation= 1e-6 s
#                                   Fit amplitude= 111 s
#                                   Variable bin size= 10 ph/bin
-0.04669
-0.0343
-0.03622
-0.03487
-0.04635
-0.03457
-0.01331
-0.03879
-0.03475
-0.00619
-0.04578
-0.00563
-0.03812
0.01914
-0.03434
-0.00803
-0.0465
-0.03479
-0.03808
-0.00504
-0.03511
0.01856
0.01035
-0.04331
-0.01519
-0.03449
0.03619
-0.02482
-0.00513
-0.03739
-0.00354
-0.01961
-0.01694
-0.01015
-0.01022
-0.01031
0.01239
-0.00381
-0.02493
-0.03627
-0.00779
0.01161
-0.01792
-0.01165
-0.03477
-0.03704
-0.04651
-0.01416
-0.02509
0.02291
-0.00671
-0.01307
-0.0069
0.02098
-0.02144
-0.0605
0.01519
-0.02482
-0.04676
-0.01459
-0.03942
-0.01428
-0.02503
-0.01056
-0.01277
-0.02477
-0.03558
-0.0472
0.02197
-0.0465
-0.01343
-0.00577
-0.03899
-0.04436
-0.01274
-0.06171
-0.03769
-0.01855
-0.0045
-0.03444
-0.01375
-0.01837
-0.04887
-0.04687
-0.03808
-0.04581
-0.00676
-0.00534
-0.02494
-0.04698
-0.03792
-0.03487
-0.02223
-0.01794
0.01929
0.03317
-0.00157
-0.0344
-0.0723
-0.03438
