#Average flux [c/s]: 3708.3345375300737
#                                   T_start= 0 s
#                                   T_end= 1 s
#                                   CCF campionation= 1e-6 s
#                                   Fit amplitude= 0.1 s
#                                   Variable bin size= 10 ph/bin
6.442e-05
-0.00082276
-0.0690669
-0.0033821
0.00154037
-0.00156019
-0.00043741
0.00103829
-0.00043488
0.00314217
-0.05824015
0.01500104
-0.00012614
-0.00055798
0.00179194
0.00068016
-0.01127157
-0.00031095
0.00116927
-0.01235419
0.00069641
0.00089139
0.01522155
0.00016355
-0.06070787
-0.00136972
0.01362311
-0.00138069
-0.06916107
-0.00034372
0.00096307
0.0002832
0.00020898
-0.01951654
0.10236461
0.06547606
-0.00167202
0.01537946
-0.00216302
0.0002099
0.01704354
0.00091455
0.00155673
0.00023495
-0.00056895
-0.01311524
-0.00116074
0.00216481
-0.00034394
-0.00016291
-0.00073535
0.00119472
-0.00080664
0.01852033
0.0031899
-0.01733583
-0.00466365
-8.676e-05
-0.00040832
-0.00055514
0.00323803
-0.00023034
-0.00033187
-6.026e-05
0.00111343
-0.00027464
0.02049202
-0.00034645
0.00036393
-0.00306674
-0.00200211
-0.00014889
-0.00102968
0.00025038
-9.201e-05
-0.00028739
0.0004523
-0.00112198
-0.00210967
-7.548e-05
-0.00146995
0.0624168
0.00084899
-0.00986036
0.0004727
0.07811491
0.08502525
-0.08180635
-0.06603319
6.435e-05
-4.445e-05
-0.05845867
-0.01143309
0.00125133
0.00051758
-0.0007889
0.00052499
0.0270375
0.00017804
0.00011142
