#Average flux [c/s]: 7333.338150120295
#                                   T_start= 0 s
#                                   T_end= 1 s
#                                   CCF campionation= 1e-6 s
#                                   Fit amplitude= 111 s
#                                   Variable bin size= 10 ph/bin
5e-05
-0.00017
-0.00021
0.00027
0.0
-0.00013
3e-05
0.00033
-2e-05
0.00079
0.00064
0.00015
1e-05
-7e-05
-0.0002
0.00013
0.00028
-8e-05
7e-05
-0.00015
0.00018
0.00025
0.0
-6e-05
-0.0001
-6e-05
-0.00018
0.00019
0.00037
0.00021
0.00017
3e-05
0.00024
-0.00011
-0.00033
0.00027
-0.0002
-0.00016
-2e-05
-0.00014
0.00048
-0.00015
3e-05
-0.00011
-0.00064
0.00016
0.00011
0.0
0.00027
0.0002
2e-05
-0.00019
0.00049
0.00014
0.00034
-5e-05
-8e-05
3e-05
-0.00016
-0.00034
-0.00037
4e-05
-0.00017
0.00011
-0.00021
0.00072
2e-05
-0.00019
-0.00023
0.00018
-0.00035
-0.00011
0.00029
9e-05
0.00038
-0.00039
0.00012
-0.00012
-0.00042
-6e-05
0.0008
0.00046
0.00021
-0.00035
-2e-05
0.00038
0.00012
0.00011
0.00016
3e-05
-0.0001
0.0
0.00031
4e-05
-0.00012
-0.00021
-0.00022
-0.00017
0.00015
-4e-05
