#Average flux [c/s]: 4312.501806295111
#                                   T_start= 0 s
#                                   T_end= 1 s
#                                   CCF campionation= 1e-6 s
#                                   Fit amplitude= 111 s
#                                   Variable bin size= 10 ph/bin
-0.00014
0.00072
-0.00012
0.00022
-0.00024
8e-05
0.00034
0.00045
-0.00026
-0.00081
-0.00112
0.00093
4e-05
-0.00017
0.00041
0.0003
0.00021
0.00028
-0.00022
0.00043
-0.00107
0.00019
-0.00034
-0.0002
0.00014
-0.00072
-0.00102
-0.00172
0.00038
-0.00098
-0.00095
-0.00038
-0.00092
-0.00095
-4e-05
8e-05
-0.00022
0.00016
-0.00042
3e-05
-0.00055
-0.00139
0.00025
0.00081
4e-05
-2e-05
0.00013
-0.00019
-0.00021
0.00032
0.0005
-0.00026
-0.00125
4e-05
0.00073
0.00018
2e-05
-0.00012
-0.00078
9e-05
0.00039
-8e-05
-0.00042
0.00041
0.00023
-0.00036
-0.00019
-0.00077
0.00044
4e-05
0.00054
-0.00074
0.00039
-0.00053
-3e-05
-0.00077
-0.00033
-0.00086
6e-05
-0.00034
-4e-05
-0.00033
-9e-05
-0.00027
-4e-05
-0.00023
-0.001
0.0
-0.00054
5e-05
0.00063
0.00052
7e-05
0.00112
0.00023
0.00062
0.00059
-0.00045
6e-05
0.00152
