#Average flux [c/s]: 7786.463601694074
#                                   T_start= 0 s
#                                   T_end= 1 s
#                                   CCF campionation= 1e-6 s
#                                   Fit amplitude= 0.1 s
#                                   Variable bin size= 10 ph/bin
0.00520955
-0.00026179
0.00014432
-0.00075384
-0.00151861
-0.00379565
-0.00177242
0.00344768
-0.00031954
-0.00176686
-0.0052466
0.00341734
0.00890682
0.00576962
0.00072092
-0.0094647
0.00026449
0.00029617
0.00299974
-0.00236149
0.00170728
0.00684678
0.00242241
0.00969427
-0.00395199
-0.00057784
-0.00194336
0.00146422
0.01712273
0.01203895
-0.00063265
0.00752049
0.01276196
0.00058014
8.023e-05
-0.00042143
-0.00391029
-0.00545531
0.01223179
-0.01105203
0.0013903
-0.01190627
0.01475394
0.00772052
0.00062658
0.00144649
0.00038377
-0.00021359
-0.00747172
-0.00041655
0.00087159
-0.00276527
-0.00019983
0.00386357
-0.00483001
0.00127419
-0.00292848
0.00421824
0.00488457
-0.00018511
-0.00463377
-0.00031597
0.00733779
0.00718542
-0.00134378
0.00037417
0.00060552
0.00618408
0.00116725
0.00174434
0.00186691
-0.0052072
-0.00862495
0.00049339
-0.00018298
0.01003197
-0.00209496
-0.00015464
0.01268701
0.00013043
-0.00198212
-0.00031519
-0.00083865
1.223e-05
0.00176175
0.00240566
7.183e-05
0.00095251
-0.02050888
0.00088973
0.00066604
-0.00126154
0.00282857
0.01334321
0.00051559
0.00089541
0.0004947
0.00235514
-0.0010527
0.00137241
