#Average flux [c/s]: 6880.2126985465175
#                                   T_start= 0 s
#                                   T_end= 1 s
#                                   CCF campionation= 1e-6 s
#                                   Fit amplitude= 0.1 s
#                                   Variable bin size= 10 ph/bin
0.0197751
0.0197426
0.04136964
0.02164502
0.0314373
#999
0.01300037
0.01415197
0.02795648
0.02387322
0.02776568
0.01292124
0.02099538
0.01032959
-8.959e-05
0.02337608
0.02033079
0.00409686
0.03860341
0.00779563
0.04549903
0.01135858
0.01768017
0.00554111
0.0073908
0.00966548
0.01759617
-0.0009685
0.0065789
0.01690263
0.02766951
0.02664953
0.02656063
0.0344113
0.01461427
-0.00378772
-0.00078047
0.01723182
0.02099786
0.04007893
0.00429656
0.00750208
0.03073318
0.01082588
0.01339768
0.01738125
0.00083514
0.01330053
-0.00525469
0.01284135
#999
0.0019105
0.01462517
0.01499906
0.01269928
0.01868979
0.05714717
0.00632282
0.01626701
0.00852313
0.02511205
-0.00657465
-0.0019389
0.0202236
0.01787784
0.05213083
0.0192241
0.01882895
0.025105
0.02199047
0.00652478
0.01914295
0.0076991
-0.01475124
0.03554535
0.00180544
0.03092867
0.00914881
0.03425689
0.02473595
0.00350343
0.02113596
0.03179818
0.0213644
0.00452119
0.00995056
0.0066397
0.03126528
0.03910357
0.01808578
0.0196956
0.00478193
0.04134741
0.02010863
0.03769643
0.02475497
-0.0008131
0.01435207
0.00925698
0.01157209
