#Average flux [c/s]: 12619.80175181437
#                                   T_start= 0 s
#                                   T_end= 1 s
#                                   CCF campionation= 1e-6 s
#                                   Fit amplitude= 111 s
#                                   Variable bin size= 10 ph/bin
-0.02085
0.05216
0.00395
-0.00237
-0.02464
0.01799
0.01194
0.01096
-0.02146
-0.01173
-0.00239
-0.01736
0.01924
-0.00253
-0.00449
0.05821
0.0357
-0.0042
-0.0018
-0.03172
-0.0048
0.04577
0.01379
-0.0239
-0.00271
0.01278
0.00885
0.02167
-0.00494
0.00641
-0.01062
-0.01009
-0.02369
0.01175
-0.02015
0.01656
-0.01032
0.01132
-0.0042
0.02199
0.00942
0.0147
0.0428
-0.01369
0.01758
0.00064
-0.01126
0.0406
-0.04378
-0.0199
0.04677
0.01067
-0.03244
-0.0019
-0.00276
0.04461
0.01645
-0.02516
0.03276
0.00542
0.00713
0.01038
0.03756
-0.00247
-0.00343
0.0188
-0.01029
0.02279
0.00443
0.00549
-0.01194
0.05855
0.00431
0.01713
-0.00214
-0.01127
0.05814
-0.02415
0.01131
0.01166
0.03553
-0.01892
0.0171
0.01134
-0.01065
0.00536
-0.02369
-0.0113
0.0348
-0.01217
-0.01112
0.04209
0.00513
-0.01113
-0.01068
-0.02398
-0.02018
0.00465
0.0432
-0.0029
