#Average flux [c/s]: 4463.54362348637
#                                   T_start= 0 s
#                                   T_end= 1 s
#                                   CCF campionation= 1e-6 s
#                                   Fit amplitude= 0.1 s
#                                   Variable bin size= 10 ph/bin
-0.07132971
-0.05290399
-0.00851961
-0.08573829
-0.01565983
0.00371264
-0.0238427
-0.21544952
-0.19499341
-0.07820394
-0.18311967
-0.04882474
-0.14483708
-0.05270226
-0.08138113
-0.17735769
0.02212872
#999
-0.0696821
-0.01834024
-0.06368844
-0.06964937
-0.17962895
-0.04003593
-0.05586678
-0.06642979
0.11910393
-0.08348982
-0.05435715
-0.0389311
-0.0629231
-0.07067309
-0.04471308
-0.05461526
-0.08342224
-0.07043665
-0.04318129
0.02625765
-0.04170674
-0.01729705
-0.06916166
0.6757656
-0.06647581
-0.06225344
-0.03656961
0.05103519
-0.0303876
-0.07850802
-0.06719319
-0.07136808
-0.18879435
-0.08346715
-0.08023276
0.04307964
-0.09781129
-0.17453409
-0.10613214
-0.03950217
-0.05866015
#999
-0.05924747
-0.09804302
-0.00684902
-0.17164684
-0.06485106
-0.02664353
-0.17170051
-0.04877019
0.06891956
-0.03582063
-0.04084906
-0.06725821
-0.04546627
-0.04180278
-0.08949279
-0.05114802
0.01272148
-0.0427796
-0.04877303
-0.05310122
-0.0783072
-0.00324482
-0.06853032
0.10972689
-0.02563543
-0.08490505
-0.05168883
0.03851125
-0.04428749
-0.06761968
-0.07153289
-0.01859421
-0.07011111
-0.05503849
0.04499594
-0.07651856
-0.05256487
0.03681936
0.0599126
-0.10921567
