#Average flux [c/s]: 2500.0
#                                   T_start= 0 s
#                                   T_end= 1 s
#                                   CCF campionation= 1e-6 s
#                                   Fit amplitude= 111 s
#                                   Variable bin size= 10 ph/bin
-0.00048
-0.00158
0.00038
-0.00021
0.06951
-0.00016
0.00071
-0.00081
-0.00099
-0.00216
-0.00148
0.00164
0.06095
0.0
-0.27841
-0.00138
-0.00135
0.00152
-0.00168
-0.00202
-0.00043
0.00032
-0.00017
-0.00073
-0.00138
0.00242
-0.00068
0.0
-0.4858
-0.26963
-0.00077
0.00368
0.23892
9e-05
0.0
-0.00168
-0.28423
-8e-05
0.00265
-0.01537
0.00166
0.00065
0.00048
-0.00158
-0.00282
0.0012
0.0
-0.00169
-0.00056
-0.00023
-0.00223
6e-05
-0.00075
0.27208
0.00104
0.0039
-0.00064
-0.00046
-0.00087
0.00048
0.47905
0.00178
0.00014
0.00141
0.00017
0.00054
-0.00348
-0.00101
0.06593
0.00069
0.0
0.0
-0.4896
0.0
0.00214
-0.00303
0.00032
0.21504
-0.00047
-0.00019
-0.00022
-0.00022
0.0
0.00075
0.0017
-0.00117
-0.00286
-0.00102
0.00095
-0.00039
0.0
-0.00081
0.00092
0.00036
0.00156
0.0002
-0.00092
0.0
0.00079
0.00115
