#Average flux [c/s]: 4312.501806295111
#                                   T_start= 0 s
#                                   T_end= 1 s
#                                   CCF campionation= 1e-6 s
#                                   Fit amplitude= 0.1 s
#                                   Variable bin size= 10 ph/bin
-0.03853372
-0.05315119
-0.03545521
-0.03100405
0.08921023
0.04436547
0.13970868
-0.04349036
-0.05158505
-0.02592675
-0.14077631
0.10756493
-0.02422747
0.04302679
0.09858975
-0.13875458
-0.07385891
-0.11625639
-0.17790603
-0.14706168
0.08826492
-0.02131963
-0.02301557
-0.03916125
0.11229513
-0.12095406
0.14186725
-0.09853177
-0.19424499
0.1026303
-0.00973481
-0.09228422
0.00512406
-0.0513625
0.00834623
-0.07526523
0.00485636
-0.05239112
-0.07673229
-0.00047269
0.03479885
0.00710804
0.10747409
0.12364827
0.07865284
0.06287622
-0.09694968
-0.09809955
-0.03270286
0.1267095
0.07737562
0.07519998
0.12926093
0.0328869
-0.10517598
#999
-0.0205368
-0.02699354
0.02081051
-0.08456305
0.10126132
-0.05019762
-0.01781918
#999
-0.0897179
-0.04445365
-0.12959236
0.00461752
0.00474166
0.08268743
0.0572543
-0.03529784
-0.11772741
-0.03084322
0.04274737
0.04446545
-0.0158584
-0.10796176
-0.11352205
0.11787318
-0.00679362
0.05404904
0.92549743
0.04549277
-0.09400511
-0.13238125
0.08379574
-0.07765969
-0.02571723
-0.03575866
#999
0.11301905
0.11749759
0.02196209
-0.09344858
0.01285138
0.0090392
-0.07258737
-0.06047853
-0.00365009
