#Average flux [c/s]: 13223.969020579409
#                                   T_start= 0 s
#                                   T_end= 1 s
#                                   CCF campionation= 1e-6 s
#                                   Fit amplitude= 111 s
#                                   Variable bin size= 10 ph/bin
-0.00238
-0.00401
-0.03984
-0.03498
0.00731
0.00678
-0.02215
0.04607
-0.00258
0.011
-0.02214
-0.01502
-0.02036
0.00854
-0.00126
-0.03662
-0.00422
0.02139
-0.0037
-0.00458
0.01285
-0.00763
-0.03495
-0.02124
-0.00174
-0.03684
0.00497
0.04639
-0.02119
-0.0035
0.00765
0.01797
0.00754
0.02415
0.00768
0.03961
-0.0078
0.00808
0.00685
-0.00414
-0.00335
-0.03702
-0.00324
-0.00365
0.05824
-0.00333
-0.00812
-0.00421
-0.02129
-0.0211
0.01864
-0.0363
0.01815
0.04707
-0.01526
-0.04184
0.0294
-0.00864
-0.02054
-0.00403
-0.0026
-0.03777
0.02294
-0.0024
0.03055
-0.0319
-0.00264
-0.00418
0.01879
0.01143
-0.00161
-0.0148
0.01352
-0.03358
-0.02256
-0.03705
-0.03663
-0.01372
-0.00304
0.03983
-0.03649
-0.05204
0.01207
0.03601
-0.00227
0.01135
-0.02148
0.04021
-0.0131
-0.03677
-0.0043
-0.02085
-0.00742
0.01392
0.02905
-0.02015
0.01877
-0.00259
0.0072
-0.0034
