#Average flux [c/s]: 10807.299945519258
#                                   T_start= 0 s
#                                   T_end= 1 s
#                                   CCF campionation= 1e-6 s
#                                   Fit amplitude= 0.1 s
#                                   Variable bin size= 10 ph/bin
0.00982809
0.01401014
-0.00174425
-0.00819807
0.00329565
-0.00078504
-0.00279127
-0.00271953
-0.00261016
-0.02521187
-0.0077394
0.00237055
0.00843139
0.00560246
-0.00997807
-0.00826075
0.00741995
-0.00214596
0.00463888
-0.00884781
0.00376939
-0.00443223
-0.0049173
0.01344579
0.00570697
-0.00497257
0.01199273
0.0115766
0.00676604
0.00696685
-0.00128906
-0.01186412
0.00477421
-0.01287061
-0.0014174
0.00532453
-0.00341473
0.01760068
-0.00125767
-0.00653681
0.00492383
-0.0030685
-0.00409796
0.01258782
-0.00767352
0.00687866
-0.00523321
-0.00240008
0.00100967
0.00205721
-0.00500057
-0.00268445
0.00905783
0.00565421
0.00143432
-0.00671001
0.00021731
0.00525007
0.00248204
0.02477186
0.0014897
0.00948559
0.01483271
0.00983027
-0.00048627
0.00479945
-0.00477125
-0.00525644
-0.00209751
-0.00219016
-0.00084941
-0.00450906
0.01005692
-5.773e-05
-0.00750257
-0.00382447
-0.00736342
0.0007774
0.01197545
0.00589819
0.00994562
-8.996e-05
0.00974918
-0.00078364
0.01045965
0.00253307
-0.00661132
0.00539937
-0.00306022
-0.0018227
0.00457362
-0.00544022
0.007635
0.00257713
0.01303057
-0.00483951
-0.00235204
-0.0103536
0.00902473
-0.00095211
