#Average flux [c/s]: 5671.878161016443
#                                   T_start= 0 s
#                                   T_end= 1 s
#                                   CCF campionation= 1e-6 s
#                                   Fit amplitude= 0.1 s
#                                   Variable bin size= 10 ph/bin
0.04566179
-0.02316078
0.00842176
0.01033672
-0.03367748
0.02540116
0.02243974
-0.15514277
-0.03583279
-0.00905502
-0.15714833
0.0036732
0.03362824
-0.02018155
0.12167875
-0.02166758
0.00060577
0.00392991
-0.02958638
0.01666366
-0.03020248
0.03637879
0.03695593
0.03575708
0.01877827
0.03718901
0.02835191
0.00309361
-0.01075783
0.03042016
0.02079418
-0.01855569
-0.0056527
-0.02060763
0.12332276
0.02662602
-0.02677831
-0.00796557
-0.02149783
-0.00325238
0.00846558
-0.00428144
0.0213966
-0.00542604
0.01500391
-0.01131627
0.06931717
-0.01222829
0.01988552
0.01388983
0.01003953
-0.0154511
0.00898526
0.0542229
0.01523608
0.0416546
-0.09893959
-0.01886076
0.01735449
-0.00692863
-0.02330221
0.02282562
0.01201718
-0.05349194
0.0333792
0.00239176
-0.00141213
0.02038094
-0.14202966
-0.02333744
0.04050651
-0.02658569
0.03978283
0.03377108
0.05079716
-0.00122587
0.01954326
-0.00828065
-0.00233235
0.00036587
-0.10730884
-0.00836343
0.02386149
0.02378682
0.0487569
0.00055941
0.00742477
0.01228802
0.03251706
0.0168931
0.00338752
0.0278192
0.03299637
-0.00992191
-0.00703487
0.01972453
0.00362753
-0.08889345
0.00537469
0.02964081
