#Average flux [c/s]: 9447.923590797925
#                                   T_start= 0 s
#                                   T_end= 1 s
#                                   CCF campionation= 1e-6 s
#                                   Fit amplitude= 0.1 s
#                                   Variable bin size= 10 ph/bin
-0.03105146
-0.00949029
-0.00482525
-0.0205827
0.00674967
0.00313981
-0.0136713
0.00733724
-0.0168801
0.00908771
0.00018667
0.00591717
0.01157799
-0.0051612
0.0066353
-0.00087171
0.001505
-0.0093049
0.00276048
-0.00227482
0.01719116
0.00551738
0.00202666
0.00024803
0.00344839
0.01186162
0.01540592
-0.00201968
0.00469014
-0.00274408
0.00314582
-0.014048
-0.00185713
-0.01324644
0.00124849
0.00701176
0.00684827
-0.00052179
-0.00058239
0.00329424
0.00185297
-0.00346673
0.01502657
0.00342813
-0.00383538
0.00169315
-0.02708455
0.01265628
0.00406513
-0.00034365
-0.00149443
0.00396978
-0.00163337
-0.00519079
-0.00210841
-0.00753789
-0.00632328
-0.00199488
0.00446663
0.00749718
-0.00219779
-0.00730702
0.01801037
0.00829982
0.00680347
-0.01812994
-0.00063139
-0.00010493
-0.01846391
0.01025888
-0.00671547
0.01525935
-0.00921956
-0.00442248
0.00118581
-0.01193899
-0.00368615
-0.00094299
-0.00834465
-0.00528147
0.00568438
0.00472901
-0.00404709
0.00364659
-0.00112081
0.00073289
0.00441608
0.01047892
-0.002417
0.00387722
-0.00235886
0.00237426
-0.01499205
0.00369883
0.00312945
-0.00416368
0.00118264
0.00802575
-0.01447133
-0.00891856
