#Average flux [c/s]: 4916.669075060147
#                                   T_start= 0 s
#                                   T_end= 1 s
#                                   CCF campionation= 1e-6 s
#                                   Fit amplitude= 0.1 s
#                                   Variable bin size= 10 ph/bin
-0.08542787
-0.00786474
0.01597955
0.10801875
0.02504977
#999
-0.00166635
-0.13263179
0.01890469
0.13040367
0.0017142
0.00155384
0.08786142
0.03269016
-0.02121022
0.04137369
0.09703314
0.0141079
0.02953169
0.02087841
-0.00526825
0.22318525
0.03038552
-0.01756187
0.01468093
0.01197712
0.0109195
-0.0069766
0.10156608
0.02473831
-0.00392221
0.01347586
0.02551091
0.02055611
0.01211328
-0.00220095
0.02494683
-0.04892354
0.00428194
0.02201942
0.01751193
-0.00547396
0.01892247
0.16683787
0.03822446
0.00751201
-0.01789191
0.01546222
0.0065463
-0.00371442
0.06959787
0.03379766
0.01454409
0.01316896
0.01162232
0.09943264
-0.01930638
0.00340472
0.04160768
0.03251079
-0.03075342
-0.02121098
-0.04666054
0.02882216
0.00843181
0.04547073
0.01669577
0.11560254
-0.02190757
0.00279778
0.0139474
0.00218008
0.00674686
-0.0214147
0.01047875
0.10715413
0.02099447
0.02667415
0.00376778
0.03097466
0.01285637
-0.0228113
0.00684063
-0.09966297
0.01306146
-0.05451994
0.01025636
0.02349248
0.00753891
0.01058684
0.00973368
0.03929353
0.01941121
0.01489575
0.01468437
-0.01887504
0.02717201
-0.04290672
-0.00874671
0.00257744
