#Average flux [c/s]: 9296.881773606667
#                                   T_start= 0 s
#                                   T_end= 1 s
#                                   CCF campionation= 1e-6 s
#                                   Fit amplitude= 111 s
#                                   Variable bin size= 10 ph/bin
0.01824
0.02981
-0.05086
-0.03031
-0.01482
-0.01483
-0.03916
-0.02051
-6e-05
-0.03226
0.00723
0.00763
-0.01865
0.00736
0.01263
0.00884
0.00886
0.00144
0.02977
-0.0302
-0.0503
0.00698
-0.05233
0.00801
0.00087
0.00613
-0.01036
-0.0513
0.03356
0.02907
-0.03923
0.03421
-0.05032
-0.05251
-0.04998
0.03422
-0.04998
0.03595
0.01296
-0.02185
0.01011
0.01723
-0.03291
0.02928
-0.02472
0.0045
-0.04775
0.03325
-0.0305
0.01749
-0.04987
-0.02297
-0.02324
-0.00892
0.00696
0.00893
-0.05119
0.02959
0.02976
-0.05007
0.00644
0.03356
-0.0532
0.01835
0.03186
-0.05209
-0.07192
-0.01524
-0.03875
-0.00749
0.03518
-0.02075
0.00067
0.00566
-0.00915
-0.03278
-0.05242
0.03361
0.01042
0.02458
0.03221
-0.05568
0.00529
0.0069
-0.04987
-0.05261
0.03396
0.00707
-0.01804
0.03037
0.03027
0.0331
0.03355
0.03515
-0.03721
-0.0153
-0.03295
0.03346
0.0355
-0.04943
