#Average flux [c/s]: 5218.752709442667
#                                   T_start= 0 s
#                                   T_end= 1 s
#                                   CCF campionation= 1e-6 s
#                                   Fit amplitude= 111 s
#                                   Variable bin size= 10 ph/bin
0.04666
0.05198
-0.02878
-0.07524
-0.06272
0.00527
0.06179
0.04277
0.02842
-0.07389
-0.08063
-0.01892
0.04921
0.05595
-0.03548
-0.02376
-0.07391
-0.09008
-0.02883
0.05649
-0.02937
-0.03352
0.03941
-0.02848
-0.08504
-0.08472
0.05136
0.03714
0.05351
-0.13376
-0.05998
-0.02514
-0.07534
-0.0428
-0.06753
-0.0122
-0.08419
0.00993
0.04332
0.04971
0.05436
0.01022
0.02612
0.05458
-0.02331
0.05641
-0.03771
-0.0456
0.05474
-0.03132
0.04024
0.09411
0.00504
0.05349
0.05277
-0.07688
-0.07111
0.05129
-0.02852
0.04154
0.05601
0.00941
-0.02688
0.04012
-0.02223
-0.01169
-0.02887
0.05204
0.04896
0.0419
0.05004
-0.0775
-0.0517
0.04621
-0.07287
0.03957
-0.02536
0.06332
-0.02264
0.00408
0.04982
-0.01468
-0.0693
-0.01971
-0.0282
0.10934
-0.04454
-0.07473
-0.04628
0.07524
-0.04341
-0.07798
-0.009
0.01902
0.05208
0.01756
0.03615
0.01218
-0.11251
0.08677
