#Average flux [c/s]: 7333.338150120295
#                                   T_start= 0 s
#                                   T_end= 1 s
#                                   CCF campionation= 1e-6 s
#                                   Fit amplitude= 0.1 s
#                                   Variable bin size= 10 ph/bin
-0.00977884
-8.415e-05
-0.00038846
0.00925852
-0.00381556
0.00306939
0.03260437
0.02147694
-0.00316822
0.0091529
0.00781377
0.02264137
-0.00074167
0.00111689
-0.00927195
0.0112193
0.01814603
0.00597877
-0.02020829
0.02231829
-0.00552486
0.01940293
0.01505008
0.00700808
-0.00827247
-0.02373172
0.0027874
0.01317456
0.01504611
0.01946115
0.00882369
0.0101208
0.00054652
0.03354653
0.00693434
0.02046437
-0.00043663
0.01968097
0.00344325
-0.02328651
-0.01292038
-0.09021608
-0.00056747
-0.00246016
0.01126503
0.02067842
-0.02124531
-0.02111951
0.01016837
0.05130928
-0.03431459
-0.002205
0.02399277
0.0006439
0.00142048
0.00147274
0.01451626
0.00236579
0.00036007
-0.00327613
0.00617573
0.02063734
0.02140777
0.00961826
0.0229593
-0.00152641
-0.00454315
-0.00512305
0.00677798
-0.00770064
-0.03391803
0.01317932
0.01072403
0.01779079
0.00586126
0.01873873
-0.02063011
0.01893975
0.01766853
0.00933313
0.00298821
0.00809604
0.00366086
0.02129092
0.03550574
0.01155832
0.03215446
0.00749235
0.00564636
0.00606047
0.00111914
0.00698903
0.0019031
0.01102637
0.01621697
-0.10226076
-0.0024962
0.00596165
0.005504
0.00338367
