#Average flux [c/s]: 12317.718117431852
#                                   T_start= 0 s
#                                   T_end= 1 s
#                                   CCF campionation= 1e-6 s
#                                   Fit amplitude= 0.1 s
#                                   Variable bin size= 10 ph/bin
0.00013248
0.00527068
-0.00250825
0.00215987
#999
0.00051624
0.00630075
-0.00120173
-0.00218562
-0.00459548
-0.00046276
0.00866373
-0.00844779
0.00033238
-0.01216489
0.00267818
0.00645516
0.00018362
-0.00312541
0.00476012
0.00052745
-0.00219655
-0.00706226
0.004731
0.0048096
0.00018336
-0.00374099
0.0005472
-0.00155971
0.00294981
0.01056671
-0.00566032
-0.00096354
-0.00233633
0.00396536
0.00637993
-0.00156709
-0.01084046
-0.00044252
0.00315306
0.00460038
-0.00122764
-0.00486731
0.00926756
-0.00118014
0.00223179
0.00250634
-0.00965909
0.01332879
-0.00721462
-0.00664346
-0.00471269
-0.00712205
0.00942842
0.00550856
0.00301641
0.00776015
0.01506657
0.00764679
0.00915331
#999
-0.00037984
0.01174885
0.00422488
-0.0095791
0.00200782
0.00398246
0.01420479
0.01365388
0.00600726
0.00452097
0.00939723
-0.00473882
0.00747352
-0.00094497
-0.00229605
-0.00086911
0.01773704
-0.00705074
0.00161016
0.00802283
-0.00563857
0.00659683
0.00191892
0.00531993
0.00586909
-0.01056187
-0.00203612
0.00255302
-0.00150471
0.00409291
-0.01176216
0.00155535
-0.00368868
0.00657323
0.00289566
0.001178
-0.00804827
-0.0059089
-0.00231619
