#Average flux [c/s]: 9901.049042371704
#                                   T_start= 0 s
#                                   T_end= 1 s
#                                   CCF campionation= 1e-6 s
#                                   Fit amplitude= 111 s
#                                   Variable bin size= 10 ph/bin
0.00019
0.00014
-0.00029
9e-05
0.00012
5e-05
-4e-05
0.00019
0.00014
0.00036
0.00015
0.00012
-0.00013
1e-05
-4e-05
0.00011
0.00026
-0.00016
-0.00011
3e-05
-0.00013
-0.00031
-0.00016
-3e-05
0.00011
-0.00026
-0.0004
-0.0001
0.00021
-0.00024
-9e-05
4e-05
2e-05
-9e-05
0.00014
-0.00011
0.00015
-0.00012
-7e-05
-5e-05
-0.00017
4e-05
0.00021
-4e-05
-0.00028
2e-05
0.00012
0.00036
0.00011
-0.00017
-0.00042
8e-05
0.00028
-0.00018
-0.0001
-8e-05
0.00019
-0.00016
0.00025
0.0
1e-05
-7e-05
-7e-05
0.00016
0.0001
-6e-05
-0.00016
-3e-05
-1e-05
-6e-05
-0.00014
-0.00011
-0.00014
0.00019
-0.00011
-0.0001
-0.00018
-0.00016
0.00024
-0.0002
-0.00013
-2e-05
-0.00015
-0.00017
-1e-05
8e-05
3e-05
-4e-05
-1e-05
2e-05
6e-05
-0.00018
-4e-05
4e-05
0.0
0.00018
-7e-05
-0.0002
8e-05
0.00021
