#Average flux [c/s]: 8692.71450484163
#                                   T_start= 0 s
#                                   T_end= 1 s
#                                   CCF campionation= 1e-6 s
#                                   Fit amplitude= 111 s
#                                   Variable bin size= 10 ph/bin
0.00022
1e-05
-5e-05
5e-05
0.0004
-2e-05
-2e-05
0.00014
0.00039
0.00028
0.00025
9e-05
-0.00012
0.00016
-0.00025
-0.00017
6e-05
0.00017
-9e-05
0.00032
-6e-05
-0.00015
3e-05
-0.0001
0.00011
0.00014
0.00035
0.00011
0.0
-5e-05
-0.0002
-0.00029
0.00032
-0.00011
-0.00024
-0.0001
0.00022
0.00014
-0.00022
-0.00035
8e-05
0.00029
0.0002
-0.00017
8e-05
0.00022
-6e-05
0.00027
0.00026
0.00012
-0.00018
-0.00031
-0.00014
6e-05
4e-05
0.00018
0.00024
5e-05
-0.00071
-0.0001
7e-05
4e-05
-0.00019
-0.00021
-2e-05
2e-05
-1e-05
0.00017
0.0
-6e-05
9e-05
-0.0005
-3e-05
0.00018
6e-05
6e-05
-4e-05
0.00021
0.00013
-0.0005
2e-05
4e-05
7e-05
0.0001
-0.00056
-0.0002
-2e-05
-3e-05
-0.00012
0.00018
0.00018
0.00023
-0.00015
-0.00012
0.00032
0.00014
0.0001
-0.00027
-0.00035
-1e-05
