#Average flux [c/s]: 3557.2927203388144
#                                   T_start= 0 s
#                                   T_end= 1 s
#                                   CCF campionation= 1e-6 s
#                                   Fit amplitude= 0.1 s
#                                   Variable bin size= 10 ph/bin
-0.11240822
0.10028442
0.07488893
-0.07373878
-0.11398297
0.06645577
0.03175779
0.08887048
-0.14472217
0.04447582
0.00977279
-0.0432026
-0.0936545
0.08395079
-0.03338921
0.06183365
-0.13077922
-0.03006828
-0.00915169
-0.20238696
0.05261879
0.04074906
-0.03449767
0.04384869
#999
0.0023646
-0.11701253
-0.01122019
0.08902183
-0.02244147
-0.145012
-0.06327517
-0.08015909
-0.25689952
0.05776416
-0.09992596
-0.00091491
-0.0222061
-0.15441741
-0.06013422
-0.38480765
-0.0261035
-0.04019066
0.1286186
0.0402387
0.14733392
0.08743407
#999
-0.03511947
0.40260609
0.04201701
0.10552693
-0.16912725
0.05824013
-0.04533158
-0.01581098
0.08699683
-0.01937905
-0.00089264
-0.13233288
0.0029417
0.02611326
0.20379045
-0.04444444
-0.02994893
-0.02416949
0.01128411
-0.12551774
-0.14060152
0.00867701
-0.03626159
-0.12334769
-0.01434938
0.00293451
0.11120393
0.04504602
0.15290505
-0.01363672
-0.13419674
0.12369014
0.00018956
-0.01026754
#999
0.63384835
-0.01995779
0.01673494
-0.02890346
0.06441986
0.00856463
-0.13211288
-0.00416423
0.15585506
-0.06114417
0.04001699
-0.01484196
0.03282914
-0.13002292
0.30415716
0.04131577
-0.05332576
