#Average flux [c/s]: 5973.961795398962
#                                   T_start= 0 s
#                                   T_end= 1 s
#                                   CCF campionation= 1e-6 s
#                                   Fit amplitude= 111 s
#                                   Variable bin size= 10 ph/bin
0.03888
-0.02767
-0.01817
0.03904
0.0187
0.01023
0.03963
-0.03046
-0.11794
-0.04582
0.00154
0.04101
0.04307
-0.04411
0.04003
0.01951
-0.0004
-0.00851
-0.01317
-0.02398
0.04038
0.02086
0.03422
-0.00446
0.03804
-0.00878
0.01904
0.02908
-0.06792
-0.02418
-0.01574
0.03774
0.0386
-0.01255
-0.03043
0.04
-0.01661
-0.01048
0.03397
-0.0115
0.0368
-0.03079
0.04414
0.0021
0.0184
0.01532
0.0429
0.03788
-0.01363
-0.06721
-0.03153
0.02055
0.00714
-0.09409
-0.00646
-0.01285
-0.01488
-0.00763
-0.01345
0.03892
0.01806
-0.00582
-0.03012
-0.11759
0.00426
-0.03333
0.03109
-0.01346
-0.03123
0.04269
0.03897
-0.0125
-0.01749
-0.00488
-0.05259
0.02723
-0.12019
-0.00738
0.01104
-0.03055
0.00448
-0.02996
-0.05311
-0.11025
0.00103
0.04264
-0.01089
-0.03446
0.03868
-0.04195
-0.01604
-0.00483
0.00643
-0.03287
-0.02934
0.00579
-0.00598
0.03428
0.00155
0.03703
