#Average flux [c/s]: 12921.885386196887
#                                   T_start= 0 s
#                                   T_end= 1 s
#                                   CCF campionation= 1e-6 s
#                                   Fit amplitude= 0.1 s
#                                   Variable bin size= 10 ph/bin
0.01477893
0.00769331
0.01284675
0.00637579
2.787e-05
0.00934312
-0.00316479
0.00098222
-0.00265701
0.01308359
0.00532895
-0.00676652
0.00576689
-0.00092533
0.00058454
-0.01962133
0.00171075
-0.00530366
-0.00717641
-0.00167257
0.00400564
0.00753233
-0.00565822
0.01294509
-0.00657545
0.01563542
-0.00584703
0.01410134
0.00221656
-0.00288797
-0.01299394
0.00497655
0.00342068
0.00233191
0.00054568
-0.00568196
0.0043108
-0.00401803
-0.00399581
0.00104187
-0.00889608
0.0098437
0.01436493
0.00095753
-0.01085052
0.01729022
0.00626585
-0.00552525
0.00325539
0.00486006
0.00446835
-0.00429802
-0.00877648
-0.0165957
-0.00221216
0.00338836
0.00249906
0.01498113
-0.00403819
-0.00293384
0.00881413
0.00109127
0.00267853
0.00515166
-0.00724681
-0.0120142
-0.00011155
-0.00260005
0.00010498
-0.00335689
-0.00620462
0.00077773
-0.00783764
0.00374367
-0.0149713
0.01366967
-0.00076081
0.00339052
-0.00907406
0.00174737
-0.0012597
0.01472198
-0.00411396
-0.00394797
0.00343932
0.00330217
-0.00769795
-0.00489878
0.00219486
0.00066015
0.00652471
-0.00081077
0.00709209
0.00184003
-0.00054425
-0.00110581
0.01132192
0.00527204
0.00852131
-0.00567153
