#Average flux [c/s]: 14130.219923726961
#                                   T_start= 0 s
#                                   T_end= 1 s
#                                   CCF campionation= 1e-6 s
#                                   Fit amplitude= 0.1 s
#                                   Variable bin size= 10 ph/bin
0.0044659
-0.01321963
0.00451297
-0.00193293
0.0075546
0.01653348
0.00574039
-0.0029123
0.00212343
0.00539489
-0.00778987
0.00312869
-0.00356589
0.01072932
0.00243829
-0.00658215
0.00049676
0.00832695
-0.02286522
-0.00095682
0.00690828
0.00719302
0.00150567
0.00600014
0.00126349
0.00687637
-0.00193986
-0.00263436
-0.00820164
-0.00855732
0.00450033
0.00533072
-0.00550651
0.00159655
-0.00551756
0.00806468
-0.00126126
0.00992411
-0.00663582
-0.00869867
-0.012371
-0.00506451
0.00142092
0.00989532
0.00126686
-0.00489468
-0.00567565
0.00784502
0.00260236
-0.00165021
0.00537798
0.00180565
-0.00369891
-0.00386699
0.00507782
0.0136246
-0.00701572
0.00388529
-0.0040818
-0.00197486
0.0036832
-0.00436805
0.00283236
0.01016032
-0.00535294
0.01791487
0.00152504
-0.01640572
0.00250128
-0.00297404
-0.00206335
-0.01055475
-0.00521371
-0.0078725
0.00449332
-0.00794372
-0.00689127
-0.01323265
0.00379575
0.00174547
-0.00837727
0.00614112
-0.00605031
-0.01632277
-0.0057504
0.00205891
-0.01231594
0.00444241
0.00295731
-0.01434783
0.0089586
-0.00308689
-0.00202982
0.00188118
-0.00136417
0.00241945
-0.00903634
0.01291933
-0.00821971
-0.00816667
