#Average flux [c/s]: 13375.010837770667
#                                   T_start= 0 s
#                                   T_end= 1 s
#                                   CCF campionation= 1e-6 s
#                                   Fit amplitude= 111 s
#                                   Variable bin size= 10 ph/bin
0.02424
0.01469
-0.04023
0.04232
0.00071
0.01934
-0.00204
0.03843
-0.02401
0.02243
-0.03323
-0.01032
0.03892
-0.0104
-0.00621
-0.00695
0.04135
0.01916
0.00503
0.0338
0.00955
0.00042
-0.02389
-0.03303
0.0398
-0.00498
-0.00505
0.01512
0.0389
0.03411
0.03592
-0.03419
-0.03342
0.00048
0.03868
0.03895
-0.01764
-0.03315
0.00171
0.03588
-0.03444
0.0413
0.02485
-0.0392
-0.03524
0.01559
0.03842
0.02448
0.02497
0.00124
0.02932
0.02416
0.03838
-0.00194
0.00198
-0.03314
0.03509
-0.03463
-0.02689
-0.01052
0.03814
0.0483
-0.03336
0.02563
0.03423
0.03838
0.00119
0.06077
-0.03352
0.0245
0.00718
0.00066
0.04124
0.03672
0.03417
0.01445
-0.03206
0.00072
0.04488
0.03615
-0.0161
-0.01068
0.01486
0.03836
-0.03458
0.02512
-0.03358
0.03439
0.03821
-0.0043
0.02482
-0.03145
0.00197
0.02565
0.05877
0.00204
0.00644
-0.02442
0.01497
0.04877
