#Average flux [c/s]: 3104.167268765037
#                                   T_start= 0 s
#                                   T_end= 1 s
#                                   CCF campionation= 1e-6 s
#                                   Fit amplitude= 111 s
#                                   Variable bin size= 10 ph/bin
0.00061
0.00061
0.00132
0.00112
-0.0017
0.0
-4e-05
0.00077
-0.00057
0.00146
-0.00062
-0.00098
-0.0005
-0.00358
-0.00071
-0.00128
0.0
0.00101
0.00091
0.0
2e-05
0.00073
0.00062
-0.00132
4e-05
0.00148
-0.00014
0.00134
0.0001
-0.0009
-0.00048
-0.00125
-0.00241
-0.0011
-0.00015
0.0
-0.00014
0.00121
0.00038
-0.00121
-0.00074
-2e-05
0.00161
0.00156
0.00045
-0.00285
-0.00077
0.0
-0.08401
0.00103
9e-05
-0.00092
-0.00027
-0.00031
0.00079
-0.00067
-0.00026
-3e-05
8e-05
0.00147
-0.00061
0.00068
-0.00082
0.00058
-0.00031
-0.00113
-0.00141
0.00073
-0.00064
-0.00041
0.00054
-0.00069
0.00103
-0.00015
-0.00019
0.00039
0.00101
0.00082
0.00121
0.00125
0.00051
-0.00127
0.00173
0.00064
-0.00087
0.0
0.00072
-0.00037
0.00037
0.00318
0.00061
-0.00127
0.00086
-0.00073
0.0008
0.00016
-0.00012
0.00126
-0.00012
-0.00162
