#Average flux [c/s]: 8541.672687650367
#                                   T_start= 0 s
#                                   T_end= 1 s
#                                   CCF campionation= 1e-6 s
#                                   Fit amplitude= 111 s
#                                   Variable bin size= 10 ph/bin
0.04417
-0.03745
0.03651
-0.01849
0.02716
0.01712
-0.0268
0.01675
0.01656
0.01706
0.04918
0.02811
-0.03878
-0.01586
0.01739
0.02674
-0.01083
0.01734
0.04782
-0.00697
-0.01517
0.02873
0.06321
0.01058
0.03082
0.00936
0.0498
0.03253
0.03501
0.02837
0.03523
0.01675
0.02992
0.03105
0.01521
0.01896
-0.01589
0.07922
0.06069
-0.0369
-0.00463
0.01617
0.0811
-0.00325
0.02655
0.05068
0.04329
-0.00324
0.02351
-0.00366
0.01876
0.04584
0.01768
0.04276
0.01625
0.02796
-0.01481
0.0246
0.03435
-0.01841
-0.00304
0.01786
0.03229
0.03606
0.03423
0.01738
0.01565
0.01642
0.04857
0.01617
0.03224
0.00775
0.00759
0.02957
0.069
0.02734
0.01728
0.0246
-0.02517
0.03518
0.03295
0.03441
-0.00267
0.06548
0.03505
0.01836
0.08029
0.01717
0.01621
-0.01546
0.01712
0.03248
-0.0166
0.02334
-0.00523
0.01747
0.03507
-0.00255
0.01794
0.05052
