#Average flux [c/s]: 10052.090859562963
#                                   T_start= 0 s
#                                   T_end= 1 s
#                                   CCF campionation= 1e-6 s
#                                   Fit amplitude= 111 s
#                                   Variable bin size= 10 ph/bin
0.00545
0.0072
-0.00885
-0.00807
-0.00594
0.00406
0.00469
-0.00948
-0.02549
-0.00135
-0.02137
-0.02373
-0.00997
-0.00384
-0.0117
-0.02575
-0.00558
-0.00717
0.00312
-0.00603
0.0291
0.00085
-0.01168
-0.01159
-0.02593
0.0202
-0.01352
0.00827
0.01884
-0.02239
-0.03356
-0.01729
0.00131
0.02091
-0.02382
-0.00546
0.02072
0.00701
-0.00559
0.01976
0.01976
0.04075
-0.02552
-0.00116
-0.00972
-0.02352
-0.02164
-0.00972
0.02028
-0.00909
0.0455
0.02777
0.00579
0.02726
-0.0219
-0.01182
-0.00578
0.01913
0.01971
0.01981
0.00041
-0.02061
-0.0112
-0.00986
-0.01071
0.02108
-0.00928
0.02782
0.00295
-0.02258
0.02026
-0.0099
-0.02363
0.0181
0.04147
-0.02288
0.00852
-0.01059
-0.00061
-0.03398
-0.02058
-0.0418
0.00371
-0.00995
-0.00819
-0.00606
-0.00921
-0.01398
-0.01281
0.00661
-0.0089
0.03177
0.00736
-0.00891
-0.01385
-0.01102
-0.01375
-0.00894
-0.0183
0.03129
