#Average flux [c/s]: 10807.299945519258
#                                   T_start= 0 s
#                                   T_end= 1 s
#                                   CCF campionation= 1e-6 s
#                                   Fit amplitude= 0.1 s
#                                   Variable bin size= 10 ph/bin
0.00886768
0.01984926
-0.0132819
-0.00812526
0.00478317
0.00337294
0.01904173
-0.01655013
-0.00391172
0.01255654
#999
#999
0.00956839
0.00267871
#999
-0.00023275
0.00646778
-0.00494487
0.00121053
0.00205815
#999
-0.01560462
-0.00156168
0.00739962
0.0087007
-0.01171956
-0.00419646
0.00908949
#999
-0.00905202
-0.00342824
0.00181231
0.0072362
0.01349353
0.00577838
0.01105302
0.00626888
-0.00361129
0.00561662
0.00564995
0.00803165
0.00548845
0.00448163
0.00890267
0.00279931
0.00503735
0.00461423
-0.00471911
-0.00745235
0.0046667
0.00287317
0.00218068
0.00820216
-0.00739623
0.00308136
0.00262096
-0.00335786
#999
-0.00315475
0.01204455
-0.00566756
-0.01466232
0.01732843
0.00537722
-0.0110472
-0.00141019
0.01520879
0.0127003
0.00676818
0.00606098
0.02144127
0.01838698
-0.0020688
#999
#999
0.00233952
0.01872303
-0.00710611
-0.00088132
-0.00523251
0.0083151
-0.01048743
-0.00545096
0.01710259
-0.00317976
0.00415961
0.00953512
0.00440225
-0.00962134
0.00573431
0.00791086
0.00885601
-0.00560789
0.00133822
-0.005259
-0.01781957
0.00197679
0.01100114
-0.00350249
0.00457635
