#Average flux [c/s]: 15489.596278448294
#                                   T_start= 0 s
#                                   T_end= 1 s
#                                   CCF campionation= 1e-6 s
#                                   Fit amplitude= 0.1 s
#                                   Variable bin size= 10 ph/bin
-0.0043362
0.00484875
-0.00111945
0.00431337
-0.00098783
-0.00609571
-0.00738026
0.00984728
-0.00349585
-0.01474243
0.01115867
0.00356389
0.00497067
0.0064443
0.00116658
0.00504844
-0.00175924
0.00522799
0.00166241
-0.00277605
0.0126825
-0.00219115
-0.00586482
-0.00634819
0.00237748
-0.00959068
-0.01099652
0.00060541
0.00255726
0.00214594
0.00976509
0.00478797
-0.0001029
-0.00751901
-0.00649371
-0.00203586
-0.00156556
0.00445137
-0.00694171
-0.00592198
0.00350684
0.00212463
-0.00119212
0.00100338
0.00531179
0.00235061
-0.0069363
0.01019682
-0.00413674
0.00096181
-0.0083429
-0.00438756
-0.00406313
0.00238786
-0.00083498
0.01196551
0.00935083
0.0132281
-0.00131793
-0.00503108
-0.00558075
-0.00426164
0.00185149
-0.00860365
0.01463386
0.00452205
0.01505226
-0.00920449
0.00119571
-0.00704168
0.00522886
0.00412325
0.00592375
-0.0072483
-0.00279997
-0.00405827
0.00070712
0.00148987
-0.00133009
#999
-0.00506942
-0.00098486
-0.0044121
#999
0.00077171
0.00687167
#999
-0.00095736
0.00960602
0.00170239
-0.00267606
-0.00448358
0.00217882
-0.00918782
-0.01514671
-0.01112279
0.00150426
0.00449967
#999
0.01715056
