#Average flux [c/s]: 16848.972633169626
#                                   T_start= 0 s
#                                   T_end= 1 s
#                                   CCF campionation= 1e-6 s
#                                   Fit amplitude= 0.1 s
#                                   Variable bin size= 10 ph/bin
#999
-0.00419523
-0.00661693
#999
-0.00879207
-0.01286243
#999
-0.0087084
0.00849801
-0.01807955
#999
-0.00680066
0.00349781
#999
0.007746
-0.0032449
-0.0007742
-0.00394901
-0.01488851
-0.00353775
-0.01553239
-0.00406069
#999
-0.02027137
-0.00313772
-0.00290856
-0.00688584
-0.01222251
0.00937421
-0.00423798
0.00452015
-0.00042078
-0.01294946
-0.00750879
-0.00587546
-0.00502185
-0.00362628
-0.01094948
-0.00563724
-0.00617451
-0.01124817
-0.00952501
-0.01153702
-0.00183886
0.0001094
0.00019799
-0.00703505
-0.01502585
0.00226153
-0.01496911
0.00162037
-0.00654923
-0.00313548
-0.00044382
0.00287958
0.00264295
-0.00316202
-0.0146
-0.01068813
#999
-0.00389743
-0.0002247
-0.00338698
-0.00737815
-0.00332652
-0.00727576
-0.00917755
-0.00719085
-0.01255636
-0.00224256
-0.00565268
-0.00610218
-0.010687
-0.01068967
-0.00950996
-0.00627393
-0.01299213
-0.00523582
-0.00940092
-0.00630315
#999
-0.0070981
0.00340487
-0.01162202
-0.00874642
-0.00910039
#999
-0.01534081
-0.00393083
0.00046996
-0.01621143
#999
0.00542835
-0.00831191
-0.01030972
-0.00543764
-0.00467667
#999
-0.00493794
-0.01089372
