#Average flux [c/s]: 16395.84718159585
#                                   T_start= 0 s
#                                   T_end= 1 s
#                                   CCF campionation= 1e-6 s
#                                   Fit amplitude= 111 s
#                                   Variable bin size= 10 ph/bin
0.0222
0.02536
-0.02317
0.00441
0.02488
0.0099
0.00971
0.02727
0.01365
-0.00834
-0.00078
0.03831
0.01204
0.01506
0.02512
0.0139
0.01702
-0.00132
-0.00877
0.04517
0.02637
0.01514
0.02521
0.01457
0.03129
0.01491
0.03446
0.00944
0.02341
0.02492
-0.01725
-0.00917
0.01456
-0.02378
0.0106
-0.00613
0.02814
0.01507
0.0147
-0.0015
0.01138
-0.0009
0.02881
-0.00493
0.03744
0.02528
0.01433
-0.00695
-0.02441
0.01499
-0.01483
0.01405
0.01439
0.02388
0.02538
0.0257
0.02209
0.01349
0.01469
-0.01994
-0.00929
0.01332
0.04558
0.01513
0.02317
0.0654
0.01438
1e-05
0.01786
-0.01612
-0.00718
0.01464
0.01642
0.00906
0.0446
0.02286
0.02514
-0.0083
0.0129
-0.00638
-0.00909
0.01021
-0.0157
0.01685
0.01955
-0.00733
-0.02345
-0.00026
-0.03324
-0.00884
0.0149
0.04475
0.00935
-0.00668
-0.02477
-0.02389
-0.00413
0.02519
0.00224
0.01345
