#Average flux [c/s]: 15338.554461257037
#                                   T_start= 0 s
#                                   T_end= 1 s
#                                   CCF campionation= 1e-6 s
#                                   Fit amplitude= 0.1 s
#                                   Variable bin size= 10 ph/bin
-0.007573
-0.00368214
-0.00601194
-0.00650854
-0.00153861
0.00533423
0.00203895
0.00011281
-0.00105891
-0.0015347
-0.00597903
-0.00141274
0.00087127
0.02119883
0.00145838
-0.00542424
-0.00439432
0.0013523
0.00088109
#999
-0.00641545
0.00019239
-0.00667053
-0.00014604
-0.00048203
0.00638352
0.00987385
0.00063685
0.00406905
-0.00511702
-0.00780932
-0.00850514
-0.01372496
0.00084575
0.00584378
0.00118847
0.00299289
-0.00551678
0.01043877
0.00905556
0.01159951
0.00016348
-0.00898981
0.00890436
-0.00041088
-0.00807456
-0.01082942
0.00980019
-0.00266304
-0.00955468
0.00425995
-0.00945531
0.00577406
-0.00700094
-0.00582428
0.01236927
0.01776826
-0.00017745
4.016e-05
-0.00897715
-0.01794026
-0.01433623
-0.00972219
0.00809879
0.00705654
-0.00164198
0.00614856
0.00571878
-0.00090605
0.0016733
0.00560025
0.00678832
0.00218844
-0.00127164
0.00362563
-0.00184024
0.00142695
0.009661
-0.00946227
0.00118079
0.00182612
-0.00181399
0.00061301
0.00130511
-0.01354617
-0.00414296
-0.00326463
0.00678924
0.00539012
-0.00027191
-0.00422254
0.00299079
-0.0019844
0.0047674
-0.00163845
#999
-0.01154468
-0.0021173
-0.00451772
-0.00199943
