#Average flux [c/s]: 4765.627257868888
#                                   T_start= 0 s
#                                   T_end= 1 s
#                                   CCF campionation= 1e-6 s
#                                   Fit amplitude= 111 s
#                                   Variable bin size= 10 ph/bin
0.00091
3e-05
3e-05
-0.00081
-0.0002
0.00069
-0.00016
7e-05
-1e-05
6e-05
0.00013
0.00027
-0.00067
-0.00056
-0.00057
-0.00049
0.00034
0.00121
0.00014
-0.00019
-0.00017
0.00016
0.00029
-0.00073
-0.00015
0.00023
0.00028
0.00069
0.00025
3e-05
0.00021
0.0006
0.0006
-0.00078
0.00012
0.00089
-0.00077
-0.00059
0.00016
-0.00026
-3e-05
-5e-05
0.00024
0.00027
-6e-05
-0.00074
-0.00011
0.00037
0.00084
0.00033
-0.00099
-0.00042
0.00063
0.00022
6e-05
-0.00045
0.00043
0.00026
0.0003
-9e-05
0.00041
8e-05
-3e-05
-0.00101
-0.00076
-2e-05
-0.00063
-0.00059
-0.00022
0.00036
0.00036
3e-05
7e-05
-0.00016
-0.00066
0.00011
0.00013
0.00021
-0.00061
-0.00012
-0.00052
0.00015
0.00048
-0.00041
3e-05
-0.0002
0.00011
0.00097
0.00089
0.00036
0.00065
-0.00062
-6e-05
0.00044
0.00046
-0.00113
-0.00065
0.00035
0.00024
0.00024
