#Average flux [c/s]: 10203.132676754221
#                                   T_start= 0 s
#                                   T_end= 1 s
#                                   CCF campionation= 1e-6 s
#                                   Fit amplitude= 0.1 s
#                                   Variable bin size= 10 ph/bin
-0.00036535
-0.00255389
0.00815934
0.01405765
-0.00635507
-0.01013808
0.00408555
0.0161996
0.00032349
-6.285e-05
-0.00403798
-0.00455218
-0.00781288
0.0006469
0.011336
-0.01280591
0.01028501
0.00920943
-0.01113807
-0.00745049
0.00823993
-0.00455561
-0.00617732
-0.0075295
0.00546039
-0.00476002
-0.00090631
-0.00897786
0.01155233
0.00448841
0.01221302
-0.0210943
0.00407125
0.00929471
0.00339445
-0.00464403
0.00827507
0.00955304
-0.00632268
0.00093207
0.00493695
-0.01165538
-0.00510357
0.00939806
-0.00017316
0.01985827
0.00059322
0.00634957
-0.00652611
-0.01422188
-0.00692091
0.00074266
0.0026642
-0.0077654
-1.185e-05
0.00364778
-0.00694419
0.01384953
-0.00536744
0.00119244
0.00083033
#999
-0.01805463
0.00214053
-0.01489467
-0.0035544
0.00799012
0.00555826
-0.01020059
0.0016758
0.00610403
-0.0019376
-0.00130605
-0.00355559
0.00250913
-0.00337527
0.00355498
0.01250156
-0.01037975
0.00320866
-0.00353882
-0.00091123
0.00458309
-0.00930886
0.00947714
0.01667118
-0.00781429
0.00627355
-0.00522986
0.00514337
0.01360995
0.00337757
-0.00231113
0.00325354
-0.00361714
-0.00577104
-0.02120034
-0.00865293
0.00578492
-0.01833549
