#Average flux [c/s]: 8390.630870459112
#                                   T_start= 0 s
#                                   T_end= 1 s
#                                   CCF campionation= 1e-6 s
#                                   Fit amplitude= 111 s
#                                   Variable bin size= 10 ph/bin
0.0384
0.01148
-0.01694
0.03905
-0.00059
0.00015
-0.00295
-0.00836
-0.03325
-0.02864
0.03302
0.00036
0.0397
-0.0464
0.03463
-0.0012
-0.04879
0.03869
-0.00119
0.03955
0.0115
0.00226
0.01194
0.00393
-0.05102
0.03931
0.04021
-0.00359
-0.00018
-0.04902
-0.03066
-0.06406
-0.00134
-0.00029
-0.04928
0.02837
-0.00065
-0.00148
0.03958
0.04173
-0.03579
0.03871
-0.00987
-0.04369
-0.02375
-0.03736
0.00026
-0.04615
-0.04473
0.03467
0.03326
0.03383
0.0116
-0.00097
0.00443
5e-05
0.01092
0.01326
0.0262
-0.0418
-0.00327
-0.00082
0.0329
0.03561
0.03771
-0.00141
-0.08895
0.01165
-0.01092
-0.00107
0.03136
-0.00121
-0.00049
0.00717
-0.02605
0.00088
-0.04894
-0.03992
-0.00144
-0.04519
-0.0384
-0.04135
0.00872
-0.03999
-0.00665
-0.00966
-0.04925
0.02057
-0.00016
-0.03764
-0.04269
-0.02693
0.01178
0.04797
0.01183
-0.00088
-0.02701
0.0701
0.03803
0.03438
