#Average flux [c/s]: 7786.463601694074
#                                   T_start= 0 s
#                                   T_end= 1 s
#                                   CCF campionation= 1e-6 s
#                                   Fit amplitude= 111 s
#                                   Variable bin size= 10 ph/bin
0.01041
-0.01765
-0.02838
-0.01546
-0.04921
0.0124
0.02053
0.0111
-0.03367
-0.00654
0.01401
0.0284
-0.01488
0.02895
-0.03329
0.00447
0.02972
-0.01359
0.02962
-0.01918
-0.01916
-0.00448
-0.01495
0.00837
0.02886
-0.03436
0.02891
-0.01829
-0.0163
0.0296
-0.05187
-0.05569
-0.01493
-0.02607
-0.01461
0.01617
0.02995
-0.03414
-0.03225
0.02337
-0.0168
0.03201
0.01469
0.02983
0.00297
0.04965
0.00181
0.05156
0.03005
0.01985
-0.01465
0.01322
0.02998
-0.01887
0.00272
-0.01332
-0.00827
0.01305
0.00212
0.0201
0.02633
0.03013
-0.01504
-0.00829
0.00097
0.03087
0.01184
0.02009
-0.03223
-0.01557
-0.00101
-0.03369
-0.05647
0.01104
0.01934
0.02899
-0.03431
-0.01631
-0.03522
0.03001
0.02014
0.03181
-0.01487
-0.00749
0.00398
0.01285
-0.05628
0.01067
0.03081
0.00207
-0.05337
0.03094
0.0291
0.02319
0.02019
-0.0143
0.03153
0.00364
-0.01307
-0.06791
