#Average flux [c/s]: 3406.250903147555
#                                   T_start= 0 s
#                                   T_end= 1 s
#                                   CCF campionation= 1e-6 s
#                                   Fit amplitude= 0.1 s
#                                   Variable bin size= 10 ph/bin
0.00075228
0.01177498
0.00313582
0.00261867
0.00399502
-0.00264308
0.00363342
0.07498448
0.0206021
-0.06119827
0.00140131
0.06403615
-0.00041789
0.06716853
-0.00050702
-0.01719555
0.0076019
0.00211194
0.00958984
-0.00153058
-0.00554129
0.00042262
-0.00101809
0.0764803
-0.01907596
0.06843029
0.00195684
0.00088698
0.06941669
-0.06304818
0.01044189
-0.01594956
-0.00131322
-0.00932193
0.00245963
-0.00147726
-0.00022561
0.00161949
0.06393791
-0.01905333
-0.01632233
-0.01335595
-0.01617603
-0.00044866
0.00338957
0.00649503
0.00288084
0.06136792
0.0014314
-0.07059079
-0.1176949
-0.00022392
0.00540843
-0.00070022
-0.0729548
-0.0011715
0.07374722
-0.07941422
0.00185722
-0.07502957
0.01445772
0.00085241
0.06622177
0.0043515
-0.00282837
-0.00548477
-0.00473351
-0.01980147
0.00685702
-0.1009549
0.00959344
0.03596443
-0.01756044
-0.01140523
-0.00395616
0.00191167
0.00127324
0.0018364
0.09903375
0.065264
0.00082725
-0.00352433
0.07914165
-0.08066196
0.0655815
0.0200493
-0.00160536
-0.0062653
0.01129101
-0.01225228
-0.02665082
-0.05834687
-0.02255694
0.05706529
0.01091183
-0.07713474
0.00309131
0.00596843
0.06019664
-0.00556048
