#Average flux [c/s]: 9296.881773606667
#                                   T_start= 0 s
#                                   T_end= 1 s
#                                   CCF campionation= 1e-6 s
#                                   Fit amplitude= 111 s
#                                   Variable bin size= 10 ph/bin
-0.00047
-6e-05
-3e-05
2e-05
0.00043
-0.00011
-0.00019
-0.00022
8e-05
-2e-05
-7e-05
-0.0001
1e-05
-4e-05
-0.00024
0.0001
0.00031
-8e-05
8e-05
-8e-05
-0.0002
0.00015
-4e-05
-4e-05
0.00038
0.00034
-2e-05
-0.00011
0.00015
0.00016
0.00018
5e-05
0.00016
-1e-05
0.00014
6e-05
-5e-05
0.00013
0.00031
0.00038
0.00011
-0.00041
6e-05
5e-05
9e-05
0.00023
0.00023
-0.00018
1e-05
6e-05
-0.00028
6e-05
0.0002
-5e-05
8e-05
-8e-05
-8e-05
-3e-05
-5e-05
7e-05
-0.00029
9e-05
0.00028
-0.00013
0.00016
0.00025
-0.00022
4e-05
7e-05
0.00022
-0.00023
-0.00011
-0.00049
-8e-05
6e-05
-1e-05
-0.0003
-0.0004
0.00013
-0.00018
-5e-05
-2e-05
-0.00011
-0.00018
0.00014
-6e-05
-0.00012
-4e-05
-0.00022
3e-05
0.00013
9e-05
-4e-05
7e-05
0.00049
-0.00032
0.0005
-1e-05
6e-05
0.00013
