#Average flux [c/s]: 5067.710892251406
#                                   T_start= 0 s
#                                   T_end= 1 s
#                                   CCF campionation= 1e-6 s
#                                   Fit amplitude= 0.1 s
#                                   Variable bin size= 10 ph/bin
0.07435959
-0.00062225
0.00030794
-0.03555489
-0.01857805
-0.08100942
0.05503141
-0.00613933
-0.07378329
0.0001583
0.01649481
-0.00011365
-0.0004889
-0.07486702
0.00032633
-0.00357245
-0.00130657
0.00226874
-8.934e-05
0.0463599
0.00053768
-0.11027553
0.00060572
-0.0001595
-0.07975527
0.02118997
0.01837433
0.0210282
-0.05598664
-0.03316075
-0.01075801
-0.00036572
0.09365387
0.01595246
-0.00571724
-9.618e-05
0.0002335
-0.00016118
1.56e-06
0.08322924
-0.00115451
-0.05914816
-0.00111582
0.15798594
0.0012556
-0.00039457
-0.00087076
-0.00925367
-0.10784753
-0.00048286
0.01437287
-0.00965211
0.01297711
-0.00306215
-0.00011597
0.07056626
0.000719
-0.09563741
0.00060743
0.00036576
-0.06641626
6.272e-05
-0.0002532
0.03060984
0.0004812
0.02210496
-0.07668311
-3.511e-05
-8.406e-05
0.00037946
0.01325435
0.00186611
0.00053336
-0.05364972
0.00109247
0.00065401
-0.00067678
-0.07523852
0.07629715
0.00588751
0.00041666
-0.0001774
-0.03983502
0.07778168
0.11074341
-0.01600213
-0.08426793
-4.329e-05
0.00044243
0.07113926
0.0006809
-0.02837405
0.127023
-0.00216116
-0.0272439
0.09313581
0.00013734
-0.06018797
-0.0767632
-0.06594094
