#Average flux [c/s]: 14583.345375300742
#                                   T_start= 0 s
#                                   T_end= 1 s
#                                   CCF campionation= 1e-6 s
#                                   Fit amplitude= 0.1 s
#                                   Variable bin size= 10 ph/bin
0.00248661
0.00212306
0.00506452
0.00981879
-0.00731731
-0.00039785
0.00439732
-0.00070902
0.00305366
0.00762723
0.01311804
-0.00224434
-0.00254738
-0.00283524
0.00412845
-0.0016773
0.00553608
-0.00439769
-0.00931099
0.0015538
0.00162843
#999
-0.00490825
0.00657885
0.01228367
0.00099338
0.00321017
0.005766
-0.00241384
-0.00284446
0.00867192
0.00901715
-0.00698535
0.00594055
-0.00126419
-0.00633834
-0.01367087
-0.00123113
0.00978956
-0.00388461
0.00631754
0.00812822
0.00633453
0.01036905
0.00788441
0.00301797
0.0027655
0.00561956
-0.00985356
#999
0.00108315
0.00081203
0.0006718
0.00044487
-0.00131329
-0.00801182
-0.00598799
0.00387245
-0.01017978
0.00345662
-0.0134498
0.00759717
-0.00867062
-0.00845799
0.00224696
-0.00211346
0.00813104
-0.00332033
0.00445979
-0.00030313
-0.00283368
0.00937466
-0.0008441
0.00270682
0.00162921
-0.00083804
0.00453495
0.00742719
-0.00214844
-0.0012387
0.00351878
-0.01213047
0.00234304
0.00560421
-0.00929973
0.00443767
0.00131937
-0.00792775
5.384e-05
-0.00164126
-0.00144575
6.76e-05
0.00605637
0.00350488
-0.00040618
-0.00183791
0.00575113
-0.00436487
0.00906939
-0.00566214
