#Average flux [c/s]: 4916.669075060147
#                                   T_start= 0 s
#                                   T_end= 1 s
#                                   CCF campionation= 1e-6 s
#                                   Fit amplitude= 0.1 s
#                                   Variable bin size= 10 ph/bin
-0.01351967
-0.00088279
-0.00453085
0.01015376
0.00045843
-0.02110074
-0.01291955
-0.00394823
0.00986816
-0.01750567
-0.01762763
0.00938131
0.05125382
0.01686766
0.00899793
0.01581417
0.01549479
-0.00898005
0.01890721
0.01021816
0.0084014
-0.00393178
-0.00669741
0.00635253
0.01395332
0.00235938
0.02082249
0.01935555
0.0014312
2.909e-05
-0.01792141
-0.03549593
-0.01609749
-0.01025983
-0.02001646
-0.03203293
-0.00014139
0.15668704
0.00824582
-0.01783648
-0.00691944
0.01736496
-0.01484524
-0.00242899
-0.02180548
6.102e-05
0.01615114
0.01697814
-0.00488738
-0.00044281
0.00080474
0.00769373
-0.01068051
-0.01597215
-0.00037955
0.00503176
-0.00563762
-0.01581627
0.01336442
-0.01407106
0.00068919
-0.01336106
0.01768982
0.00726162
-0.00215579
0.00570236
-0.00060914
0.00595882
-0.00265085
0.0668167
-0.01080391
-0.00396413
0.00020108
0.01597328
0.00322996
-0.00991211
-0.02371983
0.00071979
0.01987443
0.0146646
0.00337758
0.02066294
0.00246229
0.00061583
0.00063687
-0.00372697
0.00442552
-0.01429628
-0.0315047
-0.01796961
-0.00386303
-0.01046491
-0.00048188
-0.00952831
0.00695427
-0.00511369
0.00063933
-0.00875951
-0.00020336
0.03790982
