#Average flux [c/s]: 13072.927203388148
#                                   T_start= 0 s
#                                   T_end= 1 s
#                                   CCF campionation= 1e-6 s
#                                   Fit amplitude= 0.1 s
#                                   Variable bin size= 10 ph/bin
0.00680225
#999
0.01614449
0.01897165
0.01104098
0.01434836
-0.00258374
0.01803726
-0.00117847
0.00932053
-0.00276181
-0.00037813
#999
0.018439
#999
0.01141086
-0.00643025
-0.00794589
0.00605435
0.00689526
0.00361288
0.0020584
0.00190236
0.00931565
-0.00340144
0.00593638
0.01703072
0.00556246
-0.00071586
-0.00145594
-0.00834901
0.00769963
0.01704643
0.00075224
0.01346252
0.0026425
0.00180712
0.00360926
0.00749869
#999
#999
0.00715974
-0.0018103
0.00688907
0.00654166
0.00437226
#999
0.00549371
0.01164896
0.02522072
#999
#999
0.00839012
#999
0.00933118
-0.00532241
0.00800003
0.02098393
0.00462183
0.001795
-0.00375477
0.01846927
0.02254497
#999
0.01914522
0.01506125
#999
0.00697747
-0.00784283
#999
0.01556512
-0.01853583
0.01248679
0.00634572
0.00885101
#999
0.01350063
0.01440402
0.01209019
0.01707893
0.01692477
0.01426779
0.01391377
#999
0.0128266
0.01900229
0.01332224
-0.0080173
0.0006777
0.00328692
0.01157842
0.01134232
-0.01872319
0.02870942
0.00399648
0.00874532
0.00897718
0.00663887
-0.00168817
0.01477538
