#Average flux [c/s]: 9901.049042371704
#                                   T_start= 0 s
#                                   T_end= 1 s
#                                   CCF campionation= 1e-6 s
#                                   Fit amplitude= 111 s
#                                   Variable bin size= 10 ph/bin
-0.04338
-0.04648
0.02787
-0.05329
0.01287
0.02531
-0.04625
0.00697
-0.00383
0.02884
0.00758
-0.01616
-0.01986
0.01147
-0.0246
-0.03436
-0.02516
-0.02002
0.02792
0.03046
-0.00635
0.03188
-0.01356
0.01267
0.00933
-0.02608
0.00906
0.02827
0.01348
-0.02382
0.01269
-0.02655
0.02891
0.00018
-0.025
-0.01606
0.02074
0.02791
-0.00486
-0.0257
0.00595
0.01322
0.00921
-0.02492
0.00671
-0.01823
-0.02517
0.01068
-0.03419
-0.02736
-0.00516
-0.02147
0.00754
-0.02043
0.05699
0.00977
0.02609
-0.0241
-0.02583
-0.02574
-0.01346
-0.04538
0.00015
-0.06682
0.00609
-0.02445
-0.01565
-0.02581
0.00731
-0.0063
-0.02588
-0.02428
-0.04513
0.03373
-0.02533
0.03002
0.00976
-0.02624
-0.01566
-0.01594
0.01458
-0.06751
0.00806
0.06535
0.00202
-0.0494
0.00589
0.00739
0.05746
0.02119
0.02994
0.01295
0.06638
-0.06667
0.00669
0.03202
0.00593
0.01142
0.00654
0.00107
