#Average flux [c/s]: 15338.554461257037
#                                   T_start= 0 s
#                                   T_end= 1 s
#                                   CCF campionation= 1e-6 s
#                                   Fit amplitude= 0.1 s
#                                   Variable bin size= 10 ph/bin
-0.01104495
-0.00823194
0.00469716
-0.00985308
#999
#999
0.0054501
0.01145907
0.00546392
0.00779132
0.0026261
-0.00667856
#999
0.00256751
0.00738071
-0.00056028
0.00236481
0.00513256
0.0048278
-0.00275614
#999
0.00354553
#999
-0.01337011
0.00201751
#999
0.00153282
0.00072908
-0.00016284
0.00118409
-0.00807341
0.00055975
0.00802477
-0.00034401
0.01285446
0.01012802
0.00180321
-0.0010634
0.01185308
0.00550181
0.01007929
0.00351706
#999
-0.00171123
0.01100282
0.00359638
0.00010293
0.00613847
0.00590877
0.00864784
0.00862703
-0.00434382
-0.00732798
#999
-0.00396958
-0.01341867
0.00590887
-0.00521572
0.00133655
0.00411373
-0.00525274
-0.00844631
-0.00125575
-0.00163946
0.005975
-0.00203107
-0.00050155
0.00773847
#999
0.0008262
0.01069607
#999
-0.00150595
-0.00260078
-0.00218855
-0.00360705
0.0073245
-0.00171158
-0.00234643
0.00023947
0.00511516
0.00473306
0.00742153
-0.00751466
-0.00733631
-0.00425151
0.00323601
-0.00247619
-0.00380645
-0.00140425
0.00559689
0.00291244
0.00439984
#999
-0.0063819
0.0024997
-0.00329624
-0.00645839
-0.00371028
0.00620619
