#Average flux [c/s]: 9750.007225180443
#                                   T_start= 0 s
#                                   T_end= 1 s
#                                   CCF campionation= 1e-6 s
#                                   Fit amplitude= 111 s
#                                   Variable bin size= 10 ph/bin
-3e-05
-0.00031
4e-05
0.00032
-0.00041
-6e-05
-0.00042
9e-05
0.00016
0.0
7e-05
-0.0001
-0.00012
-0.00035
0.00025
7e-05
-5e-05
-0.00015
-8e-05
-0.00026
5e-05
-9e-05
4e-05
0.0
0.00014
0.00012
5e-05
-0.00035
-9e-05
-0.00019
0.00012
0.0
0.00026
0.0
-6e-05
-0.00048
-7e-05
-0.00016
-0.0002
-0.00034
-3e-05
0.00024
-0.00014
3e-05
0.00021
-1e-05
4e-05
0.00018
-6e-05
-1e-05
-0.00018
-0.00033
0.00015
0.00021
0.00018
1e-05
6e-05
0.00015
-4e-05
3e-05
-0.00015
9e-05
-3e-05
2e-05
-0.00023
5e-05
-0.0001
5e-05
-5e-05
6e-05
0.00015
-0.00015
-4e-05
-0.00015
-0.00024
-7e-05
-8e-05
-0.00019
-0.00011
9e-05
0.0001
0.00012
0.0
-0.00024
-0.00022
-7e-05
-0.00032
-0.00034
-0.00041
0.0001
0.00015
9e-05
0.00013
-0.00019
0.00012
0.00015
-0.00022
0.00016
-8e-05
0.00021
