#Average flux [c/s]: 2802.083634382519
#                                   T_start= 0 s
#                                   T_end= 1 s
#                                   CCF campionation= 1e-6 s
#                                   Fit amplitude= 111 s
#                                   Variable bin size= 10 ph/bin
-0.0007
0.00111
0.00013
0.00115
-0.00065
0.00023
-0.00143
0.00071
-0.00108
-0.00034
0.00054
0.00126
-0.00049
0.00013
-0.00057
-0.00195
0.00066
0.00079
-0.00115
-0.00066
0.0006
0.00133
-0.00132
0.00096
0.00155
0.00076
0.00146
0.00139
-0.00037
-0.00016
-0.00079
-0.00109
0.00042
0.00112
-0.00016
0.00114
0.00016
-0.0005
-0.00013
-0.00114
-0.00081
-0.00072
-0.00131
-0.0014
-0.00022
-0.00132
-0.00265
-0.00148
-0.0013
0.00064
-0.00082
0.00102
0.0
0.00016
-0.00033
0.0003
-0.00022
0.00142
0.00033
-0.00147
0.00136
-0.0007
0.00246
-0.00065
-0.00057
-0.00079
0.00016
0.00061
-0.00125
-0.00223
-0.00035
-0.00063
0.0009
-0.00299
-0.00179
0.00072
9e-05
0.00085
-8e-05
0.00043
9e-05
0.00051
-0.0003
-0.00117
0.00104
-0.00071
0.00022
-0.00034
0.0
-0.00059
4e-05
0.00054
0.00048
0.00041
-0.0007
0.00066
0.00234
-0.00023
0.00128
-0.00028
