#Average flux [c/s]: 5671.878161016443
#                                   T_start= 0 s
#                                   T_end= 1 s
#                                   CCF campionation= 1e-6 s
#                                   Fit amplitude= 111 s
#                                   Variable bin size= 10 ph/bin
-1e-05
-4e-05
-7e-05
-0.00011
-0.00107
0.00032
0.00044
0.00031
0.00025
0.00048
-4e-05
-0.00021
0.00019
-0.00029
0.0
0.00028
-0.00086
0.00038
-0.00055
0.00022
0.00137
0.00014
-0.00063
0.00033
-0.00049
-0.00014
-6e-05
0.00051
0.00019
-0.00022
-0.00021
0.00039
-0.00029
-0.00074
0.00029
0.00038
-9e-05
-0.00041
0.00018
-0.00026
-1e-05
-0.0001
-0.00031
-0.00053
4e-05
0.00018
8e-05
0.00011
0.00037
0.00021
-3e-05
0.00033
-0.00103
-7e-05
0.00025
0.00036
0.00033
-6e-05
-0.00013
-1e-05
0.0009
0.00025
-0.00015
0.00015
0.00016
-0.00034
-8e-05
-0.00014
0.0005
1e-05
0.0
-0.00027
0.00027
0.00029
0.00016
8e-05
0.00071
0.00012
0.0001
-0.00031
0.0005
-0.00016
-0.00035
0.00013
-7e-05
-3e-05
0.00014
1e-05
0.00018
-0.00017
-0.00014
-0.00033
-0.00041
-0.0007
4e-05
-0.00032
6e-05
0.00012
-1e-05
0.00026
