#Average flux [c/s]: 10505.216311136739
#                                   T_start= 0 s
#                                   T_end= 1 s
#                                   CCF campionation= 1e-6 s
#                                   Fit amplitude= 0.1 s
#                                   Variable bin size= 10 ph/bin
-0.00396309
0.00236056
-0.01623878
0.00455684
-0.00451381
0.00106128
-0.00519518
0.00330312
-0.00296738
0.00182781
-0.00826398
-0.00566127
0.00733201
-0.00360058
-0.00324182
-0.00042266
0.00759487
0.00913177
-0.02002772
0.00091629
-0.01105137
0.00158987
-0.01389565
0.01311533
-0.00105107
-0.00465237
0.02157087
0.00810205
0.01421299
-0.00287059
-0.00039686
0.00113091
0.0025554
-0.00612563
0.00153779
0.00037645
-0.0228
0.02114655
-0.00843978
0.00140933
0.01501414
-0.00352925
0.00699573
3.023e-05
0.00247774
-0.00718051
-8.279e-05
-0.00063807
0.00315085
-0.00430443
0.00025534
0.00175843
-0.02195607
0.00079065
-0.00656365
-0.00013687
0.00761189
-0.00117321
0.00226173
0.00045344
0.01754356
-0.00890819
0.00451257
0.01303074
-0.00265191
-0.0028395
-0.00674464
-0.02503777
-0.00725508
0.00923283
0.01850069
0.00988337
-0.0039735
0.00029226
0.00909752
-0.01250447
0.00136863
-0.00343302
0.01738464
-0.00805771
-0.00010693
-0.00675239
-0.00260437
-0.00120009
-0.0020981
0.00274036
0.00716671
-0.00604977
0.00328105
0.00289264
0.0012788
0.00173345
-0.0053056
0.00903213
-0.00450279
-0.01216715
-0.00314407
0.01108982
-0.00076171
0.01689979
