#Average flux [c/s]: 12166.676300240591
#                                   T_start= 0 s
#                                   T_end= 1 s
#                                   CCF campionation= 1e-6 s
#                                   Fit amplitude= 0.1 s
#                                   Variable bin size= 10 ph/bin
0.01091834
0.01236341
0.0032501
0.0031986
-0.00211233
#999
-0.0037954
-0.00528474
-0.00851151
-0.01155643
-0.00235909
-0.00388627
-0.00811568
-0.00067198
0.00570011
#999
-0.00342582
-0.01002903
0.00703281
-0.00627236
-0.0082043
-0.00015744
#999
-0.01586258
-0.00315671
-0.00899241
-0.00153341
-0.00520842
#999
-0.0163796
#999
#999
#999
-0.00040429
0.00648137
0.01544708
-0.01353236
0.00251278
-0.00107026
-0.00465334
-0.01490969
0.00524213
-0.02362398
-0.02005099
-0.00340798
-0.00366852
0.0012999
0.00679638
-0.00150452
-0.00636212
-0.00104151
-0.01057425
0.00338301
-0.01329379
-0.0162349
-0.01173001
-0.01747894
-0.00103129
-0.02365313
0.01330109
0.0085719
-0.00231312
0.01775624
-0.00038553
-0.01600225
0.01071933
0.00015769
-0.00502079
0.00661668
0.00058212
0.00504527
-0.01053828
-0.01127031
-0.01241771
#999
-0.00823671
#999
0.01174155
-0.00449019
-0.02065923
0.00332009
0.00347789
-0.0049785
-0.00403863
-0.00326041
-0.01467979
0.01423193
-0.01510797
-0.00521007
0.00011049
-0.01339039
-0.01171061
-0.0105846
0.0063993
#999
0.00497417
-0.00330838
-0.005365
0.01710204
0.01104076
