#Average flux [c/s]: 5520.836343825185
#                                   T_start= 0 s
#                                   T_end= 1 s
#                                   CCF campionation= 1e-6 s
#                                   Fit amplitude= 0.1 s
#                                   Variable bin size= 10 ph/bin
0.04853319
0.01006379
0.00119214
0.03359009
0.11200674
-0.01216323
0.02395879
0.00286569
-0.00909359
0.03750745
0.01669764
-0.02696366
-0.0068557
0.02705809
-0.01440519
0.02138026
0.00103635
0.00737203
0.01869976
0.00561046
0.01316168
0.02624089
0.0020914
-0.01129814
1.51629044
0.09359717
0.02961769
0.02776535
0.00380012
-0.02838974
0.04831456
0.06871993
0.05639398
0.03780594
-0.01929978
0.00470972
0.04716616
0.01356161
0.02092507
0.03273006
0.00182064
0.01437513
-0.00940826
-0.00040708
0.01609933
0.00615016
0.002111
-0.02903601
0.00579406
-0.00863485
-0.00098547
0.00863109
0.01569452
0.02961557
0.00124819
0.00062542
#999
-0.00258109
0.0042458
0.04930346
-0.00340126
-0.00384575
0.00344575
-0.00813485
-0.00730083
0.06708206
0.199242
-0.01413692
-0.01939819
0.03062328
0.00572616
-0.00118069
0.02820596
-0.02159835
0.00872679
-0.00515952
0.00397194
0.04468614
0.0073372
0.05190559
0.08736035
0.00430618
0.00012946
-0.02435494
0.0406413
0.01772733
-0.00244918
0.02526617
0.02476721
0.01441613
-0.02057108
0.00564952
-0.01062897
-0.00046777
0.03028247
0.00962092
-0.06175794
0.04975959
0.0013433
0.02776931
