#Average flux [c/s]: 8239.589053267851
#                                   T_start= 0 s
#                                   T_end= 1 s
#                                   CCF campionation= 1e-6 s
#                                   Fit amplitude= 0.1 s
#                                   Variable bin size= 10 ph/bin
0.01425501
0.00582839
-0.00158749
-0.00604481
0.0178696
-0.00270094
-0.00462824
-0.00797862
0.00614603
-0.00099132
0.00282008
0.012394
-0.00725543
-4.785e-05
0.01365047
-0.01907641
0.00016052
-0.01095996
0.00075196
-0.00904761
0.00466844
0.01827355
0.00402321
0.00138827
0.01476483
0.03087453
0.01779263
0.0015295
0.00209694
0.00469243
0.00871752
0.01912607
0.00968512
-0.02662075
0.00777031
-0.00016553
0.006187
-0.00360758
0.00389735
0.00800744
0.00964722
-0.01550059
0.01459219
0.03419716
0.02567732
0.00424503
0.03177969
0.01254025
0.02514337
0.02131384
0.00457277
0.0015888
-0.0010217
-0.00415851
0.00665238
0.01279076
-0.0102296
-0.00345507
0.00879602
0.01987481
0.00083419
0.01497687
-0.01665246
0.02353906
-0.00810752
-0.012109
-0.00233589
0.00910134
0.00303376
-0.01323116
0.00339401
-0.01618881
0.00983817
0.00335955
0.00201751
0.00088632
0.01736178
-0.00679508
-0.00058425
0.00701223
-0.00177566
-0.01489144
0.00620872
#999
-0.00421455
-0.00332456
0.00840996
0.00854891
-0.00438627
0.00928806
0.0015949
-0.00073372
-0.0066396
0.00227743
0.01184379
0.00507431
0.01673054
-0.01449597
-0.00363219
0.00714672
