#Average flux [c/s]: 2953.125451573778
#                                   T_start= 0 s
#                                   T_end= 1 s
#                                   CCF campionation= 1e-6 s
#                                   Fit amplitude= 0.1 s
#                                   Variable bin size= 10 ph/bin
-0.00097662
-0.00174607
2.782e-05
0.00073057
-0.00268896
0.00216036
0.04618686
-0.00024234
0.04252928
-0.01546616
-0.00027727
-0.12204979
-0.00307445
-0.00175706
-0.08000395
-0.00115172
-4.416e-05
-0.04519948
0.09269383
0.0004015
-0.02954541
-0.00106005
0.00530889
-2.417e-05
-0.00115793
0.00135994
0.08005929
-0.02455772
-0.01827705
-0.05511793
0.09091181
0.00218486
-0.00726629
-0.08728596
0.05252744
0.00033363
-0.00179309
-0.0993055
0.00095855
0.03648251
-0.02138412
-0.0011046
-0.00074529
-0.07382042
-8.148e-05
-0.02840866
#999
-0.00030338
#999
0.00037798
-0.00186192
0.00212874
0.03161188
-0.00028881
0.01493292
-0.03182272
0.00177496
-0.27452312
0.04905626
-0.00216329
-0.02645533
-0.00035374
-0.00032704
-4.285e-05
-0.0315493
0.0319521
-8.646e-05
0.18866279
-0.0056172
0.00924719
-0.001263
-0.00034822
0.06423259
-0.02220737
0.00038373
0.00111968
-0.04549912
-0.00201403
0.0140889
0.00196797
0.09016172
-0.03473386
-0.00196276
-0.00658979
0.03057361
0.02886428
-8.657e-05
0.01693366
-0.00150464
-0.02651237
-0.02091437
0.07624522
0.10339419
0.00209211
-0.022496
-0.09450369
-0.00205934
0.03409279
-0.00148722
0.00119052
