#Average flux [c/s]: 6729.17088135526
#                                   T_start= 0 s
#                                   T_end= 1 s
#                                   CCF campionation= 1e-6 s
#                                   Fit amplitude= 111 s
#                                   Variable bin size= 10 ph/bin
-5e-05
0.00021
7e-05
0.00017
0.00061
-0.00023
0.0003
-0.00033
0.00046
-0.00023
0.00014
-1e-05
-3e-05
0.00025
0.00043
0.00056
-0.00056
-0.00054
6e-05
0.0
-0.00012
-0.00047
-5e-05
-0.00082
8e-05
0.00082
0.00017
9e-05
0.00013
0.00031
-8e-05
0.00091
-0.00066
8e-05
-0.00013
-0.00025
-0.00021
-0.00027
-0.00071
0.00051
-0.00054
-0.00053
-0.0004
0.00034
0.00032
0.00018
-1e-05
-0.00024
0.00019
0.00016
0.00028
-0.00016
0.00057
0.00016
0.00039
-0.00018
-1e-05
-0.00041
-0.00016
-0.00018
0.00016
-0.00014
-0.00015
0.0001
0.00022
-0.00034
-0.00033
-0.00029
0.00036
0.00045
-0.00052
0.00027
-0.00037
0.00098
-0.00027
-0.00023
-4e-05
0.00015
-0.00026
-0.00033
-0.00011
0.00019
0.00034
2e-05
-0.00066
-1e-05
-0.00046
-0.0001
-0.00075
0.00016
-1e-05
-0.00026
0.00043
-5e-05
0.00024
0.00072
0.00081
-0.00033
0.00039
-0.00056
