#Average flux [c/s]: 6880.2126985465175
#                                   T_start= 0 s
#                                   T_end= 1 s
#                                   CCF campionation= 1e-6 s
#                                   Fit amplitude= 111 s
#                                   Variable bin size= 10 ph/bin
-0.02712
-0.03614
-0.01093
-0.01286
0.01267
-0.01185
-0.08182
-0.01193
-0.08185
-0.02762
-0.01968
-0.0359
-0.0352
0.02461
-0.0624
-0.01295
0.01528
0.01693
-0.01228
-0.01132
0.01597
-0.01062
0.01246
-0.0078
0.10449
0.01283
-0.03307
-0.01089
-0.07238
-0.01154
0.01607
-0.01236
0.01293
0.00133
-0.00856
-0.02765
-0.03575
-0.04224
-0.08291
-0.00712
-0.01171
0.04065
-0.05237
-0.08181
-0.02573
-0.00766
-0.01143
-0.00981
-0.02163
0.01552
-0.01344
-0.01272
-0.05108
0.0818
0.01554
-0.01148
0.01193
-0.0372
0.08129
-0.04998
0.01091
-0.01346
-0.036
-0.01166
-0.00998
0.01919
-0.01739
0.01748
-0.01134
0.0184
-0.01209
-0.02517
0.01508
0.01618
-0.01122
-0.05188
-0.02143
-0.03063
0.01299
-0.01098
0.00555
-0.08269
-0.01288
-0.01275
-0.01368
0.02021
-0.01027
-0.05091
0.01768
0.0133
-0.02285
-0.07567
0.0146
0.01791
-0.00677
-0.01146
-0.01192
-0.01095
0.01989
0.01643
