#Average flux [c/s]: 14885.42900968326
#                                   T_start= 0 s
#                                   T_end= 1 s
#                                   CCF campionation= 1e-6 s
#                                   Fit amplitude= 0.1 s
#                                   Variable bin size= 10 ph/bin
0.00292401
0.00193604
-0.00940798
-0.00011197
-0.00730772
-0.00530082
-0.00491531
0.00610406
-0.004228
0.00210896
0.0073653
0.00287225
0.00335609
-0.00187975
-0.00071053
0.00219397
-0.00275289
-2.251e-05
-0.00955494
-0.00751375
1.429e-05
-0.00348503
0.00559952
-0.0044468
-0.00521845
0.001042
0.00081665
0.00150003
0.00882327
0.00402136
0.00801772
0.00630671
-0.00277826
0.00070969
0.00583718
0.00353028
0.00358732
-0.00641256
0.00459421
0.00868883
0.00444934
-0.00084788
0.00476178
0.00180956
-0.00534805
-0.00571321
-0.00439079
0.00173324
-0.00625195
-0.00482006
0.00087183
-0.00654715
0.00810528
-0.00118714
0.00013167
-0.00687589
-0.00347438
-0.00097764
-0.00190069
-0.00816303
-0.00786011
0.00214677
-0.00658879
0.00072076
-0.0096785
-0.00423346
-0.00832557
0.0010729
0.00594644
-0.01428334
0.00342307
0.00031682
0.00249334
0.00663323
-0.00114961
0.00072473
0.00056679
-0.00571128
-0.000844
0.0044391
0.00835522
-0.00106227
0.00157102
-0.00025263
-0.00259687
-0.00614667
0.00314907
-0.00235333
-0.00875659
0.00078935
0.00107191
-0.00678179
-0.00105301
0.00616062
-0.00866599
0.00445607
0.01965852
8.66e-05
0.0106505
-0.001312
