#Average flux [c/s]: 4916.669075060147
#                                   T_start= 0 s
#                                   T_end= 1 s
#                                   CCF campionation= 1e-6 s
#                                   Fit amplitude= 111 s
#                                   Variable bin size= 10 ph/bin
3e-05
-0.00053
-0.00021
-9e-05
-0.00019
0.00041
0.00068
-0.00037
-4e-05
-0.00039
-0.00024
-0.00021
0.00037
0.00013
-0.00018
-0.00034
0.00101
7e-05
0.00116
-9e-05
0.00045
0.00013
-6e-05
5e-05
-0.00014
-0.00025
0.00046
-0.00042
0.00029
-0.00065
0.00034
0.0003
-8e-05
-0.00042
0.00058
4e-05
-0.00049
0.00045
-0.00049
-2e-05
0.00025
-0.00066
-0.00027
0.00065
0.00197
-0.00032
-0.00022
0.00051
0.00116
7e-05
-0.00025
-0.00061
-0.00013
3e-05
0.00025
0.00029
0.00051
0.00019
8e-05
8e-05
0.00019
0.00018
-0.00015
7e-05
-0.00043
5e-05
0.00013
0.00055
0.00081
-0.00119
-1e-05
0.00059
3e-05
0.00059
2e-05
-0.00012
-0.00023
-0.00101
-0.00017
0.00023
0.00021
-0.00069
8e-05
-0.0001
0.00013
-0.00048
-0.00022
-0.00027
-0.00068
-0.00026
-0.00041
-0.00011
0.00082
0.00049
-0.00058
-0.00027
0.00093
-3e-05
0.00073
-0.00073
