#Average flux [c/s]: 14734.387192492
#                                   T_start= 0 s
#                                   T_end= 1 s
#                                   CCF campionation= 1e-6 s
#                                   Fit amplitude= 0.1 s
#                                   Variable bin size= 10 ph/bin
0.00223768
0.00274361
0.00374072
0.00322337
-0.0088968
-0.01474545
9.291e-05
-0.02016085
0.00019791
-0.00889297
-0.00943217
-0.01583918
-0.00267882
-0.01375251
0.00201977
-0.00093548
-0.00323271
-0.0076687
#999
-0.00056852
-0.0108145
0.01028677
-0.00815463
-0.01270057
-0.01337495
#999
-0.00586641
-0.00488206
#999
-0.00079817
-0.00859398
-0.00803305
-0.01302349
-0.01530602
-0.02080355
-0.0112818
-0.01260792
-4.821e-05
0.00526264
-0.00742631
-0.01078983
-0.00296956
-0.00708892
-0.00693775
-0.00249712
-0.03201877
0.00747858
-0.00084231
#999
-0.00323817
-0.01332805
#999
-0.00631705
-0.00889258
-0.00333923
-0.00390388
-0.00320258
-0.00934362
-0.00713593
-0.00512441
-0.00443564
-0.00569636
-0.01166039
-0.00373745
-0.01318866
-0.00190969
-0.0041665
-0.01930779
0.00053957
-0.00341975
-0.01122861
-0.00363287
#999
-0.00633289
-0.01551551
-0.01060487
#999
-0.00504891
-0.0131489
-0.00688484
-0.00370854
-0.00222512
0.00433011
-0.01339585
-0.00350971
-0.00231014
0.00149966
-0.0077427
#999
-0.00453814
#999
#999
-0.00690914
-0.00238013
-0.01545577
-0.00585079
-0.0082164
#999
-0.00302411
-0.00638519
