#Average flux [c/s]: 12619.80175181437
#                                   T_start= 0 s
#                                   T_end= 1 s
#                                   CCF campionation= 1e-6 s
#                                   Fit amplitude= 0.1 s
#                                   Variable bin size= 10 ph/bin
0.01170322
#999
0.00692603
0.00433692
0.01463844
0.00770796
-0.00330185
0.02128242
-0.00992603
-0.00356898
#999
0.0191823
-0.00707527
0.0091284
0.00428261
0.01364772
-0.00531069
#999
#999
-0.00127474
0.01560288
0.00825241
0.01470688
0.00410531
0.00812762
0.01389585
0.00801816
0.00961383
0.00883995
0.00926052
0.00712754
0.00490357
0.01616022
0.0215239
0.00702662
0.01168275
0.01586405
0.02374742
0.01346429
0.00564285
0.00937081
0.00544009
-0.0036231
-0.00024301
0.01232085
0.00533449
0.01745318
#999
0.00873218
-0.00519369
0.01687184
0.01010927
0.00244052
0.01099933
-0.01082563
-0.00235556
0.00731846
0.00296204
0.0187448
0.01041817
-0.00566059
#999
0.00319483
0.01231229
-0.00213998
0.00847296
0.01748542
0.00245365
0.01424129
0.00980816
0.01349846
0.00541253
0.00525523
0.01388668
0.01902568
0.01779052
0.0077046
0.0124267
0.00122721
0.00388256
0.006042
#999
-0.00017665
0.00303938
0.01170698
0.02357427
0.00184085
0.01655819
0.01267752
0.01761224
0.01702386
0.02041042
0.00217771
0.01876517
0.01351425
0.00646912
0.0050458
0.01708024
0.01103686
0.00921522
