#Average flux [c/s]: 4614.585440677629
#                                   T_start= 0 s
#                                   T_end= 1 s
#                                   CCF campionation= 1e-6 s
#                                   Fit amplitude= 0.1 s
#                                   Variable bin size= 10 ph/bin
0.02557272
0.03857608
-0.01952007
0.05982262
0.08498994
0.08427837
0.10274203
0.02510852
0.03361709
#999
-0.01978241
-0.00349298
0.14320002
0.02486582
0.11097524
0.02254106
-0.06730196
-0.00796606
-0.11185329
-0.02963782
0.00265295
0.0229071
0.08083568
-0.15442347
0.04575699
0.01851308
0.04207972
0.13918826
0.02114532
0.00136061
-0.00376534
0.03589738
-0.14045172
0.11623766
0.04290915
0.12752036
-0.03194807
0.11455091
#999
0.03902038
0.13505268
0.1310825
0.01872343
0.05285205
0.03918334
#999
0.08767882
-0.06204799
-0.12363929
-0.00762698
0.00486962
-0.15586229
0.08815969
0.13633757
0.24579932
0.02522233
-0.00114216
-0.05730942
0.09494081
0.02778876
0.15741015
0.01109074
0.09380292
0.02884219
0.118098
-0.12230009
0.00932398
0.03265168
0.19010461
0.07502558
0.03026425
-0.03191688
#999
-0.01005414
-0.04136022
0.00430996
-0.02770356
-0.24412854
0.0256102
-0.16736132
0.01692442
0.03968129
-0.13976274
0.03197914
#999
-0.1090118
-0.02692664
0.03572811
-0.00658613
-0.14610097
-0.32984625
-0.11733176
0.0392087
0.05358258
0.07235389
-0.14975568
-0.11288114
0.15021848
#999
-0.06654706
