#Average flux [c/s]: 10958.34176271052
#                                   T_start= 0 s
#                                   T_end= 1 s
#                                   CCF campionation= 1e-6 s
#                                   Fit amplitude= 0.1 s
#                                   Variable bin size= 10 ph/bin
-0.01499563
0.00526831
-0.00537288
-0.01803667
-0.02374292
0.01483308
-0.01857599
-0.02392201
-0.0206058
-0.001498
-0.02800288
0.00541488
-0.03203937
-0.0211506
-0.00488161
-0.00775779
0.00083997
-0.02117631
-0.00725426
-0.00346808
-0.00430232
-0.01415958
-0.02022875
-0.01707341
0.01522297
-0.0278777
-0.01364499
-0.02239909
-0.01044703
0.00780661
0.00920767
-0.00994516
-0.01153539
-0.03815226
-0.01582369
-0.00488667
-0.01182111
-0.00069053
-0.01007816
-0.00169914
-0.00856266
0.00170356
0.00344803
0.00450307
-0.0392307
-0.02815339
-0.02566977
-0.02097943
-0.00360342
-0.01189506
-0.01512376
0.00101635
-0.01367678
-0.00641947
-0.01843325
-0.0052547
-0.0126939
#999
-0.02431951
0.0033945
-0.01783487
-0.00063767
-0.00970004
-0.01288743
-0.02335954
0.00194444
-0.02383395
-0.02764351
0.00475972
-0.01379245
-0.01826063
-0.02578778
-0.0194334
0.00375873
-0.0025019
-0.03749164
-0.02404603
-0.01170536
0.00017422
-0.01137829
-0.02354451
-0.00469049
-0.01496086
#999
-0.00358936
-0.00190449
-0.00861519
-0.00960386
0.003556
-0.01550892
-0.012787
-0.00620694
-0.00218351
#999
-0.0180741
-0.02861203
-0.02663507
0.00191698
-0.00866255
-0.01578147
