#Average flux [c/s]: 12770.843569005629
#                                   T_start= 0 s
#                                   T_end= 1 s
#                                   CCF campionation= 1e-6 s
#                                   Fit amplitude= 0.1 s
#                                   Variable bin size= 10 ph/bin
0.00595676
-0.00104066
0.01117441
-0.01082254
-0.00514779
0.005731
0.00847744
#999
0.00815533
-0.00294456
0.00044802
0.00478651
-0.00607847
#999
#999
0.00521649
0.00027325
0.00123156
-0.0064587
0.01109327
-0.00369352
0.00683235
0.00355959
0.00092735
-0.01573207
0.01977614
0.00316181
-0.00333298
-0.00396866
0.00179288
0.00357546
0.00162413
0.00227751
-0.00758487
0.00460405
0.0113775
-0.01011569
-0.00534424
-0.00589504
0.00583296
0.00437358
-0.00219982
0.00928869
#999
-0.02057899
-0.00250424
-0.00235509
-0.00067222
0.00731722
-0.00215318
-0.01681375
-0.00087903
#999
0.0003675
0.01749466
0.00972826
#999
0.01041422
-0.00862072
-0.0002192
#999
-0.00569883
#999
0.00091436
0.00935767
-0.00783859
-0.01382904
0.00135722
0.00467566
0.00213741
0.00388726
-0.01620893
-0.00217251
-0.02000336
0.00097752
9.24e-05
-0.00203311
0.00637741
0.0019756
0.00886984
-0.00892174
-0.00911339
-0.00557816
#999
-0.00685282
-0.00272392
-0.01326617
-0.00495573
#999
-0.00044678
-0.00964441
0.0072471
0.0047834
0.00408756
-0.0067473
-0.00037277
-0.01152341
0.01390817
-0.00284325
0.01200133
