#Average flux [c/s]: 5520.836343825185
#                                   T_start= 0 s
#                                   T_end= 1 s
#                                   CCF campionation= 1e-6 s
#                                   Fit amplitude= 111 s
#                                   Variable bin size= 10 ph/bin
0.00049
0.00013
0.00016
-0.00053
-5e-05
-0.00047
-7e-05
5e-05
-0.00085
0.00072
-0.00015
0.00077
5e-05
-0.00033
3e-05
0.0001
0.0001
0.00029
-0.00042
0.00051
2e-05
-5e-05
5e-05
-0.00027
0.00045
-0.00034
0.00046
-0.00062
0.00045
0.0003
0.00026
0.0001
0.00071
0.00057
-0.00044
0.00019
0.00014
1e-05
-0.00091
0.00063
0.0
-0.00021
2e-05
-0.00047
0.00026
-0.00023
-0.00047
0.00017
-0.00115
-0.00018
0.00019
-0.00022
3e-05
-0.00072
0.00023
-4e-05
0.00031
-0.00013
0.00108
0.00028
-0.00056
0.00019
0.00032
0.00026
-3e-05
-0.00014
0.00027
2e-05
0.00041
0.0001
-0.00017
0.00013
0.00058
0.00056
-0.00028
0.0001
-0.00037
-1e-05
0.00051
0.00011
-9e-05
-0.00045
-0.00011
-0.00022
-0.00027
-0.00016
8e-05
0.00024
-0.00127
-0.00036
0.00056
-0.00024
0.00032
-0.00032
-0.00019
0.00012
-0.00014
0.00035
-4e-05
-0.00021
