#Average flux [c/s]: 2651.041817191259
#                                   T_start= 0 s
#                                   T_end= 1 s
#                                   CCF campionation= 1e-6 s
#                                   Fit amplitude= 111 s
#                                   Variable bin size= 10 ph/bin
0.00092
0.00045
-0.0002
-0.00043
0.00028
-0.00167
0.20373
0.00025
0.00082
-0.00037
-0.00159
0.0
0.00201
-0.00036
-0.10067
-0.00086
0.00231
-0.00307
0.00015
-0.00235
0.00275
7e-05
-0.00079
0.00153
0.00116
-6e-05
-0.0021
0.00042
-0.00276
4e-05
-0.00074
0.00189
0.00052
-0.00013
-0.00121
0.00075
-6e-05
-0.00049
-0.00118
-0.00143
0.0
-0.00067
0.00323
0.00019
0.29739
-0.45621
0.00012
0.00356
-5e-05
0.00013
-0.00078
-0.00056
0.00205
-0.00037
-0.08462
-6e-05
-0.00158
0.00263
-0.00138
0.11124
-0.00175
5e-05
0.00035
-0.00139
-0.00126
-0.00055
-0.00144
-0.00136
-0.13805
-0.00062
-0.00137
0.00045
-0.00247
-0.00062
-0.00201
0.00033
-0.00307
0.00032
0.00154
-0.00292
7e-05
0.00018
0.00018
0.00074
-0.00083
0.00289
-0.00065
0.0013
-0.00026
0.00207
0.00116
-0.00097
-0.00084
-0.0001
0.00138
0.00067
0.00088
-0.00029
-0.00337
0.00142
