#Average flux [c/s]: 7937.505418885333
#                                   T_start= 0 s
#                                   T_end= 1 s
#                                   CCF campionation= 1e-6 s
#                                   Fit amplitude= 111 s
#                                   Variable bin size= 10 ph/bin
-0.06031
-0.02709
-0.01401
0.00737
0.00641
-0.06192
-0.05887
0.03084
-0.01734
-0.00487
-0.00556
-0.03737
-0.06015
-0.06064
0.01963
0.02807
-0.04348
-0.02008
-0.002
0.00839
0.00669
-0.04918
0.00697
-0.00137
0.05918
-0.00369
0.00588
-0.04135
-0.06073
-0.04628
-0.04056
-0.03857
0.00985
-0.04803
0.00869
-0.03248
0.02345
-0.0419
-0.04129
-0.02814
0.01838
-0.0281
-0.042
-0.01838
-0.03873
-0.04744
-0.02923
-0.0419
0.00807
-0.02847
-0.01949
-0.01699
0.00698
0.02468
-0.05899
-0.02625
-0.06713
0.01219
-0.00913
-0.02787
0.0334
-0.01098
-0.02978
-0.04701
0.02949
0.06934
-0.01712
0.03031
-0.00447
-0.01352
-0.00364
0.00742
0.01121
-0.00212
-0.06632
0.00973
-0.04166
-0.02249
0.06935
0.02876
0.00799
-0.00269
-0.0775
-0.04094
-0.04477
-0.05943
-0.03709
-0.01679
-0.02923
-0.02578
-0.01076
0.03038
-0.04003
-0.04103
-0.01704
-0.0369
-0.02931
-0.01417
0.04423
-0.00728
