#Average flux [c/s]: 15187.512644065779
#                                   T_start= 0 s
#                                   T_end= 1 s
#                                   CCF campionation= 1e-6 s
#                                   Fit amplitude= 0.1 s
#                                   Variable bin size= 10 ph/bin
-0.00450748
0.00406299
-0.01140035
0.00379604
0.00122895
-0.0012756
-0.00805829
0.00512724
-0.00357374
-0.00613754
0.00559125
0.00269188
-0.00133505
-0.00690228
-0.00764057
0.00431174
0.00861855
-0.00169439
-0.01098859
-0.010073
0.00107231
0.0092583
-0.00097553
-0.00079012
-0.00024905
0.00615529
0.00370251
-0.00402891
0.00587582
0.00210114
0.00674641
-0.00190836
0.0008629
-0.00183996
-0.01268788
0.00909906
0.00904546
-0.0015803
-0.00901152
-0.00791205
-0.00525291
-0.00219569
0.00011734
0.01042412
0.00029608
0.00101157
-0.00739393
0.00383739
0.00768151
-0.01123579
0.005323
-0.00066701
0.00354397
0.01114117
0.00900627
#999
-0.00071325
0.00463117
-0.00255995
-0.00302482
0.00838164
-0.00290577
-0.00386588
-0.01726799
-0.00597458
0.00321213
0.00665771
-0.00504586
0.00105356
0.00330644
0.00760636
0.00820315
0.00142625
-0.00051768
-0.01284013
0.00422561
0.00691097
0.00539805
-0.00155969
#999
0.01640382
0.00934147
-0.00764357
0.00274413
0.0080683
0.00135657
-0.00233618
-0.00035556
-0.00190745
-0.00503136
0.00600765
0.00708887
-0.00346937
0.00326445
0.01308434
0.00226247
0.00154416
-0.01362657
-0.00426721
0.0014397
