#Average flux [c/s]: 5671.878161016443
#                                   T_start= 0 s
#                                   T_end= 1 s
#                                   CCF campionation= 1e-6 s
#                                   Fit amplitude= 0.1 s
#                                   Variable bin size= 10 ph/bin
0.00049382
-0.00043621
0.06531861
-0.01880754
0.00010574
-0.00013863
0.00056822
-0.00016647
0.0007166
-0.00013766
-5.94e-06
-9.689e-05
0.00019235
-4.112e-05
-8.985e-05
0.00024146
6.624e-05
5.884e-05
6.488e-05
0.00035947
-8.482e-05
6.02e-05
-0.00058412
-0.00010942
-0.00014484
0.00022513
-2.944e-05
-4.949e-05
-0.00019985
-0.00044934
9.364e-05
0.0010341
-0.00011985
-0.00024303
0.00024548
0.00010469
0.00017411
0.00022225
-0.00017496
-0.00055633
-0.00028917
8.395e-05
-0.00046138
3.695e-05
-9.62e-06
0.0002854
0.00019475
0.07976677
-0.00049618
-0.08931307
-5.292e-05
-5.35e-06
-0.05983001
-0.00016291
-0.00016332
-0.000135
0.00015726
0.00025804
5.305e-05
-0.00030311
-0.00010865
-0.00653101
-0.00038366
-0.0001315
-0.00024118
0.00041462
0.00018957
-0.00013431
8.257e-05
-0.00018942
-8.321e-05
1.858e-05
-0.0004811
0.00029005
0.00013547
0.0002623
-7.369e-05
-1.071e-05
-0.05862007
0.00024791
-0.00012264
-0.00015454
0.05726535
0.00042377
-0.00023689
0.00026913
-0.00018934
-9.856e-05
1.826e-05
0.00103102
0.00028958
5.471e-05
0.00031166
0.00010567
0.00015767
-0.00021956
0.00039734
0.00011286
-0.0003324
-0.00036166
