#Average flux [c/s]: 14734.387192492
#                                   T_start= 0 s
#                                   T_end= 1 s
#                                   CCF campionation= 1e-6 s
#                                   Fit amplitude= 111 s
#                                   Variable bin size= 10 ph/bin
0.00014
-0.00015
2e-05
-0.0001
-3e-05
0.00011
3e-05
8e-05
-0.00012
3e-05
5e-05
-0.00022
0.0
-0.00019
-0.00013
-0.00011
4e-05
3e-05
-3e-05
5e-05
0.00015
-2e-05
3e-05
-0.00014
0.0
0.0
-9e-05
1e-05
-8e-05
5e-05
-0.0001
-0.00014
1e-05
2e-05
6e-05
0.00013
3e-05
-7e-05
-9e-05
-2e-05
2e-05
-0.0001
8e-05
5e-05
0.0
0.0001
0.0
-4e-05
-1e-05
-9e-05
0.00012
-7e-05
-1e-05
-6e-05
6e-05
9e-05
0.0
9e-05
-0.00016
6e-05
0.0
-0.00025
0.0001
7e-05
0.00017
-1e-05
2e-05
-4e-05
-6e-05
-5e-05
0.0
2e-05
3e-05
6e-05
0.0
0.0
0.0001
-1e-05
-8e-05
1e-05
0.0001
-0.00015
7e-05
-8e-05
5e-05
-6e-05
-2e-05
-7e-05
8e-05
6e-05
4e-05
8e-05
4e-05
-5e-05
-4e-05
0.0
-0.00023
-7e-05
-3e-05
0.0
