#Average flux [c/s]: 16546.88899878711
#                                   T_start= 0 s
#                                   T_end= 1 s
#                                   CCF campionation= 1e-6 s
#                                   Fit amplitude= 0.1 s
#                                   Variable bin size= 10 ph/bin
0.00617081
0.00653791
0.00892298
0.00417358
-0.00512587
-0.00247194
-0.0046386
-0.01146409
-0.00115736
-0.00789487
-0.00428265
-0.00091239
-0.00390677
-0.00364063
0.00426274
0.00858993
0.00282342
0.00361731
-0.00407321
-0.00013584
0.00132755
0.00016187
0.00158611
-0.00148655
-0.00152902
0.00022526
0.0073115
0.00671495
-0.000853
0.0104699
0.00612877
-0.00779409
0.00396251
#999
0.01349269
0.00432774
0.00462879
0.01014691
-0.00146362
0.00189105
0.00577258
-0.0062726
-0.00911095
-0.00720747
-0.00638531
0.00557027
-0.00955639
0.00074943
-1.253e-05
0.0022226
0.00184355
-0.01069393
0.00110323
0.00661436
0.00632126
-0.00628948
0.00441187
-0.00249635
0.00561996
-0.00401914
-0.00491548
-0.010721
-0.00563562
0.00821847
-0.00467843
0.00401997
-0.00584534
0.00310792
-0.00638734
-0.00046884
0.00280103
0.00478629
-0.00149192
0.00529365
-0.00630228
-0.00159884
0.01373897
0.00065091
-0.00154445
-0.002288
-0.0077822
0.00070584
0.00536755
0.0048206
-0.00082855
0.00367537
-0.00026846
0.00400622
-0.00320485
0.00347983
0.00244761
0.00209762
-0.00149297
0.00660826
0.00185924
0.00470451
-0.00048741
0.00171304
-0.00377201
-0.00468247
