#Average flux [c/s]: 10807.299945519258
#                                   T_start= 0 s
#                                   T_end= 1 s
#                                   CCF campionation= 1e-6 s
#                                   Fit amplitude= 111 s
#                                   Variable bin size= 10 ph/bin
-6e-05
0.00019
0.00012
0.00014
-4e-05
-7e-05
-0.00011
0.00015
-7e-05
-4e-05
0.0001
0.0
-0.00027
8e-05
0.00017
-0.00022
-9e-05
-0.00018
-0.00012
2e-05
0.0
9e-05
-5e-05
-0.00013
-3e-05
-5e-05
4e-05
-1e-05
-0.00016
-0.00019
-1e-05
-2e-05
-3e-05
5e-05
-2e-05
0.00012
-4e-05
1e-05
-0.00031
0.00012
0.0
0.00012
-7e-05
-1e-05
7e-05
-0.00021
3e-05
7e-05
1e-05
0.00025
0.00023
-3e-05
-0.0001
-0.00017
-5e-05
-0.00029
-0.00023
-8e-05
-9e-05
0.00023
2e-05
-0.00022
-0.00016
4e-05
0.00011
1e-05
-0.00011
-1e-05
-4e-05
0.00013
0.00011
-0.00019
-0.00012
3e-05
-2e-05
-0.00019
-0.00015
-7e-05
-4e-05
-7e-05
0.00014
-1e-05
0.00013
-5e-05
-6e-05
-0.00022
-1e-05
-0.00011
0.0002
-6e-05
-5e-05
9e-05
-0.00016
0.00016
4e-05
-4e-05
-0.00042
-0.00012
6e-05
-7e-05
