#Average flux [c/s]: 15640.638095639553
#                                   T_start= 0 s
#                                   T_end= 1 s
#                                   CCF campionation= 1e-6 s
#                                   Fit amplitude= 0.1 s
#                                   Variable bin size= 10 ph/bin
-0.00172688
#999
0.00719227
-0.01044161
-0.00497055
0.00091555
0.00413853
0.0003203
0.00193719
-0.01255342
-0.01434576
-0.00625844
0.00097622
-0.00394412
0.00150772
#999
-0.004491
-0.00457241
0.00151597
-0.01664178
0.01289483
0.00377334
#999
0.00190165
#999
0.00243539
0.00141134
0.00659606
-0.00491656
0.00265463
0.00912634
-0.01000493
#999
-0.00583343
-0.00086476
-0.00338257
0.00376304
-0.00485652
-0.00655561
0.00174854
0.0111541
-0.00624011
-0.00431356
0.00215808
-0.00314275
0.00684309
0.00769761
-0.00793362
-0.00492848
-0.00098833
-0.01388551
-0.00652065
#999
0.00656314
-0.01833284
0.00033943
-0.00758359
-0.00607179
-4.415e-05
0.00600246
0.00617558
-0.00147599
-0.00611316
-0.00057043
0.00915013
-0.00245131
-0.00952437
0.00575892
-0.01140401
-0.00028165
0.00345733
#999
0.00546126
-0.00303075
#999
0.01214075
0.0036265
0.00751105
-0.00581281
-0.00286935
-0.00111837
0.00575614
-0.0007343
0.00279354
0.00806297
-0.00366466
-0.01528123
-0.00733221
0.00696854
-0.0068104
-0.00793475
0.00993513
0.0009386
-0.00290362
0.01255175
#999
-0.00637753
0.00956101
-0.0211349
-0.00441383
