#Average flux [c/s]: 9750.007225180443
#                                   T_start= 0 s
#                                   T_end= 1 s
#                                   CCF campionation= 1e-6 s
#                                   Fit amplitude= 111 s
#                                   Variable bin size= 10 ph/bin
0.0031
-0.00533
-0.01697
-0.03792
-0.05346
-0.02859
-0.00233
-0.00181
-0.00586
0.03695
-0.06345
-0.03345
0.00037
-0.01383
-0.04118
-0.01602
0.00232
-0.00067
-0.03829
0.03347
-0.03101
-0.02992
-0.03357
-0.00242
-0.03004
0.00346
0.00298
-0.00935
-0.00128
-0.09165
-0.03945
-0.03351
-0.01762
-0.01335
-0.05284
-0.03861
0.01922
0.02575
-0.03758
-0.01871
0.01131
0.00413
-0.00147
0.00691
0.03679
-0.01156
-0.09061
-0.01239
0.02543
-0.01263
-0.02011
-0.07393
-0.00114
0.01413
-0.03864
-0.09143
-0.042
0.00056
-0.03813
-0.06239
0.01923
-0.04394
-0.01775
-0.01223
-0.0337
-0.01412
-0.03782
-0.04374
-0.01724
-0.04042
-0.05599
-0.04364
-0.06044
0.0111
-0.09174
-0.02832
0.03583
-0.03815
-0.03827
-0.02769
-0.06155
0.03003
-0.00227
-0.01645
0.01866
0.00966
-0.00234
-0.09007
-0.0025
-0.02943
0.01329
-0.03883
-0.01792
0.00934
-0.00137
0.00332
-0.00102
-0.03784
-0.03839
-0.02945
