#Average flux [c/s]: 10203.132676754221
#                                   T_start= 0 s
#                                   T_end= 1 s
#                                   CCF campionation= 1e-6 s
#                                   Fit amplitude= 111 s
#                                   Variable bin size= 10 ph/bin
-0.0135
-0.01191
0.01644
0.04794
-0.01312
-0.00288
-0.0138
-0.01149
-0.01367
-0.01667
-0.02278
-0.04451
0.04787
-0.01327
-0.01272
-0.02619
0.01266
-0.01523
-0.01481
0.05039
-0.02858
0.04795
0.03426
0.06223
-0.00536
-0.01363
-0.0006
-0.03365
-0.01316
-0.03227
-0.00404
-0.01277
-0.01202
-0.0125
0.00094
-0.00165
0.01498
-0.00635
-0.01411
-0.01184
-0.01736
0.01349
-0.01206
0.01249
-0.01599
-0.00304
-0.01147
-0.02453
-0.00309
0.00756
0.04586
-0.01158
0.05017
0.01298
0.01398
0.00657
-0.03302
-0.01119
0.04028
0.03055
0.00751
-0.00279
-0.00515
0.01452
0.04973
-0.011
0.01209
-0.03384
0.04842
-0.01061
-0.01291
-0.01082
-0.01255
0.01431
-0.01317
-0.05549
-0.0112
0.0192
-0.01281
-0.01256
0.04214
-0.01291
-0.00131
-0.00353
0.01956
0.02108
-0.03202
-0.00197
-0.01199
-0.04526
0.00889
-0.00208
-0.00346
-0.01251
-0.0138
-0.01619
0.00018
-0.06153
-0.00471
-0.00418
