#Average flux [c/s]: 5218.752709442667
#                                   T_start= 0 s
#                                   T_end= 1 s
#                                   CCF campionation= 1e-6 s
#                                   Fit amplitude= 111 s
#                                   Variable bin size= 10 ph/bin
-3e-05
2e-05
0.00038
-0.00011
-0.00024
0.0001
2e-05
0.00033
0.00018
0.00038
0.00027
-0.00035
-0.00043
1e-05
3e-05
0.0
0.00074
-3e-05
0.00052
0.00037
0.00057
-9e-05
-0.0009
-0.00023
0.00064
0.00095
-1e-05
0.00024
3e-05
-0.00027
0.00026
0.00041
8e-05
0.00019
-0.00069
-0.00036
-0.00031
-0.00055
0.00016
0.00074
0.00091
0.00027
-0.00019
-0.0005
-0.00033
0.00041
0.00012
0.00064
0.00103
0.0006
-0.00084
-0.00037
-0.00031
-5e-05
0.00018
0.00089
0.00056
-0.00099
-0.00014
0.00112
0.00056
-0.00049
0.00046
-1e-05
0.0004
0.0002
0.00012
-0.00043
-6e-05
0.00053
-0.00126
0.00065
-7e-05
0.00017
-4e-05
1e-05
-0.0001
-0.0004
-0.00062
0.0009
-0.00033
9e-05
0.00068
0.00054
0.00024
-0.00063
-5e-05
0.0004
-0.00058
0.00017
-0.00039
0.00014
-0.0002
0.00034
0.00021
-0.00061
0.0002
-0.00021
0.00029
-0.00025
