#Average flux [c/s]: 17302.098084743404
#                                   T_start= 0 s
#                                   T_end= 1 s
#                                   CCF campionation= 1e-6 s
#                                   Fit amplitude= 111 s
#                                   Variable bin size= 10 ph/bin
0.02396
0.02931
-0.01032
0.00204
0.00773
0.00807
0.02797
-0.01042
0.00762
0.02384
0.00681
-0.01903
-0.00263
0.01597
0.0017
0.01668
0.0055
-0.00328
0.025
0.03383
-0.00966
0.01143
0.02982
-0.02365
-0.01618
0.0098
-0.0189
0.00573
-0.0194
0.01612
-0.00344
0.00556
-0.01059
-0.01245
0.02078
-0.02345
0.01101
-0.0216
-0.00351
0.03348
0.00762
-0.0096
-0.02676
0.02843
0.01617
-0.01072
-0.01024
0.03219
0.02179
-0.02386
0.00777
-0.00358
0.02984
-0.01855
-0.05278
0.00746
-0.0191
-0.0035
0.02644
-0.02035
-0.01667
0.00512
0.02784
0.01606
0.00511
0.0064
0.02603
0.0055
0.00772
0.00717
0.02682
0.00819
-0.01044
-0.00235
0.02657
0.00566
0.01666
0.02681
0.0262
0.00992
0.00739
-0.03366
-0.01049
0.02133
0.01565
0.00618
-0.00354
0.005
-0.01875
0.03296
0.00758
-0.03293
0.02215
0.00984
0.04605
-0.01123
-0.00244
-0.02217
-0.01089
0.05353
