#Average flux [c/s]: 7182.296332929036
#                                   T_start= 0 s
#                                   T_end= 1 s
#                                   CCF campionation= 1e-6 s
#                                   Fit amplitude= 0.1 s
#                                   Variable bin size= 10 ph/bin
-0.0012575
-0.01879926
-0.01520289
-0.01577085
-0.03480013
0.01405876
-0.01356777
0.00619159
-0.01392481
-0.02203371
0.00205876
0.02095305
#999
0.00149608
-0.01162501
0.0148242
-0.04285161
-0.02834264
-0.02506394
-0.17893672
0.00088176
-0.00963712
-0.01419145
-0.02719171
0.01566666
-0.02606542
-0.00537806
-0.02159661
-0.02176686
-0.03833618
-0.00892834
-0.00424517
-0.00359054
0.00388707
-0.02659176
0.00865133
-0.05440095
-0.02662705
0.00811914
-0.04124912
-0.04158615
-0.01318569
-0.04261021
0.01344686
-0.01795883
-0.00114447
-0.02431061
-0.03794561
-0.01471735
-0.03282379
-0.0081966
0.01157863
-0.01904624
-0.01391343
-0.00879192
-0.04486761
-0.06499193
-0.00249707
0.00306238
-0.00290947
-0.00815645
0.0346212
0.00383645
0.00971977
0.00910525
-0.01108501
-0.02907278
-0.03729079
-0.01486347
-0.04058508
-0.06882202
-0.0499616
-0.02687526
-0.00749352
-0.03360032
-0.00345371
-0.01590837
-0.01718193
-0.00290015
0.01260975
0.00153313
-0.02163606
-0.02903642
0.04495287
-0.16272201
-0.01813947
-0.17250646
0.01030073
-0.02797216
0.01147346
-0.00587922
-0.03241103
0.00200386
-0.03913721
0.00217486
-0.00494747
#999
-0.00257777
0.0017958
0.00083605
