#Average flux [c/s]: 2802.083634382519
#                                   T_start= 0 s
#                                   T_end= 1 s
#                                   CCF campionation= 1e-6 s
#                                   Fit amplitude= 0.1 s
#                                   Variable bin size= 10 ph/bin
0.01512114
0.00550078
-0.00102246
0.04163948
0.00022196
-0.01736124
0.00059218
-0.00017518
0.00176542
-9.438e-05
-0.00104341
0.00125847
0.00017198
0.00308975
-8.113e-05
0.00050936
0.01077265
-0.0014981
0.0044665
0.00689249
-0.00140654
-0.00106966
0.00183171
-0.00624902
0.0043952
0.05076678
0.00188901
0.00012738
0.00080521
0.00212207
0.00082092
0.00098467
-0.00013114
0.00084715
0.01325091
0.06154262
0.07008051
-0.0005171
0.00128122
-0.30130992
0.00338004
0.00833315
0.01282608
-0.06585698
-0.00059103
0.00037356
0.06600521
-0.00038145
0.00042008
0.00847391
-0.00073786
0.00256853
0.02812424
-0.05351033
-0.00195723
0.02321606
0.00040149
0.01027182
-0.0010594
0.01424864
-0.00029252
-0.00648701
-0.04972101
-0.06685626
-0.00077517
-0.00098032
0.0002915
-0.001426
-0.00289062
-0.00291048
-0.06500254
-0.02660646
0.00019056
-0.00091123
0.00019693
-0.00057841
-0.06880621
-0.00176744
0.00068913
0.0009995
-0.00170339
0.00213053
-0.00448138
-0.00300115
0.00700287
-0.00274144
0.00234509
0.07333192
0.00012671
-0.00173727
-0.30262208
-0.00158255
-0.00036312
-0.00119557
-0.01319207
0.00121003
0.00089577
0.00051038
0.00461027
0.06340961
