#Average flux [c/s]: 11109.383579901776
#                                   T_start= 0 s
#                                   T_end= 1 s
#                                   CCF campionation= 1e-6 s
#                                   Fit amplitude= 111 s
#                                   Variable bin size= 10 ph/bin
0.00012
-3e-05
-0.00018
0.00023
0.0002
7e-05
6e-05
0.00016
-0.0002
-0.00017
7e-05
-4e-05
-3e-05
-8e-05
9e-05
8e-05
0.00021
-0.00014
0.00012
0.00012
-0.00021
-0.00014
-0.00015
3e-05
-5e-05
-0.00037
0.0001
-5e-05
0.00011
3e-05
-0.00011
6e-05
0.00012
9e-05
-5e-05
0.00015
-0.00014
0.00014
-3e-05
0.00012
2e-05
6e-05
-0.00014
-0.00034
1e-05
-5e-05
-6e-05
-8e-05
0.00017
-0.00016
0.00023
-9e-05
5e-05
-5e-05
-4e-05
0.00011
0.0
-0.00019
-0.00031
0.0002
3e-05
-5e-05
0.00015
-0.00015
-3e-05
0.00016
3e-05
0.00022
-0.00012
3e-05
-0.00019
0.00018
0.00015
6e-05
0.00012
-3e-05
0.00018
0.00016
-0.0001
6e-05
-0.00022
9e-05
0.0001
0.00019
0.0
0.00012
0.0003
1e-05
9e-05
1e-05
0.0002
0.00018
-0.00029
-0.00018
-0.00021
-0.00014
-4e-05
-0.00011
0.0001
0.00012
