#Average flux [c/s]: 8692.71450484163
#                                   T_start= 0 s
#                                   T_end= 1 s
#                                   CCF campionation= 1e-6 s
#                                   Fit amplitude= 0.1 s
#                                   Variable bin size= 10 ph/bin
0.01409897
-0.0022426
-0.00619714
0.00359871
-0.0217843
-0.01844582
0.01288846
0.00420321
0.01855299
-0.00403266
0.00308048
0.00283864
-0.00615855
0.01232938
-0.00055845
-0.01533155
-0.00861958
-0.01306576
-0.00389922
-0.0076261
-0.00818314
-0.01318154
-0.00093079
0.01459299
0.01473621
-0.00590639
-0.02209066
0.00337361
-0.02701435
0.01605658
-0.01559035
-0.00837595
-0.01016767
0.01197147
0.01130328
-0.00789468
-0.01031053
-0.01384543
-0.01537407
0.02661718
0.0030524
-2.623e-05
0.00095138
0.00141132
0.00961086
0.01064983
-0.00965499
0.00396731
0.00173142
0.00926168
0.00391343
0.01308693
-0.01084111
0.0002442
-0.00205859
0.01819863
0.00862212
-0.01087028
-0.00729933
0.00405883
-0.00164978
0.00625899
-0.00912652
0.00220418
-0.0062022
#999
-0.00424571
0.00506991
-0.003185
-0.0020679
-0.00322034
-0.00355272
0.01036006
-0.00262843
0.00689154
0.00698145
0.00929442
0.01511228
0.01611158
-0.00369236
-0.00112833
-0.00313695
0.00571116
0.01415038
-0.01545757
-0.0141753
0.00642791
0.00303795
-0.00733082
0.0011996
-0.01212658
0.00251549
-0.0016654
-0.00590967
-0.0113246
-0.00475029
0.00183903
-0.01167984
0.01677382
-0.0034835
