#Average flux [c/s]: 12770.843569005629
#                                   T_start= 0 s
#                                   T_end= 1 s
#                                   CCF campionation= 1e-6 s
#                                   Fit amplitude= 111 s
#                                   Variable bin size= 10 ph/bin
-0.02275
0.00557
-0.00371
-0.07373
-0.02401
-0.01564
-0.02312
0.04424
-0.00523
-0.05992
-0.02291
-0.03867
-0.00339
-0.00465
0.06294
-0.02597
-0.02797
-0.01557
-0.03129
-0.03871
-0.00424
-0.02495
-0.02708
0.04988
-0.00309
-0.00375
0.04784
-0.02608
-0.02722
-0.02312
-0.02518
-0.00251
-0.00914
-0.02822
-0.03776
-0.01424
0.00062
0.0044
0.02212
-0.00297
-0.02372
-0.02111
0.00455
-0.00691
0.04296
-0.0279
-0.00326
0.04671
-0.02661
0.02467
-0.02812
-0.00431
0.04153
0.02752
0.00504
-0.02178
-0.00346
-0.02672
-0.02265
-0.02475
-0.00449
0.01115
-0.02628
-0.02156
0.04138
-0.00431
-0.0023
0.00314
-0.02457
0.0035
0.03018
0.04115
-0.03122
-0.041
-0.02673
-0.02967
0.00481
-0.02335
-0.02558
0.04062
0.00801
-0.00744
-0.00387
-0.00604
0.00804
0.02518
-0.00626
-0.02526
-0.04008
0.04121
0.0242
-0.00437
-0.023
0.00424
-0.00334
-0.02794
-0.02736
-0.00274
0.0
0.02221
