#Average flux [c/s]: 17453.139901934668
#                                   T_start= 0 s
#                                   T_end= 1 s
#                                   CCF campionation= 1e-6 s
#                                   Fit amplitude= 111 s
#                                   Variable bin size= 10 ph/bin
-0.00954
0.03392
0.04731
-0.01578
-0.00976
0.02893
0.05078
-0.01605
0.04982
-0.00239
0.02927
0.04323
-0.01003
0.02896
0.00443
0.03182
-0.00994
0.05138
-0.00304
-0.01119
0.03428
0.04238
0.02931
-0.01622
0.03355
0.03805
0.03905
0.04164
0.03215
0.04266
0.03668
0.02879
0.03242
0.01138
0.03379
0.03351
-0.01135
0.03564
0.03123
0.03686
-0.00363
0.03669
0.04448
0.02875
0.05331
0.03183
0.03191
0.02918
-0.00518
0.02366
0.00294
0.00465
-0.00999
-0.00247
-0.0099
0.04184
0.03356
0.0036
0.03213
0.0035
-0.00939
0.01381
-0.00984
0.04965
0.03163
0.04396
-0.01557
0.03646
0.00578
-0.01183
0.0324
-0.01118
0.00232
-0.00974
-0.0103
0.03183
0.03368
0.02914
-0.00355
-0.01048
0.05071
0.03901
0.03182
0.05183
-0.01091
0.00321
0.03323
-0.01138
0.04936
0.00471
0.04742
-0.00689
-0.00063
0.03597
0.03676
0.03963
-0.0107
-0.00624
0.03618
0.03185
