#Average flux [c/s]: 4614.585440677629
#                                   T_start= 0 s
#                                   T_end= 1 s
#                                   CCF campionation= 1e-6 s
#                                   Fit amplitude= 0.1 s
#                                   Variable bin size= 10 ph/bin
-0.00072599
-0.01950965
-0.00377876
-0.01375478
-0.031867
-0.01490608
0.00054249
-0.03465353
-7.932e-05
-0.00202529
-0.01982613
-0.00015609
-0.01807876
-0.11279606
0.01321388
0.02013958
0.03409801
-0.03318372
0.01313223
-0.09273675
-0.00011278
-0.02948375
-0.00837948
-0.00518058
-0.01218138
0.00048004
-0.01467743
-0.01289906
-0.00026953
-0.00132133
0.02215613
-0.005114
-0.01435891
0.06970257
0.01514849
-0.00600086
-0.07294026
-0.00029196
0.08130561
0.00043102
0.0011683
-0.00059996
-0.01404891
-0.00021844
-0.0034121
0.01461172
-0.07480771
0.0007083
0.02685856
0.03582296
-0.0009969
-0.00080343
-0.00370722
0.01360015
-0.08661864
-0.0179139
0.00012983
0.05033771
-0.07086105
-0.00161771
0.02544397
-0.0291321
-0.00624566
0.00176897
0.01829745
0.00189592
-0.00224997
0.02395332
0.01899185
-0.00038994
-0.02520318
-0.00016162
0.00954406
-0.08132158
0.00017143
0.01706736
-0.00017754
-0.00066822
0.0729061
0.01458471
-0.00032092
0.07555273
0.00744897
-0.00043225
-0.00706533
-0.00289459
0.0857004
0.01593564
0.02475824
0.00084556
0.01892132
0.01127442
0.0088516
0.00734104
0.00524773
-0.00970781
-0.00377434
0.02909176
-0.03540805
-0.00583648
