#Average flux [c/s]: 13526.052654961928
#                                   T_start= 0 s
#                                   T_end= 1 s
#                                   CCF campionation= 1e-6 s
#                                   Fit amplitude= 0.1 s
#                                   Variable bin size= 10 ph/bin
0.00600406
-0.00260746
-0.00101031
0.00011715
-0.00683568
-0.00905701
0.00232125
-0.00217387
0.00379476
0.00731478
-0.006094
0.00908837
-0.01499244
-0.00450078
0.00163719
0.00369654
-0.00099297
-0.00324355
#999
-0.00047439
0.00018405
0.00170383
0.00412518
0.00331157
0.01078599
-0.00592448
-0.00261777
0.00481192
-0.00552449
-0.00903597
-0.00296842
0.00334187
-0.00964347
0.00649857
-0.00024248
0.00393172
-0.00212781
0.00444126
-0.00399779
-0.00455926
0.00133515
-0.00180898
-0.00075933
-0.00031829
-0.00642402
-0.00173582
-0.00360844
-0.00565293
0.00128436
#999
-0.00146592
-0.00010539
0.00279531
0.01757855
0.00457686
0.01237783
-0.01324267
#999
-0.00069262
0.00916348
0.00173913
-0.00515366
-0.00590935
0.00862169
-0.00523232
0.00201709
0.00570135
0.0036594
0.00630229
0.00353669
0.00512423
0.00651393
-0.00608165
-0.00215388
0.00306149
-0.0044684
-0.00400452
-0.00921795
-0.00045045
0.00804905
0.0017848
0.01030973
#999
-0.00255627
-0.0043537
-0.00270289
-0.00153079
0.00403835
-0.00169929
-0.005706
0.0183808
-0.00730596
-0.01082363
0.00252754
-0.00844225
#999
-0.0129815
-0.00135932
0.00607088
-0.00512432
