#Average flux [c/s]: 17302.098084743404
#                                   T_start= 0 s
#                                   T_end= 1 s
#                                   CCF campionation= 1e-6 s
#                                   Fit amplitude= 0.1 s
#                                   Variable bin size= 10 ph/bin
0.00013855
-0.00075413
-0.00166904
-0.01102633
-0.0005619
-0.00830343
-0.00295212
-0.00643508
#999
0.00081878
-0.02132953
#999
-0.00274965
#999
-0.00066188
-0.00530777
-0.01313353
0.00317832
-0.00314764
-0.00347491
#999
#999
-0.00771765
#999
#999
-0.01324755
-0.00401826
-0.01077913
-0.00989244
0.00029387
-0.00373702
-0.01343976
0.00827878
-0.00682729
#999
-0.00892441
0.00525456
#999
-0.01095528
-0.00846286
-0.01033652
-0.01068236
-0.00475384
-0.0069983
-0.00987507
-0.00608517
-0.01543382
-0.01249791
-0.00253731
-0.0123133
-0.01669214
-0.0045817
-0.00385808
#999
-0.00415468
-0.01000881
-0.00534195
0.00284063
-0.01493073
-0.00642422
-0.00599854
-0.00588378
-0.0076424
-0.00749081
-0.00908324
-0.01473031
-0.01011246
-0.00479845
-0.00382562
#999
-0.00550465
#999
-0.00327008
-0.00664096
-0.00554287
-0.01323286
-0.01165065
-0.00525392
-0.00441929
-0.00019134
-0.00533973
#999
-0.00319075
-0.01138307
-0.00191216
-0.00555324
-0.009524
#999
-0.01135563
-0.01033418
-0.00754098
-0.01143215
-0.00842114
-0.00362217
0.00713967
-0.00881296
-0.00916307
-0.00827158
-0.00504203
-0.0125268
