#Average flux [c/s]: 16546.88899878711
#                                   T_start= 0 s
#                                   T_end= 1 s
#                                   CCF campionation= 1e-6 s
#                                   Fit amplitude= 111 s
#                                   Variable bin size= 10 ph/bin
-0.00012
5e-05
6e-05
-3e-05
6e-05
0.00017
-8e-05
5e-05
-9e-05
2e-05
0.0
-1e-05
4e-05
-5e-05
-4e-05
-5e-05
-0.00011
6e-05
0.00015
3e-05
-3e-05
-8e-05
2e-05
-3e-05
7e-05
1e-05
9e-05
0.0
-3e-05
-1e-05
-0.00012
0.00015
0.00015
-9e-05
7e-05
0.00012
2e-05
-0.00014
4e-05
0.00012
-0.00012
0.0001
1e-05
0.0
2e-05
-0.00011
0.00012
-0.0001
-0.00011
-0.0001
0.0
0.0001
6e-05
8e-05
-0.00012
-5e-05
-9e-05
-8e-05
7e-05
5e-05
-9e-05
-0.00015
1e-05
-7e-05
-0.00013
0.0001
6e-05
1e-05
-3e-05
3e-05
0.00022
7e-05
-9e-05
-5e-05
-0.0002
-0.00012
1e-05
-0.00023
2e-05
-3e-05
-0.00012
-3e-05
-4e-05
-4e-05
0.00021
2e-05
-1e-05
-1e-05
-1e-05
-5e-05
-1e-05
8e-05
-5e-05
3e-05
1e-05
1e-05
-9e-05
0.00012
-2e-05
-6e-05
