#Average flux [c/s]: 5218.752709442667
#                                   T_start= 0 s
#                                   T_end= 1 s
#                                   CCF campionation= 1e-6 s
#                                   Fit amplitude= 0.1 s
#                                   Variable bin size= 10 ph/bin
0.04454574
0.0197892
-0.0177457
0.12186713
-0.05640265
-0.00199191
-0.01708134
0.0106022
-0.02303733
-0.08874191
-0.1277724
0.05773286
#999
-0.03771233
-0.00686695
-0.02250536
-0.00319771
0.12468485
0.05372519
0.01248073
0.00250462
-0.00037138
0.01049694
-0.03191067
0.00091303
0.00930994
-0.00390564
0.04174874
-0.02260005
0.01705886
-0.05556307
-0.0252597
0.02725287
0.00433105
-0.0293003
0.02673333
0.00645814
0.02487693
-0.02225022
0.01080964
-0.02111871
0.04058662
0.01102759
0.00703687
0.00274885
0.00954349
-0.02572207
-0.01270755
-0.00220462
0.02999107
0.0119109
-0.0078277
-0.00342084
-0.00328732
-0.00709985
0.08097878
-0.02502244
0.03834164
-0.01483291
0.02622767
0.01887283
0.00650457
-0.01973811
0.05685951
0.0097265
-0.01570489
-0.01393922
0.00797637
#999
0.06988509
0.09742963
0.12133138
-0.04335116
0.11999307
-0.00987202
-0.04200996
-0.05288217
0.00322672
-0.10760044
-0.00098403
#999
-0.02646885
0.02000364
-0.03154746
0.03381591
0.00022741
-0.03345018
0.00498208
-0.00060003
0.02434884
-0.00930212
-0.00571757
-0.00556432
-0.02273134
-0.03142493
-0.02214689
0.00015042
0.23842269
-0.01286999
-0.06057922
