#Average flux [c/s]: 3859.3763547213325
#                                   T_start= 0 s
#                                   T_end= 1 s
#                                   CCF campionation= 1e-6 s
#                                   Fit amplitude= 0.1 s
#                                   Variable bin size= 10 ph/bin
#999
0.00537822
0.0796686
0.06774643
-0.03803817
0.10265728
0.04356102
0.11905867
-0.17996065
0.05967838
0.0655273
0.07494964
0.26784885
0.05129528
0.04047827
0.03810334
0.05948249
0.06067284
-0.06286728
0.11121462
-0.06688752
0.16734826
0.08545766
0.0491962
-0.04118703
0.28135587
0.08645393
0.17799652
-0.03524993
0.0483294
0.05504569
0.06052083
-0.11674061
0.08984888
-8.78704139
0.07089376
0.09217741
0.03026303
0.02227682
0.07233395
0.07670881
0.04807055
0.04905952
-0.03875179
-0.09689739
#999
-0.04307293
#999
0.1248331
0.02710668
-0.00301419
0.01746896
0.04914648
0.06026777
0.04558433
0.02994363
-0.05508352
0.00794651
-0.01675676
0.15843022
0.05811612
-0.09450467
0.08862624
0.05174672
-0.03711386
0.16087924
0.02371311
0.03746039
0.16321934
0.11482433
0.11799744
0.0485692
-0.07747266
0.10341642
0.0614665
0.0734938
-0.0841339
0.04633796
0.05170882
-0.20115486
-0.02826009
0.05744146
0.0786789
0.14634069
0.06202194
0.10097135
0.0657092
0.16365554
-0.0229375
-0.10016621
-0.13246271
0.05208438
0.14100996
-0.05452579
-0.01192242
0.06790976
0.02065607
0.04657548
0.06555814
0.06656512
