#Average flux [c/s]: 10203.132676754221
#                                   T_start= 0 s
#                                   T_end= 1 s
#                                   CCF campionation= 1e-6 s
#                                   Fit amplitude= 111 s
#                                   Variable bin size= 10 ph/bin
5e-05
-0.0003
0.00018
5e-05
0.00016
-0.00011
9e-05
-5e-05
4e-05
2e-05
3e-05
4e-05
4e-05
-0.00036
-7e-05
-0.00024
3e-05
7e-05
-0.0001
-9e-05
-3e-05
-1e-05
-9e-05
-4e-05
-0.0001
5e-05
0.00027
0.00022
-0.00028
0.00013
0.00011
0.0
8e-05
-0.00023
0.0002
-0.00012
0.00013
-0.00014
-0.00012
0.00013
0.0001
-0.00023
-6e-05
-0.00011
-0.00013
-2e-05
-0.00011
-2e-05
0.00014
0.00024
6e-05
0.00018
-0.00017
0.00012
0.0001
0.00023
-4e-05
0.00015
-5e-05
-0.00011
0.0
0.00013
-8e-05
-6e-05
0.00026
-8e-05
-9e-05
0.00012
-2e-05
-8e-05
-0.00029
0.00018
3e-05
3e-05
6e-05
8e-05
3e-05
0.00021
-0.00063
-0.00019
6e-05
-8e-05
-3e-05
6e-05
4e-05
-0.00012
0.0001
-8e-05
0.00018
-7e-05
4e-05
-0.00012
9e-05
0.00025
3e-05
-0.0001
0.00024
5e-05
0.0
6e-05
