#Average flux [c/s]: 15489.596278448294
#                                   T_start= 0 s
#                                   T_end= 1 s
#                                   CCF campionation= 1e-6 s
#                                   Fit amplitude= 0.1 s
#                                   Variable bin size= 10 ph/bin
-0.00695849
0.0068922
-0.00015103
#999
0.00376651
0.00321084
0.00636429
0.00543358
0.00396327
-0.0025169
#999
-0.00174565
#999
-0.00086597
-0.01367346
-0.00977403
0.00819329
#999
-0.00278499
-0.00112997
-0.00289545
0.0099655
0.01226659
#999
-0.00235834
-0.00499621
0.01116515
0.007149
0.00219036
-0.00187242
-0.00091793
-0.00356263
-0.01146344
-0.0044249
-0.00468979
0.00350819
0.00201748
0.00623297
0.00325273
0.00395595
#999
0.00351375
0.0012468
0.00101356
-0.00010868
-0.00247739
0.0110594
0.00220406
0.01352761
0.00153664
-0.00155332
-0.00044735
-0.00077659
0.0162495
0.00388021
0.0019742
-0.00596942
0.01647338
-0.00299502
0.01044358
#999
0.00120342
0.00462067
0.00615248
0.00418377
0.0041866
-0.00025718
-0.01125605
0.004602
0.00552432
0.00472388
#999
0.00299509
-0.00394981
0.00272258
-0.01422121
-0.00728361
0.0018323
0.00317201
0.01170488
0.00368072
0.00602698
0.0073786
0.01016552
0.0144258
0.00154643
0.00102584
-9.405e-05
-0.00270428
0.00771424
-0.00389223
0.00973944
0.0013703
0.00305602
0.00393133
0.00853088
0.00539865
0.00637823
0.00197014
0.00043709
