#Average flux [c/s]: 2651.041817191259
#                                   T_start= 0 s
#                                   T_end= 1 s
#                                   CCF campionation= 1e-6 s
#                                   Fit amplitude= 0.1 s
#                                   Variable bin size= 10 ph/bin
0.33498462
-0.24496442
0.34447875
0.40707738
-0.31317719
-0.37312268
0.25808334
-0.16523017
0.26038071
-0.14602605
-0.0238138
-0.38248618
-0.13088563
-0.17656988
-0.16088558
-0.23891417
0.36109955
-0.01929269
0.16806636
0.10362524
0.0917266
-0.12364718
0.31246232
-0.32732061
-0.13222456
-0.38057563
-0.08261039
-0.18378796
0.34161759
-0.05535819
0.36561929
-0.12938469
0.2710624
-0.18605982
-0.351415
-0.12279765
-0.48558706
0.31842319
-0.2715777
-0.14321734
-0.36108372
-0.17979668
-0.38954859
-0.12687485
-0.07129519
-0.43498285
0.44443965
-0.24060634
0.34676275
0.32707169
5.82672881
-0.40121574
-0.12369599
-0.32384674
-0.15067519
-0.21790907
0.34777607
0.31246351
-0.08837882
-0.08833058
-0.15073834
0.06511597
-0.17367242
14.44993239
#999
0.44796309
0.21432853
-0.41852006
-0.4631169
-0.30578379
-0.35976889
0.08188603
-0.14010389
0.30334746
-0.227064
0.20760535
0.16352331
0.40735721
0.09184108
-0.04301644
-0.14219116
-0.31609984
0.41380053
0.04188348
-0.41549309
0.4779316
-0.13334683
0.37025078
-0.41897472
-0.0133845
0.10038232
-0.1489458
-0.03374909
-0.14278865
0.08842931
-0.20473632
0.16609309
0.08343635
0.23455031
-0.3738277
