#Average flux [c/s]: 7182.296332929036
#                                   T_start= 0 s
#                                   T_end= 1 s
#                                   CCF campionation= 1e-6 s
#                                   Fit amplitude= 111 s
#                                   Variable bin size= 10 ph/bin
0.00022
-0.00017
-6e-05
-0.00022
-0.0002
0.00038
-0.00013
0.00035
0.00025
0.00012
5e-05
-0.00031
2e-05
-0.00027
-0.00053
-7e-05
-6e-05
0.00034
0.00034
3e-05
-0.00019
-5e-05
0.0003
0.00013
-0.00013
-6e-05
-0.00034
0.00029
2e-05
-9e-05
0.00016
-9e-05
0.00019
0.00053
-0.00044
-0.00018
-2e-05
-0.00014
-0.00021
-0.00014
0.00019
0.00027
6e-05
0.00032
9e-05
-0.00043
-1e-05
7e-05
-0.0001
-0.00011
2e-05
0.00015
-0.00064
0.00018
0.00021
-0.00011
4e-05
-1e-05
6e-05
-0.00021
-0.00021
-0.00026
-0.00019
0.00011
-0.00011
2e-05
-8e-05
-0.00028
-0.00023
-0.00018
2e-05
0.00019
-2e-05
-0.00029
0.00048
7e-05
-9e-05
0.00024
4e-05
6e-05
8e-05
9e-05
1e-05
-6e-05
-0.00019
0.00032
0.00044
-8e-05
0.00011
0.00021
9e-05
0.00032
0.00023
0.00023
0.0002
3e-05
-3e-05
0.00069
6e-05
0.00014
