#Average flux [c/s]: 6427.08724697274
#                                   T_start= 0 s
#                                   T_end= 1 s
#                                   CCF campionation= 1e-6 s
#                                   Fit amplitude= 0.1 s
#                                   Variable bin size= 10 ph/bin
0.02447199
0.0086331
0.03619038
0.021187
0.01165597
0.00759508
0.00363925
0.0065185
-0.00041667
0.01261695
0.02623083
0.042571
-0.00623613
-0.00595555
0.04518276
0.05057665
0.05029248
0.03382079
0.00894543
0.03830888
0.03441606
0.01541618
-0.00975994
0.004529
0.00959389
0.01832208
0.02871848
0.0242167
0.01194286
0.04696049
-0.00010553
#999
-0.00985567
0.02947204
-0.00818265
0.03754113
0.01111497
0.04241609
0.04413278
0.04429946
0.01039534
0.01802101
0.02653702
0.01294698
-0.02178002
-0.00282627
0.0213428
0.03511359
0.04107729
0.00054093
0.00337488
0.0350132
0.05196795
0.0279779
-0.00476416
0.03640624
-0.00237615
-0.05457881
0.02144066
0.03037242
0.04350819
0.03865106
0.05745059
0.03957406
0.02307418
-0.01427893
0.02037726
-0.00755874
0.0020082
0.04833507
0.03345438
0.01931127
0.02807869
-0.04903163
0.02421055
0.044632
-0.06167184
0.01819193
0.02370516
0.02282845
0.01303662
0.03543578
0.02481682
0.0284353
0.04398629
0.03301301
0.01792289
0.02003078
0.04562988
0.02928636
0.01435171
0.05659211
0.01714063
0.00530677
0.04626364
-0.04064368
0.0211692
0.03323951
0.01167076
-0.02617319
