#Average flux [c/s]: 7182.296332929036
#                                   T_start= 0 s
#                                   T_end= 1 s
#                                   CCF campionation= 1e-6 s
#                                   Fit amplitude= 111 s
#                                   Variable bin size= 10 ph/bin
0.01737
0.00706
0.07074
0.06438
0.03616
0.02884
-0.00808
-0.05157
0.03006
0.0524
-0.01797
-0.01669
-0.00457
-0.00689
0.05126
-0.05109
0.05114
0.01983
-0.0157
0.05252
-0.0014
-0.01003
0.03884
-0.02813
-0.03727
-0.03028
-0.03745
0.03969
0.0051
0.05233
0.05291
0.02909
-0.0381
0.06568
0.02866
0.02891
-0.05466
-0.0889
0.01067
0.01657
0.02761
-0.031
0.0312
-0.00237
0.00659
-0.01757
0.02546
0.02534
-0.00957
0.05042
-0.03724
0.0717
0.02861
-0.01122
-0.00134
-0.04983
0.0358
0.01017
0.01063
0.02712
-0.05562
-0.05199
0.02129
0.03919
-0.01746
0.04419
-0.00735
-0.0091
-0.00208
-0.00313
0.04573
0.03015
0.02203
0.02572
0.03549
-0.00245
-0.0061
-0.00217
-0.01223
0.01646
0.01597
-0.02821
-0.00514
0.02627
0.04582
-0.06146
0.05069
0.01605
-0.05423
0.03785
-0.00245
-0.00423
-0.0034
-0.00333
-0.01307
-0.01185
0.02515
0.04514
-0.02996
0.02235
