#Average flux [c/s]: 7333.338150120295
#                                   T_start= 0 s
#                                   T_end= 1 s
#                                   CCF campionation= 1e-6 s
#                                   Fit amplitude= 111 s
#                                   Variable bin size= 10 ph/bin
-0.03193
0.01159
-0.04309
0.00952
0.00078
-0.00988
0.01527
0.00209
-0.02375
-0.03799
0.00958
-0.03443
-0.01111
-0.03496
-0.03315
0.01573
0.01669
0.00904
0.0084
0.00854
-0.09477
0.00859
0.01557
-0.00337
-0.01543
0.00765
-0.03795
-0.02586
-0.02652
-0.01252
0.01664
0.048
-0.01243
0.03013
-0.0119
-0.03667
-0.03917
0.01976
0.012
-0.01095
0.01256
0.00616
-0.01053
-0.00922
0.01287
-0.04673
0.02
0.00782
0.0148
0.00297
0.06813
-0.03458
-0.04138
-0.02643
-0.02437
0.01535
-0.026
0.01854
-0.0421
0.00943
0.04686
-0.06249
-0.03982
-0.09221
-0.04473
-0.06045
-0.08843
0.01034
-0.00321
-0.00802
-0.01073
0.01181
-0.03094
-0.04295
-0.00945
0.00859
0.01041
-0.03249
-0.0082
0.01668
-0.0348
0.0136
-0.03637
0.00202
0.00793
0.01506
-0.00781
0.00845
-0.01211
0.01735
0.00817
0.00885
-0.1166
-0.06188
-0.03304
0.00864
0.01398
0.00117
-0.00384
0.04443
