#Average flux [c/s]: 4010.4181719125927
#                                   T_start= 0 s
#                                   T_end= 1 s
#                                   CCF campionation= 1e-6 s
#                                   Fit amplitude= 0.1 s
#                                   Variable bin size= 10 ph/bin
-0.00043029
0.0227532
0.06109278
0.00013691
0.06840127
-0.00024328
0.00073801
-0.00080706
-0.00017962
-0.07639526
0.07062677
-0.06566832
-0.06035273
0.00856852
0.05962681
0.07541903
-0.00063437
7.668e-05
0.0415986
-0.02913706
-0.07168052
0.00140597
-0.00049801
-0.00028928
-0.06056596
-0.04241801
-0.01887947
0.03860256
-8.567e-05
-0.0500102
-0.00123722
0.00564091
-0.00020023
-7.277e-05
-0.00065217
-0.11888497
-0.06105674
0.00081551
0.05298092
-0.08074965
-0.00046855
-0.01036492
-0.02468239
-0.05710784
0.06729386
0.00022372
-0.00015509
-0.04529943
4.739e-05
-0.0631826
-0.0004853
0.00062175
0.00106136
-0.03661574
-0.0062046
-0.00110966
0.26533676
-0.01827436
-0.02223073
-0.00027864
-0.09158188
0.00079716
-0.00014658
-0.02667875
-0.02784117
-0.00046835
-0.00076973
-0.00098006
0.00015052
-0.00036688
-0.00075336
0.00011305
-0.00061132
0.00075828
-0.000663
-0.00060453
0.11597527
-0.00013495
-0.07443794
0.06505207
0.00050931
0.00023331
-0.04967836
0.06291805
0.07411611
0.00030191
0.00072031
-0.02020893
-0.00111847
-0.04808081
-0.00058644
0.06621862
0.00033918
0.00011404
-0.0064399
-0.05380132
-0.0004738
0.00058462
0.06444978
-0.00015826
