#Average flux [c/s]: 6125.0036125902225
#                                   T_start= 0 s
#                                   T_end= 1 s
#                                   CCF campionation= 1e-6 s
#                                   Fit amplitude= 0.1 s
#                                   Variable bin size= 10 ph/bin
0.02779288
-0.01743711
0.1461581
0.0571552
-0.01991139
-0.01712078
-0.03238544
-0.01518366
-0.04251138
-0.02896589
-0.0046062
-0.05849206
-0.01644699
-0.02141586
-0.03307168
-0.02383101
-0.02500676
-0.03638444
-0.02975178
-0.02158575
-0.03456767
-0.01355005
-0.03535491
-0.03367457
-0.01650848
-0.01084811
-0.01920951
-0.02594706
-0.02948315
-0.0267611
-0.03999721
-0.04304491
-0.01497728
0.02672571
0.00031086
-0.00795969
-0.02136628
-0.03310828
-0.02148445
-0.05918321
0.01903087
-0.00546033
-0.04277511
-0.00793931
-0.01026978
0.01545944
-0.06348349
-0.02226227
-0.02454677
-0.03800015
-0.02870647
-0.04159713
-0.03193418
-0.02444894
-0.02369808
-0.00650029
-0.0143893
-0.02249016
-0.02635444
-0.01067242
-0.03616975
-0.05422751
-0.00353483
0.01978139
0.02731203
-0.00668693
-0.04578814
-0.05970791
-0.00645427
-0.0360464
0.00883807
-0.00498135
-0.04401262
0.01912052
-0.0356993
-0.02261148
-0.0245275
-0.00123022
0.03078067
0.00419956
0.13319923
-0.01061712
-0.00283825
0.00963629
-0.00639693
-0.0129656
-0.03279797
-0.04402127
-0.03849682
-0.02162541
-0.04551182
-0.0181925
-0.02305681
-0.0161479
-0.02462746
-0.03537675
-0.03182613
-0.0226002
-0.04741763
-0.01191226
