#Average flux [c/s]: 9901.049042371704
#                                   T_start= 0 s
#                                   T_end= 1 s
#                                   CCF campionation= 1e-6 s
#                                   Fit amplitude= 0.1 s
#                                   Variable bin size= 10 ph/bin
0.00336249
-0.01172061
0.00221275
0.00756986
0.00947379
0.00062845
-0.00640212
0.00667482
-0.0060547
0.00028121
-0.0005374
0.00266804
-0.09337639
0.00635856
0.01191569
0.00544862
0.00013735
-0.00098944
-0.00353612
0.00205187
0.00334222
0.00106586
-0.00107533
0.00333622
0.0008102
-0.00143667
0.00382385
-0.01477319
-0.00488852
-0.01197767
-0.00179599
-0.01067348
0.0017611
0.0072451
-0.00777689
-0.00098454
0.00217372
0.00526406
0.01466549
-0.01082443
0.00021944
-0.00246867
0.0065632
-0.00316874
-0.00326523
0.00642419
-0.0154557
-0.01008755
-0.00022254
-0.02087083
0.01431992
0.00728185
-0.00534216
-0.00906639
-0.00342461
-0.00636764
0.0172386
0.02323846
0.00602959
-0.00024179
0.00961865
-0.01119999
0.00297902
0.00450277
0.00845524
0.0066689
-0.01157128
-0.00012298
0.00259277
-0.08778493
0.00559362
-0.00709311
0.00320518
-0.00164945
0.01937262
0.01118812
0.00017739
-0.00419885
0.00558421
-0.01649394
0.010974
0.01443042
-0.000986
-0.00031363
0.00095237
-0.00510786
0.00829725
0.00075182
0.00211914
0.00342503
-0.00786296
0.00470881
-0.00089776
-0.03567221
-0.01375115
0.01686215
0.01678448
0.00859236
-0.00351733
-0.00530128
