#Average flux [c/s]: 10807.299945519258
#                                   T_start= 0 s
#                                   T_end= 1 s
#                                   CCF campionation= 1e-6 s
#                                   Fit amplitude= 111 s
#                                   Variable bin size= 10 ph/bin
0.03564
-0.01091
0.03302
0.00461
0.03128
0.01978
0.04075
0.01995
-0.02002
-0.01099
0.03068
-0.01117
0.00467
0.01716
-0.04197
0.02353
-0.04259
-0.00665
0.01214
0.02404
0.021
-0.01645
0.00557
-0.00433
0.05684
-0.01195
-0.01165
-0.01905
-0.01056
-0.01979
0.00589
0.05561
0.03145
0.0126
0.02181
0.02062
-0.01156
-0.00221
-0.00484
0.02081
0.0051
0.03538
0.05739
0.02741
-0.01379
0.00475
0.02202
0.0224
-0.04087
0.0217
-0.01399
0.02642
0.00454
0.0513
0.02742
0.00383
0.01541
-0.01056
0.01674
0.00356
-0.01272
-0.05179
0.01974
0.03838
0.05809
0.00424
-0.01892
-0.00841
-0.00678
0.00306
0.03157
0.01116
0.02203
0.02193
0.01991
0.02077
0.03064
-0.06102
0.02931
-0.01154
-0.00736
0.03039
0.0206
-0.03487
0.01102
-0.0343
0.02707
0.03179
-0.00511
-0.01366
0.02145
-0.01369
0.03015
0.01512
-0.00613
0.04483
-0.01934
0.00466
0.02028
-0.01063
