#Average flux [c/s]: 10354.17449394548
#                                   T_start= 0 s
#                                   T_end= 1 s
#                                   CCF campionation= 1e-6 s
#                                   Fit amplitude= 111 s
#                                   Variable bin size= 10 ph/bin
4e-05
-0.00031
-0.0001
0.00027
-1e-05
-0.00021
0.00019
0.00014
-4e-05
0.00022
-3e-05
-0.00014
0.00012
-9e-05
-1e-05
0.00013
0.00011
-0.00024
-0.0001
1e-05
-0.00015
-3e-05
-0.00022
0.0001
-0.00017
-9e-05
0.0
6e-05
-5e-05
-8e-05
-1e-05
-5e-05
4e-05
-4e-05
-2e-05
-2e-05
3e-05
2e-05
-0.00016
0.00015
0.00018
-5e-05
0.0001
-5e-05
1e-05
1e-05
-0.00025
0.00016
-0.0002
-8e-05
-2e-05
-0.00024
0.00014
-9e-05
5e-05
-0.0001
-0.00037
-6e-05
-0.00021
-5e-05
2e-05
0.00016
4e-05
-7e-05
5e-05
-1e-05
-0.00011
1e-05
0.00026
5e-05
-5e-05
-0.00018
0.00017
2e-05
-0.0001
-5e-05
4e-05
-0.00011
0.0
1e-05
-3e-05
5e-05
0.0
0.00011
-0.00011
1e-05
-0.00033
-0.00013
-4e-05
0.00021
9e-05
-0.0001
0.0
-0.00014
4e-05
0.00031
-8e-05
-0.0001
4e-05
-0.00023
