#Average flux [c/s]: 2953.125451573778
#                                   T_start= 0 s
#                                   T_end= 1 s
#                                   CCF campionation= 1e-6 s
#                                   Fit amplitude= 0.1 s
#                                   Variable bin size= 10 ph/bin
-0.37910685
-0.03442681
0.00755599
0.15375306
-0.06112536
0.03768196
-0.07118648
-0.06344123
0.31045253
-0.38093106
0.21686302
0.22704405
0.27314042
0.15750254
-0.04037219
-0.23579274
0.01116798
-0.33263305
-0.1861475
-0.26032152
0.10095557
-0.32127286
-0.24404166
0.15344855
1.3312611
-0.19048028
-0.09158469
-0.06207143
-0.31869655
0.00297205
#999
0.37627316
-0.26812642
-0.16992629
-0.11203453
0.30732604
0.14389829
-0.06826425
0.20330806
-0.18222394
-0.40890803
0.23431006
-0.22423288
-0.07965933
-0.03832998
-0.27144301
-0.08816091
0.02028078
-0.07274737
-0.2155411
0.39537663
-0.26230567
-0.08169975
-0.39807198
-0.26508303
#999
0.42354921
-0.34558994
3.59818068
0.05883788
-0.01811567
-0.21914539
-0.38083805
-0.23322188
-0.42660525
-0.07330514
-0.01398571
0.23275527
-0.07445816
-0.31715482
0.18372751
-0.118186
-0.1486582
0.15332189
0.0107598
0.19169877
-0.26346234
-0.03873793
-0.31560771
0.14463736
0.17330307
0.00282253
-0.18877933
0.24787602
0.08190413
0.17834115
0.01408064
-0.42309466
-0.34493336
0.10612874
-0.09626626
-0.25844029
-0.13081768
-0.08712766
0.27025938
-0.03599642
-0.2157791
-0.23714604
-0.26011995
-0.31666577
