#Average flux [c/s]: 7333.338150120295
#                                   T_start= 0 s
#                                   T_end= 1 s
#                                   CCF campionation= 1e-6 s
#                                   Fit amplitude= 0.1 s
#                                   Variable bin size= 10 ph/bin
-0.00816405
0.00259811
-0.01230207
0.00097425
-6.44e-05
-0.01722745
-0.01812655
0.00791579
0.00015217
0.00903777
-0.01234062
-0.02592336
0.00560166
0.02096702
-0.00014639
-0.0401262
-0.01357424
-0.0213722
0.00239784
0.00428705
0.00130362
0.01888485
0.00052054
0.00403144
-0.00174256
-0.01337813
-0.00921437
-0.00622198
0.01868934
0.02437318
-0.01619472
0.0033104
-0.0008815
-0.01303216
-0.01215512
-0.00071453
0.01566206
-0.00878595
-0.01472767
0.00648506
0.00646164
-0.00237411
0.01128989
0.02658466
-0.00244934
-0.00302086
0.00666272
0.00163697
-0.00977759
0.00833921
0.01493541
0.01696976
0.01002674
0.00025366
0.01519588
-3.29e-06
0.02013122
-0.01834883
-0.00027258
0.02096307
0.00647966
-0.01300117
-0.00205664
0.01711754
-0.00101769
-0.00311484
-0.00778229
0.00259132
0.00080975
-0.00033757
0.01229671
-0.01202972
0.00887812
-0.00616762
-0.00028418
-0.01543779
-0.00073728
0.00663382
-0.00058453
-0.01328854
-0.00687869
-0.01100527
-0.00583806
-0.01486924
0.00066147
-0.00361191
8.8e-07
-0.00024098
0.02581214
0.00012614
0.00980568
-0.08102983
0.00028193
-0.01153381
-0.03443962
0.07820044
-0.00372093
0.01415361
0.01084191
-0.00906421
