#Average flux [c/s]: 8088.5472360765925
#                                   T_start= 0 s
#                                   T_end= 1 s
#                                   CCF campionation= 1e-6 s
#                                   Fit amplitude= 111 s
#                                   Variable bin size= 10 ph/bin
0.00558
0.08716
-0.0534
-0.02164
0.02008
-0.00413
-0.01697
-0.02831
0.0034
-0.04836
0.00502
0.00868
0.00883
0.06252
0.0629
0.08768
-0.0342
0.00391
-0.03345
-0.04906
-0.03678
-0.0196
0.03333
0.08616
0.06222
-0.03519
-0.03381
-0.03366
-0.00245
0.03285
0.0084
-0.04849
0.03216
-0.04863
-0.0646
0.03305
-0.04912
-0.03433
0.0335
-0.01009
-0.00211
0.08794
-0.0143
0.0013
0.00824
0.0083
-0.011
0.08738
0.02651
-0.02246
0.00962
0.03259
-0.0335
-0.00151
-0.05074
0.00836
0.00755
-0.01534
0.08239
0.1019
0.00868
-0.00032
0.08716
0.10154
0.05297
-0.05099
-0.04657
0.10224
-0.04799
-0.03449
0.00298
0.00323
0.00768
0.04801
0.04744
-0.03446
-0.03447
0.00998
-0.01517
0.00297
-0.02737
0.05884
-0.03582
0.102
0.0283
-0.03514
-0.02263
0.00918
0.00866
-0.00514
0.00873
0.03326
0.00116
-0.03594
0.06158
0.00514
0.08625
0.06155
0.00274
0.00876
