#Average flux [c/s]: 8692.71450484163
#                                   T_start= 0 s
#                                   T_end= 1 s
#                                   CCF campionation= 1e-6 s
#                                   Fit amplitude= 111 s
#                                   Variable bin size= 10 ph/bin
0.01093
-0.01981
0.02585
0.01001
-0.01213
0.00682
0.0279
0.05624
-0.0167
0.08179
0.00795
0.00912
0.03961
-0.01666
-0.04158
-0.0041
0.03998
0.0619
-0.06452
-0.05401
0.00452
0.08201
-0.02021
0.00944
-0.01224
0.02416
0.04374
-0.01392
0.00888
0.03924
0.00936
-0.01175
0.01617
0.03879
0.04034
0.06903
-0.01656
0.03945
0.00928
-0.06465
0.00823
0.00871
-0.01041
-0.01694
0.01872
0.02849
0.0621
-0.011
-0.04046
-0.01054
-0.00314
0.0385
0.001
0.07214
-0.01766
0.00724
0.09063
-0.0102
0.00754
0.00745
-0.00308
-0.06314
0.0082
0.01847
-0.02219
0.01266
0.0314
-0.00336
-0.0532
0.00758
-0.01697
-0.02019
0.02897
0.0616
-0.02685
0.02694
0.0084
-0.04018
0.02501
-0.01601
0.02319
0.00168
-0.01596
0.01167
0.06001
0.02853
0.02721
0.01267
0.03897
0.03893
-0.02167
0.00908
-0.02891
0.0078
0.00767
0.00771
0.00063
-0.01282
-0.01499
0.02346
