#Average flux [c/s]: 14130.219923726961
#                                   T_start= 0 s
#                                   T_end= 1 s
#                                   CCF campionation= 1e-6 s
#                                   Fit amplitude= 111 s
#                                   Variable bin size= 10 ph/bin
0.03598
0.03222
0.00437
-0.01986
0.03709
0.01649
0.02012
0.01896
-0.02092
0.01911
0.01981
-0.01099
0.01625
0.03202
0.01978
0.01969
0.00501
0.02169
-0.00402
0.03532
0.00334
0.0038
0.02831
0.01963
0.05929
0.02752
0.0193
0.02241
0.00973
0.03585
0.02768
0.02242
0.01909
0.02674
9e-05
-0.05419
0.0192
0.01991
0.02144
0.027
0.02343
0.0027
0.03634
0.01634
-0.02058
-0.02038
0.02101
0.02223
0.03186
0.02321
0.01968
0.01933
0.0191
0.00438
-0.0146
0.02008
0.01911
0.02692
0.01964
0.02602
-0.01267
0.00507
0.00437
-0.0202
-0.00457
0.04728
-0.0107
0.02022
0.01924
0.01994
0.02728
0.02783
0.02255
0.06232
-0.04639
7e-05
0.01931
0.0219
0.0223
-0.02656
0.03636
0.00172
0.01989
0.01981
-1e-05
0.02321
-0.00046
0.01937
-0.02922
-0.00951
0.0269
0.01646
0.01962
0.02165
-0.02112
0.01991
-0.0213
0.00319
0.02711
-0.00102
