#Average flux [c/s]: 14734.387192492
#                                   T_start= 0 s
#                                   T_end= 1 s
#                                   CCF campionation= 1e-6 s
#                                   Fit amplitude= 0.1 s
#                                   Variable bin size= 10 ph/bin
0.01029568
-0.00017996
0.00467977
0.0013836
0.00270024
-0.00447585
#999
0.00518356
0.01047429
-0.01053518
-1.953e-05
-0.00718383
0.01175493
-0.00039094
-0.01097902
0.00241812
-0.00799516
0.00655219
#999
-0.00121684
-0.00130416
-0.00234311
0.00635904
-0.01082258
#999
-0.00410248
0.0052718
0.0146143
-0.00519002
-0.00043197
#999
-0.00694259
-0.00836851
0.00599036
0.00045323
-1.794e-05
-0.0078313
0.00089386
-0.00374424
-8.071e-05
-0.01312163
0.00179158
0.00719742
#999
-0.000539
-0.00147067
0.00475342
0.00288039
-0.00470787
0.00262499
0.00165955
0.00947056
-0.00067536
-0.00447482
-0.00395615
0.00836001
0.001594
#999
-0.01003433
#999
-0.00429137
0.00386559
-0.00456466
-0.00024323
-0.00236219
0.0025928
-0.00638074
0.00237266
-0.01369653
0.00370445
0.00942689
-0.00480415
0.00117382
-0.00083497
0.00104988
0.00554351
0.00827723
0.00261363
-0.0022572
0.00688084
-0.00673886
#999
#999
0.00491262
0.00843076
-0.00230586
0.00594269
0.00782346
-0.00633432
0.00134543
#999
0.00859793
-0.00611662
-0.00300911
-0.00756642
0.00303626
0.00092792
0.0106272
-0.00366531
0.00382393
