#Average flux [c/s]: 15489.596278448294
#                                   T_start= 0 s
#                                   T_end= 1 s
#                                   CCF campionation= 1e-6 s
#                                   Fit amplitude= 111 s
#                                   Variable bin size= 10 ph/bin
0.00995
0.01885
0.02181
0.02001
0.01007
0.00197
0.01013
0.03276
0.01054
0.02043
0.02103
0.02098
0.01461
0.01026
-0.04945
-0.00216
-0.00975
-0.01483
0.01003
0.01904
-0.02139
0.00924
0.01038
0.01931
0.01
0.04162
0.03648
-0.03457
-0.00924
0.02577
0.01157
-0.02584
-0.00315
0.03605
-0.02601
0.01394
-0.02543
0.00274
0.01985
-0.00604
-0.00556
0.01156
0.01422
-0.00596
0.02812
-0.00691
0.04293
-0.00569
0.02023
0.01084
0.00994
-0.0103
-0.01212
0.02517
0.01584
-0.02568
-0.01705
0.01509
-0.00244
0.02671
-0.0248
-0.0217
0.01897
0.01649
0.02474
0.01879
0.0101
0.01697
-0.00416
0.01025
-0.00517
0.02621
-0.02575
0.02029
0.01047
0.01682
-0.00135
-0.00297
0.04154
0.01681
-0.00488
-0.00389
-0.00649
0.01693
0.01011
0.04208
-0.03546
0.01026
0.01051
-0.00442
-0.00302
0.017
-0.00792
0.02105
-0.0037
-0.01578
0.04622
0.01268
0.06826
0.01796
