#Average flux [c/s]: 12015.634483049334
#                                   T_start= 0 s
#                                   T_end= 1 s
#                                   CCF campionation= 1e-6 s
#                                   Fit amplitude= 111 s
#                                   Variable bin size= 10 ph/bin
-0.00125
-0.0116
0.0104
-0.02308
-0.03902
-0.0117
-0.02739
-0.00132
-0.02433
-0.02615
-0.03254
0.02894
0.02351
-0.00023
0.01946
-0.03759
0.00579
-0.03823
0.00426
0.00311
-0.03746
0.01001
-0.03924
-0.00011
-0.0334
-0.00012
-0.01879
-0.06232
-0.02298
-0.02011
0.02961
-0.01092
0.04204
-0.02487
0.04281
-0.00694
0.02182
-0.0229
0.03516
-0.03898
-0.02245
0.01819
-0.00509
0.00654
0.00979
-0.00013
0.04542
0.03702
-0.01982
-0.0231
0.01018
0.01149
-0.01036
-0.02453
-0.00783
-0.0046
0.04208
-0.06013
-0.03561
0.02455
-0.00584
-0.01807
-0.01214
0.00998
-0.00198
0.04934
-0.02726
0.01019
-0.00106
0.02925
0.04135
0.02062
-0.0111
-0.0108
-0.03832
0.02904
0.01143
0.02892
-0.01783
-0.025
-0.02307
-0.03102
-0.02251
0.02154
-0.02625
-0.02394
0.01078
-0.03755
-0.02443
0.0105
-0.01497
0.01709
-0.03867
-0.03872
-0.02805
-0.03192
0.01255
0.04833
-0.00092
-0.04348
