#Average flux [c/s]: 13223.969020579409
#                                   T_start= 0 s
#                                   T_end= 1 s
#                                   CCF campionation= 1e-6 s
#                                   Fit amplitude= 111 s
#                                   Variable bin size= 10 ph/bin
-7e-05
4e-05
-6e-05
-0.00013
0.00019
-0.00012
-0.0002
7e-05
0.0
-4e-05
0.00017
-5e-05
2e-05
9e-05
1e-05
-6e-05
-0.0001
0.00016
-0.0002
0.00018
6e-05
9e-05
3e-05
6e-05
0.00016
-7e-05
4e-05
-0.00012
0.00012
8e-05
6e-05
8e-05
-0.00018
-3e-05
-3e-05
-2e-05
2e-05
-7e-05
0.00018
-8e-05
0.0
3e-05
0.00017
-9e-05
4e-05
-3e-05
-0.00014
-5e-05
6e-05
2e-05
-3e-05
-0.0001
0.0001
0.00017
0.0001
0.00014
-1e-05
9e-05
0.0002
0.00013
4e-05
-7e-05
-5e-05
-0.00018
-6e-05
-7e-05
-8e-05
0.0001
-7e-05
-2e-05
6e-05
0.00017
-1e-05
0.00016
-0.0002
2e-05
-9e-05
-7e-05
1e-05
5e-05
-0.00015
-8e-05
-3e-05
0.00016
-6e-05
-0.00014
2e-05
0.00012
0.00011
-3e-05
2e-05
-4e-05
-0.00017
-0.00019
-3e-05
-2e-05
4e-05
-0.00011
-0.00015
-2e-05
