#Average flux [c/s]: 12770.843569005629
#                                   T_start= 0 s
#                                   T_end= 1 s
#                                   CCF campionation= 1e-6 s
#                                   Fit amplitude= 111 s
#                                   Variable bin size= 10 ph/bin
4e-05
0.00013
0.00021
0.00012
-0.00016
6e-05
5e-05
0.0
0.00013
-3e-05
0.0001
4e-05
0.0
-9e-05
-6e-05
9e-05
-0.00016
-0.00028
1e-05
9e-05
0.00016
0.00028
-0.00011
-2e-05
0.00013
8e-05
0.0001
0.00019
-9e-05
-0.00015
-0.0001
1e-05
-0.00018
-2e-05
0.00013
2e-05
8e-05
3e-05
-0.00013
2e-05
1e-05
-1e-05
-5e-05
0.0001
5e-05
-8e-05
0.00011
6e-05
5e-05
-3e-05
-9e-05
-0.00016
6e-05
-0.00024
6e-05
-0.00023
-0.00017
0.00013
-8e-05
-0.00013
0.0001
0.0001
0.0
-2e-05
6e-05
-0.00032
-6e-05
-0.00012
0.0
1e-05
-8e-05
0.00021
-7e-05
7e-05
7e-05
1e-05
1e-05
-0.0001
-0.00011
8e-05
-0.0001
-9e-05
0.0
-2e-05
0.00018
5e-05
-8e-05
0.0002
-5e-05
-5e-05
-6e-05
4e-05
-0.0002
0.0
2e-05
-9e-05
-0.00021
-7e-05
0.00013
-0.00018
