#Average flux [c/s]: 8692.71450484163
#                                   T_start= 0 s
#                                   T_end= 1 s
#                                   CCF campionation= 1e-6 s
#                                   Fit amplitude= 0.1 s
#                                   Variable bin size= 10 ph/bin
0.02379038
0.0196462
0.00312219
0.02549156
0.01007759
0.03853338
0.02149629
0.01031738
0.01578616
0.01445314
0.00996286
0.0015418
0.02265325
0.0204085
0.01835202
0.00392273
0.03060307
-0.00743527
0.01968408
0.01123055
-0.00787893
0.03796949
0.01775169
0.01984449
0.01850368
0.01229158
0.0201413
0.02462131
0.01621846
0.01774991
0.03247548
0.01429708
0.02133539
0.01512041
0.00177477
0.02134876
0.01768707
0.0179991
0.01217074
0.02192275
0.01503963
0.0173158
0.01973705
0.01958438
0.04639642
0.00143385
0.00985187
0.01051945
-0.00338457
0.0146317
0.00423647
0.03141355
0.00770851
0.02409749
0.01479357
0.01661502
0.0244765
0.03169526
0.013471
0.01230402
0.02980219
0.01490308
0.02177888
0.01534602
0.01930639
0.01012376
0.01361232
0.00219677
0.01088643
0.01506546
0.01759567
0.02038123
0.03827837
0.03527787
0.01500935
0.01609486
0.02607484
#999
0.01876597
0.04139581
0.0434744
0.01219217
0.00910851
0.01323133
0.00378366
0.02267259
0.02869591
0.02844166
0.02824332
0.01827045
0.02841881
0.00548056
#999
0.02732484
0.00547785
-0.0034094
0.01087237
#999
0.01176074
0.01592807
