#Average flux [c/s]: 2651.041817191259
#                                   T_start= 0 s
#                                   T_end= 1 s
#                                   CCF campionation= 1e-6 s
#                                   Fit amplitude= 111 s
#                                   Variable bin size= 10 ph/bin
-0.23638
-0.46948
-0.36364
0.22577
-0.35761
-0.27869
-0.14312
-0.26925
0.33693
0.10195
-0.36971
0.49401
-0.27822
0.42618
-0.15192
-0.01216
0.39331
-0.01338
0.14172
0.12567
0.25239
0.15382
-0.27121
0.14113
0.23193
0.10361
-0.20149
-0.27081
-0.20297
-0.24818
-0.14499
-0.30392
-0.4624
0.14492
0.25442
0.37839
-0.1516
0.29525
-0.4354
0.13907
-0.46356
-0.01328
0.14455
-0.35195
0.14391
-0.47483
0.24977
0.14692
0.49359
0.46125
-0.23772
0.42659
-0.45851
0.43367
-0.45951
0.42656
-0.16794
0.26628
0.3043
-0.20173
-0.12069
-0.00091
-0.43461
0.25226
0.00157
0.26015
-0.24432
-0.27796
0.37468
-0.35689
-0.13548
0.38545
-0.28297
-0.24049
-0.16376
-0.28283
-0.2736
-0.16346
-0.01592
-0.45888
-0.16002
-0.37811
0.33875
0.404
-0.35328
-0.2769
0.27295
0.14708
-0.01109
-0.43164
-0.24544
-0.11212
0.26857
0.42419
-0.47862
-0.46172
-0.4694
0.25929
0.30155
-0.47112
