#Average flux [c/s]: 5973.961795398962
#                                   T_start= 0 s
#                                   T_end= 1 s
#                                   CCF campionation= 1e-6 s
#                                   Fit amplitude= 111 s
#                                   Variable bin size= 10 ph/bin
0.00042
-0.00019
0.00041
-0.00024
0.0
8e-05
0.00017
-0.00031
-0.00015
0.00052
0.00048
0.0001
0.00032
0.00012
0.00048
0.00029
0.00074
0.00035
0.00019
0.00018
0.00031
-7e-05
0.00045
-0.00022
6e-05
-0.0006
-6e-05
0.0002
0.00055
0.0003
-0.00023
-0.0001
7e-05
0.00076
0.00057
-7e-05
-0.00018
0.00029
0.0003
0.00029
-1e-05
0.00019
-0.00021
-0.00045
0.00017
0.0002
0.00016
0.0008
0.00101
-0.00047
0.0003
-0.00039
-7e-05
0.00032
0.00037
-0.0009
-0.00021
-0.00011
-0.00038
-0.0004
0.00026
8e-05
0.00017
9e-05
8e-05
7e-05
-0.00054
-0.00022
0.00015
5e-05
-0.00031
0.00029
-6e-05
-0.00021
0.00014
-0.00045
-0.0001
0.00027
-0.00039
-5e-05
-0.00035
0.00028
0.00096
-0.00021
0.00016
0.00022
-0.00022
-0.0001
-0.00024
4e-05
0.0
0.00011
0.00046
0.00034
0.00024
0.00012
-8e-05
7e-05
-0.00025
-0.00038
