#Average flux [c/s]: 8843.756322032888
#                                   T_start= 0 s
#                                   T_end= 1 s
#                                   CCF campionation= 1e-6 s
#                                   Fit amplitude= 0.1 s
#                                   Variable bin size= 10 ph/bin
0.00185585
0.00975857
0.01460666
0.00999269
0.01010821
-0.00311059
-0.01040607
0.005092
0.01516129
-0.01218478
0.01298152
0.00112871
0.00152633
-0.00905839
0.0067064
-0.01158343
0.00169801
-0.00271523
0.003944
-0.01573891
0.00047283
0.00638601
-0.01362097
-0.00105744
-0.00635549
0.00902864
0.00491599
0.00347617
0.01030696
0.01779424
-0.00720532
0.00746388
0.00965918
0.00600666
0.01301084
0.02319994
-0.0001437
0.01127017
-0.01141657
0.01586666
-0.0054735
-0.00619834
0.00522585
0.00400841
0.00214225
0.02802456
0.01010376
-0.00412137
0.01316472
0.00590854
0.0045164
0.00419714
-0.00208182
0.00696143
0.00829202
0.00468246
0.02214545
0.00932389
0.00231408
-0.00603353
0.00304359
0.00870768
-0.00888644
-0.01513167
0.02035379
0.00589489
-0.00916225
0.00134256
0.00718186
-0.00501198
0.01036058
-0.02310889
0.00930822
-0.00888689
-0.00545364
-0.003319
0.01733771
-0.01564226
0.00366639
0.0061276
0.00667889
0.01418889
0.00329656
0.00785454
0.00944879
-0.00189747
0.00471865
0.01164952
-0.00445954
0.00700958
-0.01912573
0.01813183
0.02569675
0.01443155
-0.00125376
0.00999819
-0.01218627
-0.00743074
0.12983009
0.11075459
