#Average flux [c/s]: 16697.93081597837
#                                   T_start= 0 s
#                                   T_end= 1 s
#                                   CCF campionation= 1e-6 s
#                                   Fit amplitude= 0.1 s
#                                   Variable bin size= 10 ph/bin
0.00277965
-0.00986042
0.00115165
0.00647945
-0.0051793
#999
0.00256413
-0.00360786
0.0100392
0.0004935
0.00324334
-0.00375989
-0.00570129
-0.0006537
0.00273947
0.00653665
0.00366099
-0.00991421
#999
0.01086728
-0.00112577
-0.01689986
0.00818715
#999
-9.628e-05
-0.01389563
0.00025983
0.00645106
-0.00622216
-0.00919467
-0.01257613
-0.00388757
#999
-0.01839687
-0.0116944
-0.00572404
-0.0003256
0.01000615
-0.00520182
-0.00760977
-0.00354285
0.00659477
-0.00781442
0.0022609
-0.00235462
0.00913335
0.00029731
0.00061212
-0.00378014
-0.00667741
-0.00757613
0.00209068
#999
0.00056524
-0.00490034
-0.01101669
#999
0.0006272
0.00871319
0.00714195
-0.00045813
-0.01120102
0.00490301
-0.00560992
0.00278179
0.00027614
-0.00570103
#999
-0.01109993
0.00230143
0.00033179
0.00412611
#999
-0.00073672
-0.00661053
0.00259059
-0.00336434
0.00310867
-0.00640325
-0.00803106
-0.00031735
-0.00381922
-0.01135105
-0.00717326
0.00014487
-0.00537549
-0.00521683
0.0071454
#999
-0.00417609
-0.0031958
-7.995e-05
0.00020446
#999
-0.00695875
-0.00102135
0.00468318
-0.00699622
-0.01321825
0.00838726
