#Average flux [c/s]: 16244.805364404589
#                                   T_start= 0 s
#                                   T_end= 1 s
#                                   CCF campionation= 1e-6 s
#                                   Fit amplitude= 111 s
#                                   Variable bin size= 10 ph/bin
0.00012
-2e-05
5e-05
-0.00013
-1e-05
3e-05
-5e-05
8e-05
-0.00012
0.0
4e-05
-4e-05
-3e-05
-6e-05
-6e-05
-1e-05
2e-05
-7e-05
-0.00015
8e-05
4e-05
0.0
-5e-05
-9e-05
-0.00014
-4e-05
1e-05
0.00011
0.00012
-0.00014
-0.0001
-1e-05
0.0
0.0
-6e-05
-7e-05
0.0
-0.00012
1e-05
-3e-05
-7e-05
5e-05
-1e-05
-9e-05
-4e-05
-7e-05
1e-05
1e-05
-1e-05
0.0002
0.00013
-0.00016
1e-05
-5e-05
0.00014
6e-05
8e-05
-5e-05
7e-05
7e-05
-1e-05
-3e-05
-0.00013
-2e-05
-2e-05
5e-05
-8e-05
0.0
0.00012
-2e-05
1e-05
-6e-05
2e-05
-6e-05
-2e-05
-4e-05
3e-05
-1e-05
0.00011
5e-05
-2e-05
0.00012
3e-05
0.0001
5e-05
-8e-05
-0.0001
0.00018
3e-05
0.00016
-6e-05
-3e-05
1e-05
6e-05
-4e-05
2e-05
0.0001
-0.00019
1e-05
-2e-05
