#Average flux [c/s]: 12166.676300240591
#                                   T_start= 0 s
#                                   T_end= 1 s
#                                   CCF campionation= 1e-6 s
#                                   Fit amplitude= 111 s
#                                   Variable bin size= 10 ph/bin
-0.0276
-0.0385
-0.03023
-0.03119
-0.03141
-0.01647
-0.03069
-0.05536
-0.05536
-0.03944
-0.03053
-0.00224
-0.02197
0.00781
-0.0254
-0.03129
-0.02963
-0.02786
-0.04235
-0.01071
-0.01627
0.00758
0.00273
-0.0103
-0.04462
0.01016
-0.01737
-0.05386
0.01095
-0.03245
-0.03236
0.01209
0.00967
-0.03901
-0.01712
-0.01597
-0.01795
-0.01759
-0.01781
-0.05301
-0.00992
-0.01823
-0.05494
0.01017
-0.0155
-0.01794
-0.03155
-0.0374
-0.05474
-0.0024
0.03853
-0.00999
-0.03361
-0.02664
-0.00067
-0.02929
-0.03105
0.01219
0.01941
-0.04596
-0.01755
-0.01786
0.00788
-0.03006
-0.02101
-0.03983
-0.01788
-0.01284
-0.02975
-0.01383
-0.02139
-0.01668
-0.02588
0.02516
-0.05505
-0.02179
0.01174
-0.05468
-0.01823
0.00911
-0.01659
0.01549
-0.05179
-0.03972
-0.03295
0.03188
-0.06008
-0.03817
-0.0172
-0.01619
-0.05261
0.01073
-0.00977
0.00152
0.02996
-0.05229
-0.03005
-0.06158
-0.03241
-0.03318
