#Average flux [c/s]: 8390.630870459112
#                                   T_start= 0 s
#                                   T_end= 1 s
#                                   CCF campionation= 1e-6 s
#                                   Fit amplitude= 111 s
#                                   Variable bin size= 10 ph/bin
0.00021
-8e-05
-0.00039
0.00021
-0.00013
0.00031
0.00027
0.0001
1e-05
-1e-05
-6e-05
-5e-05
-5e-05
2e-05
0.0
-0.00024
-0.0002
-0.00012
6e-05
-0.00015
0.00013
-1e-05
3e-05
-0.00047
-7e-05
0.00014
-7e-05
0.00036
-0.00037
0.0
6e-05
0.00021
0.00021
7e-05
0.00014
-1e-05
-0.00011
0.00016
0.00016
4e-05
4e-05
-0.00044
-0.00019
-0.00048
-4e-05
-0.00015
0.00044
0.00031
0.00029
-0.00025
0.00016
-0.00024
0.00013
4e-05
-2e-05
-4e-05
-0.0002
2e-05
-7e-05
-0.00022
-0.00035
-2e-05
0.00021
1e-05
0.0001
0.00021
-2e-05
9e-05
0.00013
-2e-05
0.00011
0.00028
7e-05
0.00015
0.00025
2e-05
-0.00022
2e-05
6e-05
0.00012
-9e-05
0.00015
4e-05
-0.00029
3e-05
-0.00019
7e-05
0.00039
-0.00044
-0.00023
0.0
6e-05
-4e-05
0.0
9e-05
0.00024
-8e-05
-0.00013
-2e-05
-4e-05
