#Average flux [c/s]: 13979.178106535705
#                                   T_start= 0 s
#                                   T_end= 1 s
#                                   CCF campionation= 1e-6 s
#                                   Fit amplitude= 111 s
#                                   Variable bin size= 10 ph/bin
0.00019
-0.00012
-0.0001
-6e-05
-3e-05
-8e-05
7e-05
4e-05
8e-05
0.00011
0.0
-0.0002
3e-05
-9e-05
-7e-05
-3e-05
8e-05
5e-05
-0.0002
-5e-05
0.00017
9e-05
-2e-05
5e-05
1e-05
-8e-05
-0.0001
-7e-05
-7e-05
1e-05
6e-05
-5e-05
-0.00011
0.0001
-0.00011
-0.00011
9e-05
-0.0001
8e-05
4e-05
-5e-05
-2e-05
0.00015
5e-05
-8e-05
-4e-05
-0.00022
-3e-05
-0.00013
9e-05
5e-05
6e-05
-1e-05
0.00016
9e-05
-0.0001
-4e-05
5e-05
2e-05
0.00012
0.00014
7e-05
-4e-05
-0.00013
-0.00014
7e-05
0.0
-0.00022
-0.00012
-0.00015
4e-05
0.00013
-2e-05
0.00011
1e-05
0.00013
-0.00021
4e-05
-0.0001
-3e-05
-0.00013
0.00011
9e-05
-7e-05
-0.0001
4e-05
0.00013
6e-05
0.00011
-6e-05
4e-05
-4e-05
0.00012
0.00019
0.00014
-0.00011
2e-05
3e-05
-9e-05
1e-05
