#Average flux [c/s]: 11864.592665858074
#                                   T_start= 0 s
#                                   T_end= 1 s
#                                   CCF campionation= 1e-6 s
#                                   Fit amplitude= 0.1 s
#                                   Variable bin size= 10 ph/bin
#999
0.00354978
-0.01239826
#999
0.00232123
0.00788052
0.01430146
-0.0032201
-0.01151085
-0.01444363
-0.00223028
0.01217665
0.01304117
-0.01193572
0.0035592
-0.01277529
-0.00918691
-0.00672277
-0.00066806
-0.00088859
0.00870562
-0.00593676
-0.00347174
-0.0017025
-0.00322927
0.00063271
-0.0045739
-0.0019555
-0.00515138
0.00502928
0.00559247
-0.00514476
0.00402105
-0.00337328
-0.01037252
-0.00740296
0.00056152
-0.00496439
0.00568955
0.00181119
-0.00492954
0.01068473
0.0086562
0.00047594
-0.00014752
0.00932424
-0.00812452
0.00053668
0.00774778
-0.00233153
-0.00635711
0.00950312
-0.00403262
0.00193893
-0.0077495
0.00428191
0.01474261
0.00177132
-0.00234647
0.00738516
0.00491368
-0.00623263
-0.00592585
-0.0087932
-0.00375642
-0.00028068
-0.00327602
-0.00427565
-0.00075452
-0.00401745
-0.00911793
-0.00343141
0.00483571
0.00650975
-0.00361995
-0.00224558
0.01576211
0.00446479
-0.00289903
-0.00183176
0.01499393
-0.00356348
-0.00634884
-0.00918686
-0.00092364
0.00458809
0.01003151
0.00846883
-0.01389155
0.0010064
0.01537449
0.00635495
-0.00358167
0.00333646
-0.01580131
0.00751453
-0.00020363
-0.00911988
0.0023016
-0.00721056
