#Average flux [c/s]: 7182.296332929036
#                                   T_start= 0 s
#                                   T_end= 1 s
#                                   CCF campionation= 1e-6 s
#                                   Fit amplitude= 0.1 s
#                                   Variable bin size= 10 ph/bin
0.01111526
0.00805699
0.0151003
4.578e-05
0.01020068
0.01409901
-0.14548436
0.00046987
0.00139056
0.00058747
0.01207772
-0.00579956
3.107e-05
-0.02229156
0.00507459
-0.00152366
-0.01549566
-0.07472387
-0.01733208
-0.01720993
-0.0196153
0.01189009
0.0041992
-0.01777328
-0.00580934
-0.01666062
0.00654009
0.0041533
0.00258869
-0.00960824
0.00030329
0.00468999
0.00583993
0.00616122
0.00226572
-0.00043297
0.00288773
-0.00960678
0.01047503
0.00556995
-0.00241431
-0.00572459
0.00215596
0.01275801
0.0029683
0.00461799
-0.01747999
0.01323772
-0.01586061
0.0025225
-0.00936231
-0.00097271
-0.01727035
-0.01997375
0.0003958
0.00834847
-0.00765653
0.02245734
-0.00565737
-0.00926261
0.0831282
0.00843535
-0.00440874
-0.00650562
-0.0124506
0.00026616
0.02593251
0.00321376
0.00768817
0.0004015
-0.00254859
-0.0021812
-0.0058886
-0.00145468
0.01617418
0.01699811
0.01556216
-0.00418526
-0.02206493
0.00010395
0.00034299
0.01128266
-0.0002495
0.00882698
0.00399839
-0.00016735
0.02298057
-0.00284003
0.00170911
0.01770073
-0.00115707
0.00065031
-0.00475377
0.01587096
0.00078502
0.00104003
-0.00263681
0.02855887
-0.00170984
0.00146516
