#Average flux [c/s]: 14432.303558109481
#                                   T_start= 0 s
#                                   T_end= 1 s
#                                   CCF campionation= 1e-6 s
#                                   Fit amplitude= 0.1 s
#                                   Variable bin size= 10 ph/bin
-0.00637398
0.0097052
0.00356962
-0.00764339
-0.00698837
#999
-0.01334977
0.01251041
#999
-0.01305493
0.00019223
-0.01261592
0.0054406
0.00550865
-0.00690798
-0.00025433
-0.01090281
-0.00520202
-0.00275545
-0.00105557
-0.00448874
-0.00592408
0.00363093
-0.0055005
-0.02283065
-0.00397451
0.00168321
-0.01096022
0.00519743
-0.00897661
-0.00690347
0.00112497
-0.00208018
-0.00777814
-0.01476339
#999
-0.02076851
-0.00834788
-0.00501684
-0.00060422
-0.00569074
#999
-0.0023282
-0.00335271
0.00449944
#999
-0.00527362
-0.00178168
-0.00484898
-0.0084598
-0.00683797
0.00502084
-0.01202153
-0.00201661
0.00457345
-0.00462601
-0.00500558
-0.00574797
0.00038308
0.00555358
-0.00536885
0.00435514
#999
-0.01022505
0.00111344
#999
-0.01463775
0.0002563
-0.00330285
-0.01229002
0.0106266
-0.00261305
-0.01098974
-0.01241751
-0.00944447
-0.00085029
-0.01008304
-0.00461223
0.00477351
-0.00875301
-0.00660776
-0.00613801
-0.00158697
0.00233548
-0.01550302
0.0009663
#999
0.00235548
-0.00789926
-0.00416165
-0.004857
-0.00112012
-0.02268481
-0.01347649
-0.00985848
-0.00778994
-0.0052799
-0.00993776
-0.00291169
-0.00502197
