#Average flux [c/s]: 3255.2090859562963
#                                   T_start= 0 s
#                                   T_end= 1 s
#                                   CCF campionation= 1e-6 s
#                                   Fit amplitude= 111 s
#                                   Variable bin size= 10 ph/bin
0.00547
0.00862
0.07112
0.18732
0.07127
0.12568
-0.01172
-0.14922
0.12797
0.04447
0.05083
0.04809
0.05471
-0.17072
0.12642
0.11539
0.07272
0.01049
-0.00349
0.04374
-0.02991
0.18304
0.05954
0.12671
0.07418
0.04802
0.06787
0.18256
0.00664
0.05546
0.06615
0.05506
0.17113
0.12389
0.26146
0.10002
0.09312
0.06911
0.2891
0.17716
0.18953
0.29144
0.11915
0.1844
-0.02983
0.05415
0.01434
0.13056
0.11232
0.14746
0.19588
0.08622
0.11441
0.14445
0.12687
0.03093
-0.02819
0.01697
0.11952
0.04131
-0.14657
0.0863
0.04676
0.08548
0.07085
0.18696
0.12886
-0.02565
0.4007
0.08235
0.07004
0.03886
0.05052
0.12454
0.01072
0.11338
0.07254
0.12811
0.18083
0.08313
0.19188
-0.00242
0.11516
0.07293
0.08382
0.08601
-0.06783
0.12876
0.03743
0.13101
0.11364
-0.06624
-0.15008
0.11186
0.07316
-0.027
0.00488
0.11523
0.05277
-0.05013
