#Average flux [c/s]: 14885.42900968326
#                                   T_start= 0 s
#                                   T_end= 1 s
#                                   CCF campionation= 1e-6 s
#                                   Fit amplitude= 111 s
#                                   Variable bin size= 10 ph/bin
-4e-05
0.00016
1e-05
-4e-05
8e-05
3e-05
-3e-05
-6e-05
-1e-05
2e-05
-2e-05
-9e-05
3e-05
0.00019
-1e-05
-7e-05
-7e-05
-0.00012
0.0001
-0.0001
-4e-05
-7e-05
9e-05
0.00011
1e-05
-0.00016
8e-05
3e-05
-1e-05
4e-05
0.0
0.00012
-1e-05
5e-05
6e-05
0.00012
0.0
-0.00016
0.0001
-1e-05
3e-05
0.0001
-0.00016
-5e-05
-7e-05
-8e-05
2e-05
-1e-05
0.00014
-0.00014
-2e-05
7e-05
1e-05
-6e-05
-5e-05
-3e-05
-0.00016
-3e-05
-0.00011
0.0
-0.00023
4e-05
-0.00011
0.00018
6e-05
-4e-05
0.0001
6e-05
-0.0001
-0.0002
-3e-05
0.00025
-6e-05
-1e-05
2e-05
0.0
-3e-05
2e-05
1e-05
3e-05
-9e-05
-0.00016
3e-05
0.00011
-6e-05
3e-05
0.00023
-9e-05
9e-05
7e-05
0.0
0.00012
-3e-05
-6e-05
-4e-05
-2e-05
-4e-05
-0.0001
0.0
0.0
