#Average flux [c/s]: 3708.3345375300737
#                                   T_start= 0 s
#                                   T_end= 1 s
#                                   CCF campionation= 1e-6 s
#                                   Fit amplitude= 111 s
#                                   Variable bin size= 10 ph/bin
0.00037
4e-05
0.00116
0.00065
0.0
-0.00158
-0.00123
-8e-05
0.00029
0.00181
-0.00086
0.0013
0.00155
-0.0004
0.00041
-0.00021
-0.00021
-3e-05
0.00028
-0.00086
0.00091
-1e-05
-0.00234
2e-05
0.00021
0.0006
-0.00013
0.00023
-0.00165
-0.00143
0.00056
-0.00085
-0.00061
-0.00045
-0.00023
-0.00065
-0.00154
0.00022
6e-05
-0.00032
-0.0014
-0.00092
-0.00122
0.00086
-0.00095
3e-05
-0.18356
-2e-05
0.00087
-0.00114
0.00122
0.00056
8e-05
0.00112
5e-05
0.00024
-0.00041
0.00121
-0.00091
-0.0006
0.00052
-0.00025
-0.00078
-0.0012
-0.00067
0.00074
0.00146
-0.00011
0.00098
-0.0015
-0.00025
0.00039
0.00182
0.00067
0.00027
0.00108
0.00036
0.0001
-0.00042
0.00111
4e-05
-0.00015
-0.00021
0.00056
0.00096
-0.00055
0.00144
0.00015
9e-05
0.00074
0.00256
0.00079
0.00045
-0.00064
0.00165
4e-05
-0.00181
0.00048
0.00111
-0.00121
