#Average flux [c/s]: 5067.710892251406
#                                   T_start= 0 s
#                                   T_end= 1 s
#                                   CCF campionation= 1e-6 s
#                                   Fit amplitude= 111 s
#                                   Variable bin size= 10 ph/bin
-6e-05
0.00019
0.0002
0.00056
-3e-05
-8e-05
0.00026
-0.00043
-0.0004
-0.00031
0.00076
0.0003
0.00024
0.00048
7e-05
-7e-05
-0.00027
0.0006
0.00037
0.0003
-0.00013
-0.00026
-7e-05
-0.00153
-0.00027
0.00079
0.00094
0.0008
-0.00015
-0.00029
0.00036
0.00024
0.00013
-0.00027
-8e-05
0.00065
-0.00032
0.00051
-0.00027
-0.00038
0.00025
-0.00065
5e-05
4e-05
6e-05
3e-05
-0.00057
0.00061
-0.00023
-0.00041
-0.00055
0.00028
-7e-05
0.00044
-0.00048
-0.00021
-0.00035
-0.00034
0.00012
0.001
0.00051
0.0002
8e-05
-0.00035
-0.00012
9e-05
-0.00017
0.00023
0.00021
-0.00037
0.00015
0.00059
-0.00037
-0.00017
-0.00032
-3e-05
-0.00064
0.00046
0.00017
0.00029
-0.00023
-0.00054
-0.00033
0.00013
-0.00028
-0.00027
0.00028
0.00031
0.00038
-0.0006
0.00052
0.00055
8e-05
-0.00031
-0.00051
-0.00029
0.0
-0.00039
-0.00043
-0.00058
