#Average flux [c/s]: 16093.763547213332
#                                   T_start= 0 s
#                                   T_end= 1 s
#                                   CCF campionation= 1e-6 s
#                                   Fit amplitude= 0.1 s
#                                   Variable bin size= 10 ph/bin
#999
-0.003286
0.00606158
#999
0.00287398
0.00485198
0.00465237
-0.00497462
-0.00530976
-0.00419832
0.0029191
0.00111825
-0.00244655
#999
-0.00540455
-0.01282657
-0.0025311
-0.00332269
-0.00870765
0.00175248
-0.00977167
-0.00485209
-0.00555503
0.00107375
-0.00386893
0.00468287
-0.00359371
0.00666303
0.00245901
0.00272478
-0.00748598
-0.0077603
-0.0071241
0.00087334
0.00171438
-0.00461403
-0.00285488
-0.01388675
#999
-0.00537428
-0.00275285
-0.00944782
-0.01038084
0.00523114
0.00440672
0.00234959
0.00842414
-0.00179349
0.00316951
0.00481442
0.00350478
0.00593607
0.0014893
0.00011824
-0.00675486
0.00715979
0.00424571
0.00493724
0.00188491
-0.00094805
-0.00850477
0.00333636
-0.00025511
-0.00548123
-0.00805352
0.00173182
-0.00427647
0.00653409
0.00105493
-0.0058782
3.057e-05
-0.01007515
-0.00900045
0.00989739
0.00428497
0.00293495
0.00305253
0.01087944
0.00992848
#999
0.00049356
0.00934166
0.00899596
-0.00181474
0.00127536
-0.0003348
-0.00473989
0.01913809
-0.00025959
0.01107868
-0.00583739
-0.00149102
0.00581819
0.00302422
-0.00354514
0.00381437
0.00606333
0.00409421
0.00403548
0.00314582
