#Average flux [c/s]: 7031.254515737777
#                                   T_start= 0 s
#                                   T_end= 1 s
#                                   CCF campionation= 1e-6 s
#                                   Fit amplitude= 0.1 s
#                                   Variable bin size= 10 ph/bin
-0.01005456
-0.01996105
0.00445876
-0.00245913
0.00351579
-0.0095069
-0.01797842
0.00850972
-0.00149194
-0.00534128
-0.01852438
-0.01065892
0.00491971
-0.0296571
-0.02950287
0.10179461
-0.00157309
-0.0147771
-0.0201794
0.02229118
#999
0.01586379
0.00161668
#999
0.01118258
-0.02213957
0.00533765
-0.0131115
#999
-0.01670664
-0.02222882
0.00750579
-0.00979993
-0.01743856
-0.02257715
0.00059504
0.00172086
0.0073664
-0.00227197
-0.01162296
0.00223838
0.01425588
0.02377112
-0.01934049
0.00114852
-0.00872559
-0.02406099
-0.00675714
-0.01395996
-0.00104414
-0.00085335
0.01007205
-0.00351303
-0.02461971
0.01132266
-0.00290089
-0.0040449
-0.01447703
-0.01402016
-0.00935809
0.00299681
-0.00488618
-0.02709498
#999
0.00507688
-0.14963626
-0.02905851
-0.10851882
0.01200905
0.01135787
-0.02078019
-0.01177243
-0.02087596
-0.02348142
0.0407198
-0.01052357
-0.02014716
-0.00705227
-0.0132616
0.01311439
-0.02586914
0.00562781
-0.02140523
-0.01181512
-0.00369444
-0.00206077
-0.00607488
0.00636949
-0.00397245
-0.00274452
-0.03027497
0.01005181
-0.00889605
-0.00789705
-0.00613386
0.04876048
0.00299617
0.00405828
-0.03854392
-0.01053739
