#Average flux [c/s]: 14281.26174091822
#                                   T_start= 0 s
#                                   T_end= 1 s
#                                   CCF campionation= 1e-6 s
#                                   Fit amplitude= 0.1 s
#                                   Variable bin size= 10 ph/bin
-0.00841489
-0.0071048
0.00584215
0.00431169
0.00138003
0.00510288
-0.00136383
-0.00222269
-0.00347401
0.0002396
-0.00120319
0.0091936
-0.01231309
0.00218505
-0.00695698
-0.00551659
-0.00404199
0.01310498
#999
-0.00997692
0.00639646
0.00149163
0.00996369
0.00484456
-0.00173829
-0.00585305
0.0043742
-0.00206366
0.00698893
-0.01217805
-0.0019203
-0.0080426
-0.01027361
0.0036281
0.0006199
0.001702
-0.00311614
-0.00112834
0.00057366
-0.00629603
0.00954994
0.01300856
-0.00142721
-0.00513337
0.00897362
-0.00472111
0.00929207
-0.00482675
0.00702759
0.00470312
0.00461479
0.00024958
-0.00071643
-0.00594443
-0.01013204
0.0070961
-0.00226254
0.00888598
0.0090735
0.00338888
-0.00199769
0.01401044
-0.0028948
-0.01199221
0.00337705
0.00208171
0.00606259
-0.00863482
-0.00601819
-0.00107961
-0.00538487
-0.00147126
-0.01010406
0.00017362
0.0021195
0.00695836
0.00206583
0.00538869
-0.00240445
0.01118993
0.00408559
-0.00307842
-0.00821416
-0.00452634
-0.00438516
0.00016527
0.00334595
-0.00096885
0.00310865
-0.00158339
0.00275053
0.00341158
0.00670852
-0.00100908
-0.0110627
0.01978147
-0.00491767
-0.00615632
-0.00705948
0.00073713
