#Average flux [c/s]: 17000.014450360886
#                                   T_start= 0 s
#                                   T_end= 1 s
#                                   CCF campionation= 1e-6 s
#                                   Fit amplitude= 0.1 s
#                                   Variable bin size= 10 ph/bin
-0.00391304
0.0053425
0.00470287
-0.01512985
-0.00868134
-0.00275281
0.00542398
0.00285167
-0.00890295
-0.00490443
-0.00201687
0.00241091
-0.00305341
0.00992924
-0.0059952
0.00101992
-0.0025778
-0.0062106
0.01123718
0.00429782
0.00053895
0.01320089
-0.00429396
-0.00326535
-0.00268024
0.00555045
-0.0081036
0.00209738
0.00079299
0.00063739
0.00338458
0.0007175
-0.00413612
0.00549673
0.00303204
0.00020398
0.00647843
0.00459457
-0.00615328
0.00202265
0.00228707
0.00103547
-0.00934438
-0.00664038
#999
-0.00186238
-0.01008233
0.00603587
0.0020458
0.0022641
-0.0143421
-0.00161495
-0.00303916
-2.09e-05
0.00549491
0.00812796
-0.00139199
0.00628504
0.00726092
-0.00072265
-0.0004151
0.01253609
-0.00355769
0.00738244
-0.00374628
-0.00514299
-0.00726818
-0.00024198
-0.00529707
-0.00774155
0.00431235
-0.0061716
-0.00239414
0.00281796
0.00791949
-0.00063031
-0.00622039
-0.00222704
-0.00311363
-0.00630284
-0.00090951
-0.00494618
0.00175282
0.00353092
0.00250699
0.01427732
-0.00556419
-0.00017672
0.00845068
0.00026078
#999
-0.00223036
-0.00825393
0.00113013
-0.0085573
-0.00207121
-0.00078378
-0.00564332
-0.00550897
-0.00775444
