#Average flux [c/s]: 6427.08724697274
#                                   T_start= 0 s
#                                   T_end= 1 s
#                                   CCF campionation= 1e-6 s
#                                   Fit amplitude= 111 s
#                                   Variable bin size= 10 ph/bin
0.00019
2e-05
4e-05
0.00026
0.00034
-3e-05
9e-05
-6e-05
9e-05
1e-05
-0.0005
-6e-05
-0.00047
-0.00021
6e-05
0.00017
6e-05
-1e-05
0.00044
-0.00017
-0.0001
-0.00017
0.00014
0.00018
0.00024
-0.0004
5e-05
-0.0001
0.00054
-0.00013
-8e-05
0.00034
0.00035
9e-05
-0.00027
-0.00031
0.00025
0.00023
-0.00071
7e-05
-5e-05
-0.00027
0.00013
-6e-05
3e-05
6e-05
7e-05
7e-05
-0.00022
0.0002
-9e-05
-0.00023
-0.0006
-0.00014
0.00028
0.00082
0.00027
5e-05
-0.00042
7e-05
-8e-05
-4e-05
-8e-05
-4e-05
-0.00026
-0.00022
5e-05
-0.00024
-0.00069
-3e-05
0.00014
0.0001
0.0
-3e-05
-0.0001
0.00029
0.0003
0.0003
-0.00035
4e-05
-0.00026
-1e-05
-0.00029
-0.00055
0.0002
0.0001
0.00033
-0.00026
0.00021
9e-05
0.00021
-0.0006
0.00013
0.00016
0.00026
-0.00021
6e-05
-0.0001
0.00027
0.00022
