#Average flux [c/s]: 3859.3763547213325
#                                   T_start= 0 s
#                                   T_end= 1 s
#                                   CCF campionation= 1e-6 s
#                                   Fit amplitude= 111 s
#                                   Variable bin size= 10 ph/bin
-0.08135
0.02838
0.12862
0.0102
-0.02586
-0.02531
-0.26671
0.13045
-0.03194
-0.03424
0.14493
0.00707
0.07764
0.07925
0.10695
0.0016
0.12127
-0.03225
0.08032
-0.12051
-0.1267
0.0003
0.07855
0.07502
0.11952
0.01201
0.08069
0.12492
-0.16919
0.07714
0.01355
0.07564
0.12412
0.08063
-0.12768
-0.0205
-0.01549
-0.02574
-0.0298
0.1461
0.12241
0.00953
0.07806
-0.12826
0.07926
0.1226
0.12478
0.07987
0.07955
-0.00363
0.06085
-0.12863
-0.02195
-0.02429
0.07748
0.0791
0.24009
-0.06843
-0.17486
0.07884
0.0777
0.07966
-0.02555
0.0795
-0.00227
0.07986
0.17397
-0.12331
0.07961
0.10251
-0.17929
0.12168
-0.02011
0.02861
0.07937
0.11985
-0.02012
0.07839
-0.0221
0.02745
0.05808
0.04888
-0.17429
0.07966
0.0796
0.10706
0.12115
0.02775
-0.02711
0.05335
0.02037
0.07763
0.09099
0.12715
-0.02207
-0.06577
-0.07846
0.12485
0.12424
-0.22253
