#Average flux [c/s]: 5973.961795398962
#                                   T_start= 0 s
#                                   T_end= 1 s
#                                   CCF campionation= 1e-6 s
#                                   Fit amplitude= 0.1 s
#                                   Variable bin size= 10 ph/bin
0.00895645
-0.0247261
0.03074377
-0.01553678
0.01486562
0.01345357
-0.01059424
-0.01900177
0.00742909
-0.00453951
-0.01205294
-0.0067323
0.01968814
0.01389157
0.02668951
-0.01276671
-0.01157553
-0.0034423
0.04118316
0.00385522
0.00226099
0.02058589
0.00106039
0.02641091
-0.1177304
-0.01044024
-0.00052844
#999
-0.01085902
-0.00167689
0.00974926
-0.00200221
-0.01735333
0.00657577
-0.01578463
-0.00134873
0.0068146
6.146e-05
-0.0028157
-7.177e-05
0.01615212
0.02018463
0.0010604
0.02003792
-0.00989954
0.00783254
-0.00363931
0.01529609
0.0200393
-0.01260302
0.07522122
0.02455285
0.04029618
0.00802648
-0.03512014
0.01199292
0.02118411
0.02080519
0.01032104
-0.01863107
0.0095902
0.02775319
-0.01550254
0.00942588
0.01116476
0.01487287
-0.00411442
0.00910953
-0.0177849
0.01695882
0.00889329
-0.00568888
-0.00627978
-0.01249726
0.00721212
-0.01993554
-0.00456866
-0.0212147
0.00493968
0.01844618
0.00412393
0.04123714
-0.00449249
0.00044917
0.00424427
-0.01047573
-0.01965803
-0.00610327
-0.03304529
0.00980808
0.00985439
0.00755628
-0.00026369
0.03365294
0.02705285
-0.00253045
0.03351295
0.02859978
-0.02261962
0.027333
