#Average flux [c/s]: 5822.919978207703
#                                   T_start= 0 s
#                                   T_end= 1 s
#                                   CCF campionation= 1e-6 s
#                                   Fit amplitude= 111 s
#                                   Variable bin size= 10 ph/bin
-0.05631
-0.05773
-0.02665
-0.03422
-0.02544
0.10265
0.06162
-0.02538
-0.03814
-0.05566
-0.03351
-0.00035
0.06611
-0.04338
-0.07149
0.00568
0.00628
0.09361
0.01751
-0.04464
-0.04253
0.08822
-0.05612
0.01115
0.00283
-0.02744
0.06674
0.01288
0.01565
-0.03889
-0.04642
-0.041
0.01417
-0.04685
0.08129
-0.04322
-0.03449
-0.04303
-0.05822
-0.04536
-0.04742
0.06233
-0.04293
0.01165
0.07359
-0.05651
-0.0312
-0.04702
0.07608
0.00065
-0.04456
0.026
0.01696
0.07608
-0.04355
0.00524
0.01259
0.00408
-0.02905
-0.04391
0.01202
-0.04359
-0.07314
-0.05452
-0.05399
-0.03516
-0.043
0.06385
0.0028
-0.0483
-0.02939
-0.1212
-0.0292
-0.11074
0.00775
0.06637
-0.07832
-0.02569
0.01367
-0.0724
0.024
0.00382
-0.04745
-0.04668
-0.04587
0.02615
0.01118
-0.03452
0.06472
-0.02496
-0.05508
-0.03175
-0.05567
-0.04565
-0.00768
-0.04079
0.10078
-0.05735
-0.05509
0.00573
