#Average flux [c/s]: 5067.710892251406
#                                   T_start= 0 s
#                                   T_end= 1 s
#                                   CCF campionation= 1e-6 s
#                                   Fit amplitude= 0.1 s
#                                   Variable bin size= 10 ph/bin
0.11320555
0.00417867
-0.05800438
#999
-0.04102975
#999
0.05315607
0.01569882
0.09101751
0.08798433
0.18611873
0.02148568
0.10403292
0.1968329
#999
0.18401959
0.03681184
-0.00147148
0.0106698
0.0116385
0.00710487
0.19076687
-0.04911644
0.03128516
0.03301609
0.00100744
-0.00297036
-0.05505789
0.06909262
-0.01008759
0.04527646
-0.00750754
0.03136765
-0.01407812
0.03499927
#999
-0.00307637
-0.05532887
0.06041272
0.01970301
-0.03615999
0.02461489
0.02387052
0.01678305
-0.01823048
0.01110862
-0.00927005
0.03510474
0.03546683
0.02580323
0.05726148
-0.12387573
0.10368693
0.00498831
-0.10055636
-0.13481182
0.07520756
-0.00856978
0.00419652
-0.04102538
0.01842087
0.02103408
-0.01590735
-0.11093049
0.07843577
0.008572
0.00351564
0.03731912
0.0209866
-0.06461867
0.25596323
0.01954398
-0.1991719
0.10984268
0.05059559
-0.02115335
0.01992312
0.10082217
-0.09261653
-0.05152708
0.0029724
0.07825552
0.07505335
0.07908173
0.00227781
0.02901272
0.10073137
0.00155343
0.0660412
0.04819892
0.09569813
0.01868644
-0.00683036
0.01763912
0.03052047
0.0267637
0.01281594
-0.01407006
0.0587686
0.0282751
