#Average flux [c/s]: 10505.216311136739
#                                   T_start= 0 s
#                                   T_end= 1 s
#                                   CCF campionation= 1e-6 s
#                                   Fit amplitude= 111 s
#                                   Variable bin size= 10 ph/bin
6e-05
-2e-05
6e-05
-0.00017
9e-05
-0.00027
-7e-05
-0.00015
-7e-05
-0.00022
7e-05
1e-05
1e-05
0.00021
0.0
-0.00015
-0.00017
-6e-05
2e-05
0.00011
0.00014
-0.0001
-0.00013
8e-05
-0.00015
9e-05
-8e-05
-0.00014
0.0001
-5e-05
-0.00015
-0.00039
-0.00031
0.00016
0.00014
-0.00027
-0.00011
0.00012
1e-05
7e-05
-1e-05
8e-05
-0.00012
3e-05
-0.00021
-0.00011
5e-05
-0.00021
7e-05
-7e-05
-0.00032
6e-05
5e-05
-0.00012
-0.00013
-0.00018
-4e-05
-6e-05
7e-05
-0.00018
0.00028
0.0002
0.00021
-6e-05
-8e-05
-0.00025
-0.00047
-0.00016
-0.00012
-1e-05
-5e-05
-7e-05
4e-05
8e-05
-0.00025
-0.00012
0.00015
-0.00013
0.00017
0.00013
-2e-05
0.00017
-9e-05
0.00022
5e-05
-3e-05
-0.00011
0.00021
0.00025
1e-05
2e-05
0.00018
-0.00012
-0.00021
0.00023
4e-05
6e-05
6e-05
0.00011
-0.00016
