#Average flux [c/s]: 16546.88899878711
#                                   T_start= 0 s
#                                   T_end= 1 s
#                                   CCF campionation= 1e-6 s
#                                   Fit amplitude= 111 s
#                                   Variable bin size= 10 ph/bin
0.00631
0.03273
0.0512
0.00071
0.0132
-0.00056
-0.00101
0.05898
-0.01758
-0.00087
0.00295
0.05111
0.04356
-0.00198
0.05106
0.0509
0.01268
0.00778
0.00746
0.01311
0.05163
0.02793
0.04379
-0.00195
0.04285
-0.0033
0.00937
0.01351
0.0425
-0.01793
-0.00807
0.00776
0.01338
0.01369
-0.00108
0.05111
-0.0005
-0.00255
-0.00068
0.01266
-0.00488
-0.00203
0.00813
0.00836
0.01228
0.0515
-0.00253
-0.01219
-0.01227
0.01083
0.01446
0.05153
0.01348
0.03207
-0.00131
-0.00219
0.01327
0.0518
0.0516
0.01366
0.05126
-0.00071
0.0512
-0.00196
-0.01641
0.0289
0.02109
0.05136
-0.00102
0.0224
0.01211
0.05111
-0.01827
0.01224
0.02851
-0.00023
0.05059
0.01375
-0.00231
0.03604
0.03037
-0.00238
0.01147
-0.00074
0.05068
0.01329
-0.00276
0.01214
0.0318
0.05118
-0.01253
-0.00156
0.01747
0.01377
0.00827
-0.02551
-0.00341
0.00836
0.01294
0.01786
