#Average flux [c/s]: 13677.094472153185
#                                   T_start= 0 s
#                                   T_end= 1 s
#                                   CCF campionation= 1e-6 s
#                                   Fit amplitude= 111 s
#                                   Variable bin size= 10 ph/bin
3e-05
-6e-05
3e-05
-0.00011
-0.0001
-0.0001
7e-05
7e-05
-0.00018
6e-05
-0.00011
-7e-05
2e-05
-0.00012
-6e-05
1e-05
0.0
7e-05
-0.00014
4e-05
0.00015
0.00021
0.00018
0.00016
-7e-05
-0.00012
-9e-05
9e-05
-2e-05
1e-05
4e-05
0.00013
6e-05
0.00014
1e-05
0.00016
-4e-05
0.00015
0.00013
9e-05
4e-05
4e-05
-0.0001
4e-05
-2e-05
2e-05
-0.00011
0.00015
4e-05
0.00018
-7e-05
-4e-05
-0.0001
-3e-05
3e-05
-7e-05
-7e-05
-3e-05
-0.0001
-3e-05
0.00015
7e-05
0.00025
5e-05
-5e-05
0.00016
1e-05
3e-05
1e-05
-1e-05
-0.00011
-0.00013
0.00012
1e-05
-2e-05
0.0001
-8e-05
5e-05
-8e-05
3e-05
-7e-05
0.00019
0.00014
-5e-05
0.0
-0.00012
3e-05
-4e-05
0.0
0.0
-3e-05
-1e-05
0.00011
-0.0001
3e-05
5e-05
-5e-05
0.0001
0.00016
-1e-05
