#Average flux [c/s]: 3255.2090859562963
#                                   T_start= 0 s
#                                   T_end= 1 s
#                                   CCF campionation= 1e-6 s
#                                   Fit amplitude= 111 s
#                                   Variable bin size= 10 ph/bin
3e-05
-0.00054
0.00132
-0.0013
0.0004
-0.00024
-0.00022
-0.0012
-0.00083
-0.00095
-0.00044
-0.00015
-0.00078
-0.00052
-0.0005
0.00044
0.00155
-0.00054
0.00057
-8e-05
0.00211
-0.00053
0.00118
-0.00079
0.00088
-0.00022
0.00027
0.00115
-0.00052
-0.00047
0.0006
0.00201
0.0002
-0.00176
0.00052
0.00142
0.00154
0.00017
-0.00099
-0.0007
-0.00025
-0.00117
0.00082
0.00052
0.00124
-0.00026
-0.00027
-0.00102
-0.00111
-0.00117
-0.0022
-0.00055
0.00051
0.00078
-0.00055
-0.00115
-0.00022
0.00057
0.00018
-0.00123
-0.00026
-0.00122
0.00042
0.00076
0.00105
0.00043
0.00105
0.00158
0.00175
-0.00105
-0.00061
0.00133
0.00027
-0.0001
0.00034
6e-05
0.00148
0.00045
0.00054
0.00013
0.00153
0.00034
0.00017
0.00135
0.0002
0.00129
0.00134
0.00058
0.00072
0.00085
0.0001
-0.00017
-0.00036
0.00069
0.00172
-2e-05
-0.00062
8e-05
0.00064
-0.00063
