#Average flux [c/s]: 13526.052654961928
#                                   T_start= 0 s
#                                   T_end= 1 s
#                                   CCF campionation= 1e-6 s
#                                   Fit amplitude= 0.1 s
#                                   Variable bin size= 10 ph/bin
0.00835891
#999
0.01204955
0.02783884
0.01085444
0.0091187
#999
#999
0.01430715
0.00750073
0.00368965
0.00439118
#999
0.01173777
#999
0.01289949
0.01213892
0.00805175
0.00035853
0.0221055
0.02074324
0.01562362
-0.00226104
0.01291651
#999
-0.00816135
0.00988894
0.00964182
0.00428569
0.01696827
0.00696251
#999
0.00278578
0.00826806
0.00629125
0.0066259
0.00246685
#999
0.01588731
0.0165011
0.01390405
0.01014499
0.00270681
0.0050001
0.01459015
0.01101999
0.00624896
0.01354086
0.00939891
-0.00380816
0.01725105
0.00643337
0.00821081
0.01478074
0.01174378
-0.00043544
0.00628038
0.00230652
0.01274559
0.0164906
0.00909176
0.00592808
0.02035397
0.01001255
0.00497307
0.01123662
-0.00713489
0.00988377
0.00841122
0.01266069
0.01171306
0.02219427
0.00817455
0.00817301
0.00844838
0.01510528
-0.00145282
0.00264072
0.01754474
#999
0.00191005
0.00441834
0.00350338
0.01190604
-0.00764406
0.00094998
0.02034145
0.00530225
0.01058585
-0.00085562
0.01727208
0.00585861
-0.00251709
-0.00168594
0.00641623
0.00659196
-0.00404626
0.01200473
0.0188686
#999
