#Average flux [c/s]: 9750.007225180443
#                                   T_start= 0 s
#                                   T_end= 1 s
#                                   CCF campionation= 1e-6 s
#                                   Fit amplitude= 0.1 s
#                                   Variable bin size= 10 ph/bin
0.00520737
0.00840119
0.0223441
0.00498968
0.02102485
-0.01197712
0.01931675
0.00027853
0.03518032
0.00187906
0.00017487
0.01705799
0.01857393
0.00453408
0.00819865
0.00998464
-0.00339423
0.00403032
0.00166328
0.00419253
0.02522003
0.00312812
0.01554378
0.00553579
0.00238214
-0.00700059
0.03015364
0.01365025
0.02168284
-0.01067009
-0.01298098
0.01687003
0.01371637
0.00111446
0.03606518
0.0182957
0.01014664
0.00851848
0.00161588
0.00456916
0.00988604
-0.00474064
0.0328548
0.01153376
0.01273241
0.00354484
0.01212008
0.00532738
0.00148691
-0.00030169
0.02764392
0.00941096
0.02927264
0.01808169
0.02912777
0.00527094
#999
0.00564613
#999
0.00770143
0.01763745
0.00380477
0.00713473
0.0051233
0.01538113
0.00295963
0.01362872
0.01350269
0.00590938
0.00611401
-0.00031215
0.00522091
0.0094602
0.00971729
0.0219346
0.01086278
0.01474178
0.02463147
-0.00586924
0.00676566
0.00680982
0.00714001
0.0154573
0.01211671
0.01477743
0.00601209
0.00905258
-0.0005918
0.01981547
0.00798477
0.00494045
0.01504771
0.00355405
-0.0080041
0.01138525
0.00874165
0.00798837
0.01187214
0.00381165
0.00559367
