#Average flux [c/s]: 10354.17449394548
#                                   T_start= 0 s
#                                   T_end= 1 s
#                                   CCF campionation= 1e-6 s
#                                   Fit amplitude= 111 s
#                                   Variable bin size= 10 ph/bin
0.02592
0.0099
0.01137
0.00075
-0.02994
-0.00498
-0.04709
0.00681
0.02005
-0.06572
-0.01999
0.007
0.0005
0.014
-0.00514
0.0079
-0.00433
-0.04718
-0.02642
0.01545
0.00994
-0.04349
0.0137
-0.02873
-0.04057
0.00576
0.00136
-0.0289
-0.02964
-0.0531
-0.06977
-0.03681
-0.03915
0.00677
-0.0059
0.01228
-0.00032
0.00201
0.00846
-0.02735
-0.03818
0.01158
0.00863
0.02342
-0.02741
0.0066
-0.0249
0.00506
0.07396
0.0059
-0.00528
-0.04075
0.00145
-0.03871
0.00087
0.01267
-0.00507
-0.02341
0.01563
-0.04768
0.01218
-0.03494
-0.02643
0.01193
-0.06588
0.01122
0.01229
-0.02525
-0.02374
0.03135
-0.0111
-0.03913
0.00935
0.01467
-0.02402
0.01028
0.01607
-0.00589
0.00654
-0.05104
0.01409
-0.06892
-0.00041
-0.0056
0.00053
-0.03973
0.00622
-0.01815
0.01399
-0.02555
-0.02511
-0.00501
0.00076
0.01518
-0.01846
-0.02634
-0.02842
-0.05246
0.00848
-0.04024
