#Average flux [c/s]: 13979.178106535705
#                                   T_start= 0 s
#                                   T_end= 1 s
#                                   CCF campionation= 1e-6 s
#                                   Fit amplitude= 0.1 s
#                                   Variable bin size= 10 ph/bin
0.00516228
-0.00066007
0.00734851
-0.00074532
0.00656182
-0.00310883
0.01419303
-0.0020312
0.00552872
-0.00170674
0.00202483
0.01098114
0.00502925
-0.00356706
-0.00247988
0.00096937
-0.00439535
-0.00072884
-0.0050863
0.00458276
#999
0.00087149
-0.00333295
0.00355441
0.00301995
0.00456914
0.00219226
-0.00788255
0.00127357
-0.00455397
-0.00313876
0.00911469
-0.00860072
0.00128768
-0.00015973
0.00159813
0.00388536
-0.00266288
-0.0065381
-0.0007925
0.00354148
0.01275679
-0.00254078
0.00808422
-0.00132305
0.00365081
0.00181458
0.00691681
-0.00600403
0.00311746
-0.00123156
-0.00295188
-0.00685186
-0.00791062
0.00344945
4.066e-05
-0.00296489
0.00684613
-0.00411299
0.00328466
0.00702173
0.00458677
-0.00646866
-0.00776506
0.00789607
-0.00628702
0.00565369
-0.00104363
-0.01028733
-5.979e-05
-0.01787548
0.00382831
-0.00865898
0.00433052
0.00020532
-0.00143836
-0.00432045
0.00694975
-0.00742425
-0.0059365
0.00454285
-0.00518049
0.00138968
-0.00815809
-0.0033108
0.00511653
-0.00490307
-0.01022654
0.00556709
-0.003657
0.00256469
0.00292051
0.00424801
0.00194013
-0.00645524
0.00367902
0.00152619
-0.00504572
-0.00508933
0.00625671
