#Average flux [c/s]: 13375.010837770667
#                                   T_start= 0 s
#                                   T_end= 1 s
#                                   CCF campionation= 1e-6 s
#                                   Fit amplitude= 0.1 s
#                                   Variable bin size= 10 ph/bin
-0.00105625
0.00493418
0.00127692
0.01481876
-0.00958478
-0.00283616
-0.00804189
0.0095999
0.0082055
-0.00735623
-0.01035671
-0.02117538
-0.00561063
0.00697266
-0.00405016
-0.00021912
0.01247232
-0.01092596
-0.00471442
0.00436267
0.00548007
-9.582e-05
-0.00790936
0.01437828
0.00263281
0.00533521
-0.01083086
0.0124283
-0.00571483
-2.292e-05
-0.00221358
0.00212169
0.00306043
0.00694737
0.00211656
0.00701947
9.411e-05
0.00102057
-4.665e-05
-0.01456233
0.00175661
0.01545905
0.01005877
-0.0033646
-0.00616275
0.00298571
0.00438128
-0.01050457
-0.00359313
0.00159013
0.01072831
-0.00199537
0.00457275
0.01173904
0.00890117
0.00637834
-0.00051947
0.00039887
0.00404533
-0.01460192
-0.01292894
0.00596906
0.00862762
0.00978448
-0.00114524
0.0008436
-0.00465744
-0.01200332
-0.00381381
-0.01689624
-0.0015419
0.00520586
0.00956606
0.00171656
-0.0056831
0.00514804
-0.00137171
-0.00492032
-0.00763059
-0.00588187
-0.0002659
-0.00779571
0.00827452
-0.00607569
-0.00409318
-0.0006876
0.007474
0.00933268
-0.00698759
-0.00113414
-0.00709565
0.00061806
-0.00145856
-0.00112028
-0.00290858
-0.01539491
-0.00677168
-0.0114224
-0.01201506
-0.01210818
