#Average flux [c/s]: 5520.836343825185
#                                   T_start= 0 s
#                                   T_end= 1 s
#                                   CCF campionation= 1e-6 s
#                                   Fit amplitude= 111 s
#                                   Variable bin size= 10 ph/bin
-0.0207
-0.00882
-0.02975
-0.06217
0.00773
-0.06605
-0.0547
0.03109
0.06372
0.0657
-0.01071
0.0135
0.01612
0.02364
-0.02945
0.00141
-0.10985
0.0303
-0.00695
-0.0362
0.07207
0.01634
0.02196
-0.04915
-0.05941
-0.03179
0.01572
0.06681
0.05215
-0.0456
0.01649
0.00894
0.05515
-0.02168
-0.02745
0.00265
0.06262
0.01211
-0.06478
-0.00614
0.10439
-0.06541
-0.03344
-0.01663
-0.126
-0.02914
0.01448
-0.00034
-0.06793
0.00982
-0.00633
0.04405
-0.05321
-0.11093
0.00131
0.02259
-0.03174
-0.00986
-0.01527
-0.06877
0.07065
0.02822
-0.0115
0.03198
0.03602
-0.05871
0.06539
0.01133
-0.00871
0.07708
-0.00553
-0.03187
-0.00205
-0.00975
-8e-05
0.04179
0.04198
0.00078
-0.00807
0.10575
0.03583
0.05929
-0.0356
-0.02119
0.01001
-0.07046
-0.01002
0.01054
0.06537
0.03037
0.01074
0.06389
0.03012
0.016
-0.01107
-0.00034
0.06365
0.07821
-0.00872
0.03202
