#Average flux [c/s]: 15640.638095639553
#                                   T_start= 0 s
#                                   T_end= 1 s
#                                   CCF campionation= 1e-6 s
#                                   Fit amplitude= 111 s
#                                   Variable bin size= 10 ph/bin
-0.0051
-0.00231
-0.00146
-0.01303
-0.03534
-0.02414
-0.01317
-0.00623
-0.00663
0.01449
-0.00552
-0.0146
-0.00591
-0.0146
-0.00793
-0.0063
0.01834
-0.00523
0.01324
-0.00626
-0.01444
-0.01406
0.01184
-0.02659
-0.00589
-0.01353
-0.03273
0.0191
-0.00666
-0.02593
-0.01486
-0.00715
-0.01306
0.04678
-0.0152
0.03733
-0.03869
-0.01096
0.00198
0.00556
-0.00607
0.03823
-0.0059
-0.00622
-0.01448
-0.01497
-0.00704
-0.01447
-0.00729
-0.01519
-0.01396
-0.00596
-0.01137
-0.03862
-0.00387
-0.00704
-0.01489
0.00137
-0.00234
-0.01097
-0.00682
0.03737
-0.00764
0.00763
-0.02646
-0.0197
-0.00619
-0.0198
-0.0056
-0.00721
-0.0067
-0.0367
-0.0143
-0.02061
-0.00592
-0.00695
-0.00543
-0.00407
-0.0058
-0.00623
0.02486
-0.0246
-0.00141
-0.00679
-0.00653
-0.00572
-0.00558
-0.00528
0.02458
-0.02508
-0.01968
-0.00646
-0.03778
-0.00658
0.00666
-0.04129
-0.00571
0.00853
-0.00694
-0.00501
