#Average flux [c/s]: 5520.836343825185
#                                   T_start= 0 s
#                                   T_end= 1 s
#                                   CCF campionation= 1e-6 s
#                                   Fit amplitude= 0.1 s
#                                   Variable bin size= 10 ph/bin
0.08305264
-0.00604992
-0.01216909
-0.00038659
0.06966814
0.00085466
0.00016825
-0.01674922
0.00029454
0.01377754
0.02510001
-0.00232762
0.00762967
0.03912583
-0.00025097
-0.09177682
0.05351446
-0.00020883
-0.18586151
0.00332721
-0.0010544
0.00910727
0.00175174
-0.08366607
-0.00023681
0.07627399
-0.00043021
-0.03461333
0.00031696
-0.00014258
0.0237663
0.00381218
0.00191533
-5.053e-05
0.07416261
0.00098331
-0.00411905
0.00047191
2.48e-06
0.00028628
-0.00036916
0.00027196
0.08980502
-0.00162803
-0.01307595
-0.02190383
-0.0006759
-0.06409177
0.00011687
0.0940235
-0.00072974
0.0006205
0.01372012
0.00017089
0.00056304
0.00025499
-0.00151882
0.00029935
-0.00014674
0.10087982
-0.01048902
-0.00027306
0.02538529
0.0193787
0.07583214
0.00120154
0.00066612
0.00014538
-0.01038929
0.00906631
0.00423281
-0.00018038
0.00102156
-0.0006016
-7.791e-05
0.01087791
-0.00509185
0.00102012
-0.00025112
-0.00087019
-0.00017968
-0.00674003
-0.01469466
0.00062252
-0.02628414
-0.0006752
0.06268475
-0.00023424
-0.03135342
0.00327109
0.02061374
0.01684013
-0.02576738
-0.01505887
-0.00134292
0.06593386
-0.00409932
0.01923175
-0.00078516
0.00107412
