#Average flux [c/s]: 12770.843569005629
#                                   T_start= 0 s
#                                   T_end= 1 s
#                                   CCF campionation= 1e-6 s
#                                   Fit amplitude= 0.1 s
#                                   Variable bin size= 10 ph/bin
-0.00069769
0.00417747
-0.00860048
0.00952108
0.00213139
0.00355314
-0.01236279
0.00656266
0.00387313
0.0086922
-0.00613902
0.01500404
0.00644582
-0.00162829
-0.01264863
-0.00615555
0.00380066
-0.01130192
0.00887944
-0.00070597
0.00386737
-0.00353303
-0.00320024
-0.00069364
-0.00810907
-0.00715675
0.01005523
0.00077604
0.00899022
0.00426186
0.00214927
0.00982272
-0.00656654
-0.00412744
-0.00378776
-0.00299178
0.00567562
0.00186403
3.9e-07
0.00274895
0.00155868
0.01176036
-0.00757892
-0.01416297
-0.01051225
0.0118587
0.00955781
0.0137885
-0.00835668
-0.00352467
-0.00921462
0.0041772
-0.01382102
-0.00422458
0.00574685
0.00711268
0.01468039
0.00508103
-0.00358181
0.00465573
0.01239716
0.00506969
-0.00785848
0.00138708
-0.00353149
-0.00336981
-0.00076704
-0.0035117
-0.00522787
0.00830533
0.00399945
0.00333437
0.00951666
-0.00334817
0.00947525
0.00968441
0.02180467
-0.01456369
0.00556445
0.01015867
-0.01133998
0.0119854
0.00972639
-0.01202699
-0.00154357
0.00469833
0.00953927
-0.00840271
-0.01697879
-0.00785222
-0.00249455
0.00175547
0.01195827
-0.00526175
-0.00521323
-0.0074858
-0.00480665
0.00808822
0.00165525
-0.00504299
