#Average flux [c/s]: 9296.881773606667
#                                   T_start= 0 s
#                                   T_end= 1 s
#                                   CCF campionation= 1e-6 s
#                                   Fit amplitude= 0.1 s
#                                   Variable bin size= 10 ph/bin
0.02632492
-0.00576902
0.0002571
-0.00014716
-0.00335538
0.01551251
-0.00868044
0.0042119
0.01241101
0.00032096
-0.00231895
0.00176469
0.00229609
0.02279883
-0.00790267
-0.01778593
-0.00612114
-0.0026364
-0.01900649
0.00735307
0.00556802
-0.00728322
-0.00755118
0.00267459
-0.00393868
-0.01322697
0.00779468
-0.00071399
0.01202446
-0.00268288
0.0101914
0.00243686
0.01548933
0.00512278
-0.00443091
-0.00230336
0.01004405
0.01524185
-0.01081354
0.00181035
0.00815947
0.00319712
-0.00732378
-0.00298736
0.004877
0.00028064
0.00731668
-0.0002199
0.00382469
0.00276097
0.00129661
0.00560287
0.00120637
0.01842719
-0.02097159
0.00634042
0.00101994
0.01358796
-0.00359573
0.00589687
-0.00694951
0.01117504
-0.00042043
0.01159929
0.01231464
-0.00828228
0.00228645
0.00065857
0.0086086
0.00808355
-0.0032338
0.00499045
-0.00744071
-0.01094525
0.00437945
0.00985984
0.01436834
0.00639434
-0.02755046
-0.00817768
0.01048528
0.00205108
-0.00607086
0.00516961
0.00876008
-0.01070452
0.00078344
0.01782928
0.01648839
0.00107306
-0.00479931
-0.00709881
0.00183464
-0.00830175
0.00639895
-0.00104248
0.01085812
0.00056199
0.0030704
0.00127513
