#Average flux [c/s]: 12468.75993462311
#                                   T_start= 0 s
#                                   T_end= 1 s
#                                   CCF campionation= 1e-6 s
#                                   Fit amplitude= 111 s
#                                   Variable bin size= 10 ph/bin
-0.01874
-0.03275
0.01061
0.0086
-0.0204
-0.03311
0.02462
-0.03366
-0.02022
-0.01904
-0.03332
0.00213
0.01809
0.0316
0.03216
0.00235
-0.01858
-0.01923
0.03144
-0.00808
0.01052
0.00876
-0.05271
-0.01966
-0.01986
-0.0067
0.00721
0.01713
-0.01598
0.0101
-0.02036
0.0403
0.0066
-0.00733
0.01601
-0.01979
-0.01938
-0.06098
0.05121
0.00185
0.00712
0.03755
-0.03399
-0.0541
0.00807
0.03761
0.01316
0.01002
-0.03282
0.04538
-0.04575
-0.0191
-0.00921
0.03256
0.01392
0.02619
0.01092
0.01356
0.01225
-0.01605
-0.01954
-0.01929
0.01097
-0.01932
-0.00396
0.00357
-0.05216
0.00806
0.00235
-0.02027
0.03181
-0.05052
0.01278
-0.00712
0.00225
0.0031
0.01508
-0.01974
0.01351
0.04531
0.00458
-0.00832
-0.03237
-0.01947
0.03176
-0.01889
-0.01962
0.0171
0.03808
0.0066
-0.01933
-0.00698
-0.02011
-0.04653
-0.01968
-0.01944
0.03729
0.0099
-0.0192
-0.0037
