#Average flux [c/s]: 2802.083634382519
#                                   T_start= 0 s
#                                   T_end= 1 s
#                                   CCF campionation= 1e-6 s
#                                   Fit amplitude= 0.1 s
#                                   Variable bin size= 10 ph/bin
-0.46529901
0.55175634
0.26986435
-0.43352196
-0.44577421
-0.0261648
-0.45142975
#999
-0.4536259
-0.03323104
#999
-0.01624582
-0.43835106
0.15255892
0.42922412
-0.3150398
-0.31293884
#999
0.46056685
-0.11759571
0.00575652
-0.45819944
0.15616021
0.31496015
0.48122286
-0.03638959
#999
-0.46329433
-0.41953444
-0.48027432
-0.15579261
-0.44865983
0.07629786
0.13084958
-0.3499285
-0.01285209
-0.05141772
-0.10692297
0.13432261
-0.43308893
-0.47645715
0.2010844
-0.04725456
0.15062228
-0.46227074
0.35391394
0.46294657
-0.48940374
-0.34871932
-0.01468767
0.46666926
0.50649469
-0.45255315
-0.02140594
-0.41194287
-0.43133166
0.13395329
0.48097116
0.48885203
-0.42915736
0.10105777
-0.10760278
0.14986021
#999
-0.20972346
0.13162941
0.47709718
-0.47795157
0.0465548
0.01972525
-0.05157511
0.22151863
-0.46075032
0.00607962
-0.31381083
-0.50950278
-0.45671064
-0.39593857
0.19969187
-0.49046579
-0.47167285
0.21581673
-0.42319575
0.20102425
0.42596204
-0.20885018
-0.12626155
0.47336942
-0.47844913
0.51885592
-0.01951056
-0.43020736
0.11628689
0.02986722
#999
0.12792145
0.4818406
-0.30915408
-0.48400976
0.11317793
