#Average flux [c/s]: 13072.927203388148
#                                   T_start= 0 s
#                                   T_end= 1 s
#                                   CCF campionation= 1e-6 s
#                                   Fit amplitude= 111 s
#                                   Variable bin size= 10 ph/bin
0.03043
-0.00636
-0.00631
-0.01621
0.00473
0.02786
-0.0054
-0.01879
-0.00639
-0.00557
-0.01858
-0.00989
-0.00616
0.00988
0.0189
0.00072
-0.01618
0.01678
-0.01923
0.01777
-0.02324
0.00802
-0.00585
-0.02272
0.01963
-0.02314
-0.01616
-0.00951
0.02714
-0.01849
-0.00635
0.06191
0.03608
-0.0187
0.02872
-0.00537
0.01895
0.0159
-0.00624
-0.00654
0.03704
-0.00261
-0.02285
-0.0056
-0.02643
-0.01139
-0.02636
-0.03412
0.01819
0.00155
-0.06484
-0.00615
-0.01943
0.01658
-0.00684
-0.00603
-0.01834
0.00147
-0.00575
0.03638
-0.00549
0.00056
-0.01152
0.00027
-0.01702
-0.02571
-0.00568
-0.00669
0.01939
0.02763
-0.00614
-0.02668
0.00095
0.00301
0.01562
-0.01394
0.00981
0.02882
0.02718
0.03431
-0.00632
0.00944
0.00471
-0.01646
0.00062
0.00393
-0.01922
0.0087
0.02938
0.02668
0.01828
-0.01974
-0.02193
0.0298
0.00951
0.01585
-0.02748
0.02756
-0.01616
-0.0069
