#Average flux [c/s]: 11713.550848666815
#                                   T_start= 0 s
#                                   T_end= 1 s
#                                   CCF campionation= 1e-6 s
#                                   Fit amplitude= 0.1 s
#                                   Variable bin size= 10 ph/bin
-0.00066241
-0.01766292
-0.00066089
0.01448472
0.00675209
-0.00372161
0.00142111
-0.00923156
-0.00091349
-0.00334619
-0.00956802
-0.00172577
-0.00411539
0.00368264
0.00960903
-0.00406221
-0.00483733
-0.00021525
-0.00262191
-0.00060422
0.00119545
0.00407953
0.00038009
-0.01726344
-0.00448877
-0.00224667
-0.00431317
-0.0099711
0.00241739
0.00024378
0.00419172
-0.00678973
-0.01508544
-0.00168044
-0.00291357
-0.00547199
-0.00806617
0.00188724
0.01040574
0.0055222
-0.00297043
-0.00198608
0.00638234
-0.00079011
-0.0041365
-0.00195122
-0.00361644
-0.002466
0.00211452
-0.00089194
-0.00605221
-0.0105436
0.00025563
0.00447408
0.01399007
0.00021683
0.0070337
0.01550453
-0.0039887
0.00876662
-0.00061142
0.00599842
-0.00686422
0.0071558
0.01061763
-0.00608639
-0.02229774
#999
0.01385157
0.0052948
0.0012618
-0.00306545
0.00242684
-0.00644375
-0.01251613
-0.01562323
0.00731235
-0.00773416
0.00136433
0.0051777
-0.00052237
-0.00805342
0.0030037
-0.01104764
-0.00598735
-0.00391712
-0.0030204
-0.00149979
-0.00072369
-0.00141494
-0.01327558
0.00393411
-0.01268395
-0.00064201
0.00888317
-0.0042643
0.00860965
-0.00914174
-0.00032749
0.00255655
