#Average flux [c/s]: 12468.75993462311
#                                   T_start= 0 s
#                                   T_end= 1 s
#                                   CCF campionation= 1e-6 s
#                                   Fit amplitude= 111 s
#                                   Variable bin size= 10 ph/bin
-5e-05
-6e-05
-3e-05
1e-05
8e-05
-5e-05
8e-05
0.00024
-6e-05
1e-05
1e-05
-1e-05
0.00016
-0.00019
-6e-05
0.00032
8e-05
7e-05
0.00018
-0.00013
1e-05
5e-05
6e-05
-2e-05
6e-05
-0.00022
4e-05
2e-05
-0.00016
-5e-05
8e-05
-5e-05
-0.00026
1e-05
-0.00027
0.00017
-9e-05
7e-05
0.00015
-1e-05
-7e-05
-0.0001
0.0001
-5e-05
2e-05
0.00025
0.00017
4e-05
0.0
-1e-05
5e-05
0.00016
-4e-05
0.00013
0.0001
-4e-05
0.00012
-4e-05
-0.00014
0.0
-7e-05
-6e-05
-1e-05
-0.00013
-0.00015
0.00025
0.00011
-0.00012
0.00011
-8e-05
0.00011
-5e-05
2e-05
-9e-05
0.0001
-7e-05
4e-05
3e-05
0.00016
3e-05
-7e-05
0.00026
1e-05
0.00014
-0.00013
-1e-05
-7e-05
2e-05
-2e-05
6e-05
7e-05
1e-05
0.00013
-0.0001
-0.0001
3e-05
-0.0001
5e-05
-7e-05
0.00014
