#Average flux [c/s]: 17151.056267552147
#                                   T_start= 0 s
#                                   T_end= 1 s
#                                   CCF campionation= 1e-6 s
#                                   Fit amplitude= 0.1 s
#                                   Variable bin size= 10 ph/bin
0.00333831
-0.00209298
0.00028481
0.0007268
-0.00908652
-0.00455267
-0.0039806
#999
0.00029949
0.0032113
-0.00422882
-0.00719022
0.00033552
0.00565477
0.00562881
-0.00157703
#999
-0.00439039
0.00122297
-0.01673015
-0.00205405
-0.00893265
0.01228544
-0.0129435
0.00367901
-0.00675176
-0.00579121
0.01307333
-0.00564319
0.01175534
-0.00262048
0.00013361
0.00032274
0.00215891
-0.00240249
-0.00434698
0.00301666
-0.00367764
-0.00028676
0.00415295
-0.0013356
-0.00768957
0.00493771
0.00214482
-0.000391
0.00549733
-0.00159114
-0.00119817
-0.00586358
#999
0.0071304
0.01446433
0.01045593
0.00075867
-0.00158134
0.00451481
0.00644199
#999
-0.00907621
0.00652995
-0.00075136
0.00350013
0.00803717
0.00303745
0.00324264
0.00323413
0.00388403
#999
-0.00983362
-0.00848213
-0.00175996
0.00764134
0.00777427
-0.00589479
-0.00180806
-0.00142648
-0.0043548
0.00419111
0.00690716
0.00072134
-0.00439815
0.00860944
-0.00353908
0.00025465
#999
-0.00842139
-0.00048533
0.00563248
-0.00369588
0.00863788
-0.00766482
-0.00902369
0.00204211
-0.0053539
-0.00072813
0.00234591
#999
-0.00948134
0.00307644
-0.00213201
