#Average flux [c/s]: 15942.721730022073
#                                   T_start= 0 s
#                                   T_end= 1 s
#                                   CCF campionation= 1e-6 s
#                                   Fit amplitude= 0.1 s
#                                   Variable bin size= 10 ph/bin
0.00043231
-0.01789583
-0.00792172
-0.01191726
#999
#999
-0.0054202
0.00489204
0.00412197
0.00707453
-0.00703825
0.00096525
-0.0097042
#999
-0.00088614
-0.00798993
-0.01136353
-0.00489405
-0.00151166
-0.00327898
0.00913199
-0.00702974
0.00463686
0.00761329
-0.00782315
-0.00203979
0.00260654
-0.00916665
#999
-0.00286757
0.00351639
-0.00409602
-0.01186503
-0.00537901
-0.00146259
0.00898852
-0.01154273
0.00284842
-0.00743955
-0.00738532
0.00561613
0.00025359
-0.00329767
-0.0019193
#999
-0.00374006
0.0013716
0.00572996
-0.00469261
0.00410607
-0.00242686
#999
-0.00918515
-0.00363111
0.00114193
-0.00181048
-0.00617574
-0.00379868
-0.00705809
#999
0.00446552
0.01383433
0.00813208
-0.0067804
-0.00455023
-0.00119214
0.00328843
-0.00122087
-0.00810249
-0.00424777
-0.00318988
0.00267991
-0.00591532
0.00741378
#999
0.00741932
-0.00834319
-0.00652684
#999
-0.00970073
0.00607105
0.01002786
-0.00344705
0.00070923
-0.00871016
-0.01277242
-0.00738153
-0.01041724
#999
0.01354754
0.00118342
0.00123805
0.00514915
#999
2.225e-05
0.00396111
-0.01840952
0.00507714
#999
-0.00412694
