#Average flux [c/s]: 7937.505418885333
#                                   T_start= 0 s
#                                   T_end= 1 s
#                                   CCF campionation= 1e-6 s
#                                   Fit amplitude= 0.1 s
#                                   Variable bin size= 10 ph/bin
#999
0.00359572
-0.00385316
-0.00189357
-0.01386248
0.00727982
0.01069415
0.00292255
0.00992552
-0.00131962
-0.0183371
0.01087512
0.00725802
-0.00651974
-0.02141507
0.00752457
0.00602126
-0.00989949
-0.00821601
-0.01630068
0.01319264
0.01701574
-0.00613682
0.0012094
-0.00966009
0.01076407
-0.00439028
0.00966221
-0.01490722
0.00179603
-0.02161271
-0.00090724
0.01479923
0.00077383
-0.01601938
#999
0.01421489
0.0061202
-0.0142788
-0.01331717
#999
0.00359927
#999
-0.00499011
-0.01646917
-0.00977757
0.01679371
0.00632435
0.00664128
-0.01825111
-0.004308
0.0172214
-0.01121723
-0.00972527
-0.01870662
-0.00490069
0.01027327
-0.01153847
-0.02422776
-0.01041172
-0.01140188
#999
-0.0081911
0.00920498
-0.01255245
-0.00241443
0.00805897
-0.00658903
0.0062395
0.00132169
-0.00741621
0.00743012
-0.01691534
-0.00849902
-0.00956542
0.00812241
0.02152697
0.00524976
-0.00154323
0.0001062
-0.0041202
#999
0.00367067
0.00909415
0.01548145
-0.01006684
0.00467035
-0.00637623
0.16864551
-0.00726458
-0.02483275
-0.02118817
-2.73e-05
-0.00897054
-0.0128853
-0.01231722
-0.0239922
0.00306877
-0.00091936
-0.01364861
