#Average flux [c/s]: 4765.627257868888
#                                   T_start= 0 s
#                                   T_end= 1 s
#                                   CCF campionation= 1e-6 s
#                                   Fit amplitude= 0.1 s
#                                   Variable bin size= 10 ph/bin
0.07777662
0.06724395
0.04223644
0.02801833
0.12984737
0.0410329
0.03593172
0.13171699
0.01921324
-0.05224669
0.02400631
-0.14860489
-0.06929043
0.02212811
0.01683328
#999
0.04952302
0.07087867
0.01195511
0.14402765
0.04223066
0.014154
-0.028308
0.11384313
0.04723742
0.003871
0.00168357
-0.16508415
-0.12835085
0.04013686
0.01103381
0.00885835
0.01136452
0.03879283
0.08329594
0.04855229
0.01179968
0.00231602
0.02099329
-0.002711
0.00560096
#999
0.0727872
0.04215131
0.15529331
0.0435754
0.01225765
0.03945055
0.03763554
0.04390963
0.01383649
-0.08305527
-0.07067728
0.02508049
-0.11784157
0.15075309
0.05050518
0.03084457
0.00375564
0.03006078
0.00183405
0.03399465
0.02446856
-0.04886428
0.01248482
0.13737077
0.05921567
-0.00929667
0.11427066
-0.02657396
0.01894222
0.03464396
0.09448213
0.00508442
-0.07817468
0.10805656
0.02397692
0.03271834
0.05350629
0.13535603
-0.02279564
0.08070293
0.02336914
0.06373363
0.11485799
0.02852483
0.10145615
0.17416948
0.06260513
-0.11873177
-0.00997115
-0.0143568
0.02841796
0.1250631
0.0123525
0.05892064
0.02885542
-0.1308854
0.01575873
0.00970495
