#Average flux [c/s]: 10203.132676754221
#                                   T_start= 0 s
#                                   T_end= 1 s
#                                   CCF campionation= 1e-6 s
#                                   Fit amplitude= 0.1 s
#                                   Variable bin size= 10 ph/bin
0.00546148
0.01058365
-0.00930801
0.01529274
0.00836176
0.00090769
0.00790961
-0.00855666
-0.01603377
0.0058645
0.01388108
0.00552133
-0.00374837
0.00561863
-0.01572429
0.01417478
0.00750102
-0.00901714
0.00402872
-0.00341783
-0.00697949
0.01588745
0.00335557
0.01058811
0.00223591
-0.00367551
-0.00390388
-0.00755892
-0.00149407
0.01562498
0.00451657
0.0009239
0.00516779
-0.00475238
0.01666916
-0.00604067
0.00310026
0.01312151
0.0175542
0.00143299
0.01495825
0.01615588
0.00937213
0.01164321
0.00703779
0.00457722
-0.00538914
0.01765348
0.00969506
-0.00469732
0.0103153
-0.01863762
-0.01175355
0.0025656
-0.00823998
0.02057592
0.00651011
0.02057796
#999
0.00722784
-0.00150239
-0.01166715
-0.00818149
-0.0040537
-0.01175102
0.02266332
0.00704115
0.00545979
-0.00022245
0.01004104
0.02800326
0.00588736
#999
0.00384734
#999
#999
-0.010584
0.00400166
-0.0004717
-0.0238493
0.00510112
0.00770591
0.00601283
0.02057947
0.01470608
0.00475757
0.02415777
0.01151777
0.00773647
0.01584875
0.01403665
-0.00279659
0.0182995
0.01572937
0.00704153
-0.00478125
-0.01480936
0.02137431
0.01394224
0.00325636
