#Average flux [c/s]: 7031.254515737777
#                                   T_start= 0 s
#                                   T_end= 1 s
#                                   CCF campionation= 1e-6 s
#                                   Fit amplitude= 111 s
#                                   Variable bin size= 10 ph/bin
2e-05
0.00023
0.00014
2e-05
-0.00018
0.00043
-0.00019
0.00023
-0.00038
-0.00039
-0.00174
0.00077
0.00056
-0.00014
-0.00018
0.00015
-0.00046
0.00041
0.00021
0.00041
0.00027
0.00026
-3e-05
0.00044
0.00025
0.0002
0.00029
-0.00039
-2e-05
6e-05
0.00052
0.00043
0.00057
-8e-05
-0.00036
-0.00068
0.00042
0.00037
-7e-05
0.00018
0.00021
0.00012
-0.00063
0.00012
0.0001
-0.0006
-0.00042
0.00017
-8e-05
-0.00017
-5e-05
-0.00034
0.00021
-0.00056
0.0
-0.0004
9e-05
2e-05
0.00026
-1e-05
-0.00025
9e-05
-0.00023
0.00017
-0.00028
-7e-05
0.00087
0.00011
0.00012
-0.00031
0.00028
0.00024
-0.00036
-0.0002
-0.00022
0.00023
0.00019
-0.00023
-0.00021
0.00011
0.00057
0.00023
-0.00032
0.0
-0.00045
0.0002
-0.00052
0.00017
0.00047
-0.00018
7e-05
-0.00019
2e-05
-4e-05
2e-05
0.00055
-0.00023
-0.00029
-0.00025
3e-05
