#Average flux [c/s]: 7484.3799673115545
#                                   T_start= 0 s
#                                   T_end= 1 s
#                                   CCF campionation= 1e-6 s
#                                   Fit amplitude= 111 s
#                                   Variable bin size= 10 ph/bin
8e-05
-0.0005
-8e-05
-0.00015
0.00033
-0.00017
-0.00025
-2e-05
-9e-05
0.00022
-0.00024
-0.00058
0.00018
-0.00021
-1e-05
2e-05
-0.00012
-0.0001
0.00043
-0.00012
-0.00032
0.0002
0.00022
-0.00025
5e-05
0.00031
9e-05
-0.00017
0.00019
9e-05
-0.00023
-0.00026
0.00042
-4e-05
-0.00011
-0.00033
0.00011
7e-05
0.00018
-0.00018
-8e-05
0.0003
-0.00074
-0.00044
-0.00039
0.00019
-0.00022
-0.00029
0.0
0.0
-0.0002
-0.00027
0.00076
7e-05
0.0
0.00016
-5e-05
0.00014
-3e-05
6e-05
-0.0001
0.0002
-0.00039
-0.00017
-0.00014
0.00031
0.00015
0.00022
0.0005
-7e-05
0.0002
-0.00016
-5e-05
-0.00018
-0.00034
-0.00011
-0.00017
0.0001
0.00012
-0.00011
0.0
0.0001
0.00034
0.00014
-5e-05
-7e-05
0.00043
-0.00047
5e-05
0.00014
-0.00011
0.00031
-9e-05
0.0
-0.00044
7e-05
0.00023
-1e-05
0.0001
0.00019
