#Average flux [c/s]: 13828.136289344446
#                                   T_start= 0 s
#                                   T_end= 1 s
#                                   CCF campionation= 1e-6 s
#                                   Fit amplitude= 0.1 s
#                                   Variable bin size= 10 ph/bin
0.00130649
-0.00583518
0.00694691
0.00577947
0.00236201
0.00558746
-0.0014674
-0.0105188
0.00839915
0.01570544
-0.01005007
0.00645429
0.00470875
0.01085383
0.00056732
0.00017572
-0.0106038
0.00642723
0.01080873
-0.00756208
-0.00193999
0.00591924
-0.01461734
0.00238492
-0.01813422
0.00684341
-0.00017955
#999
0.01085211
0.0011773
-0.01225193
0.01397092
-0.0071218
-0.00314268
0.00527232
0.01731756
-0.00136597
-0.00396912
0.00254816
0.01670676
0.00369259
0.00758239
-0.00459041
#999
0.00907159
-0.00871354
0.00706761
0.00536715
0.00567445
-0.00357941
-0.0047208
0.00084731
0.00733162
-0.00147783
-0.0113226
-0.01119492
-0.01549845
-0.00932044
0.00396328
-0.01153002
0.00106186
-0.00287723
-0.00351213
0.00760949
-0.01975304
-0.01096245
-0.00640307
-0.0071332
-0.00012919
-0.00475176
-0.00843515
-0.00815996
0.00596829
-0.00307072
-0.00133772
0.00375046
0.00301778
-0.00993648
-0.00817937
0.00733844
-0.00045909
-0.00811889
0.00145108
-0.01628868
0.00245861
0.00592088
0.00079597
0.00625191
0.0017459
0.00331477
-0.01542083
0.01061281
0.0094754
-0.00646607
-0.00762498
#999
-0.00113407
-0.00291319
0.00689525
-0.00645678
