#Average flux [c/s]: 5822.919978207703
#                                   T_start= 0 s
#                                   T_end= 1 s
#                                   CCF campionation= 1e-6 s
#                                   Fit amplitude= 0.1 s
#                                   Variable bin size= 10 ph/bin
-0.0055667
0.00029579
0.00055031
0.01687876
0.00081867
8.051e-05
0.0011115
0.00064853
0.00416717
-0.00487588
-0.00071673
-0.01240061
0.00604042
0.00424404
0.00289919
0.00036397
-0.01341867
0.00525091
-7.195e-05
0.00355195
0.00241789
-0.00258162
-0.01076262
-0.00032091
-0.00329103
0.00147095
0.01308741
0.02524184
0.00022921
-0.03195556
-0.00748338
-0.01185824
1.878e-05
0.01093115
-0.00673677
0.00620007
0.02027519
-0.02479593
-0.0009247
4.233e-05
-0.08522484
-0.01603199
-0.01012229
-0.00038702
0.01585111
-0.01541191
0.00545813
0.00653429
-0.00977831
-0.07030941
-0.00044311
-0.001961
0.00897632
-0.08702688
0.00533502
-0.00971388
0.00262193
-0.00255875
-0.07847474
-0.00015841
0.00743903
-0.00444139
0.00188597
0.0012324
-0.00216658
0.02826171
-0.02067631
-0.00048422
-0.01115716
-0.00077738
-0.01386446
-0.00013143
0.00949359
0.01141711
0.00942793
-0.0016619
-0.00463424
0.00725193
-0.00326993
6.024e-05
-0.01114991
-0.00391384
-0.01510713
-0.00219779
0.00374393
0.0021372
-0.00912459
0.00297026
-0.01881209
-0.01474982
0.01740979
0.00848401
0.01730819
-0.01124508
2.77e-06
-0.02402206
0.00010242
0.00338328
0.00265668
-0.00015934
