#Average flux [c/s]: 4463.54362348637
#                                   T_start= 0 s
#                                   T_end= 1 s
#                                   CCF campionation= 1e-6 s
#                                   Fit amplitude= 111 s
#                                   Variable bin size= 10 ph/bin
0.13738
-0.03197
0.12222
0.01744
0.12243
-0.04183
0.03157
0.04753
0.07048
0.0522
0.10493
-0.03911
-0.11374
0.03245
-0.03176
0.05516
0.03996
-0.02529
0.12483
0.11417
0.09637
-0.00771
-0.0152
0.12126
-0.07549
0.06642
0.09489
0.12522
0.12846
0.12595
0.00955
0.05833
0.01694
0.13241
0.12445
0.03952
0.00962
0.10416
0.12558
-0.03214
-0.08534
0.0414
-0.11334
0.00657
-0.01616
0.12685
0.10582
0.0684
-0.06101
0.1238
0.10219
0.0829
0.12397
0.07341
-0.03182
0.08878
0.12097
-0.02264
0.12087
0.01904
0.00727
0.03137
-0.00339
0.01357
-0.05241
0.11869
-0.03179
0.0329
-0.02401
0.11965
0.02671
-0.03872
0.03294
0.01218
0.01734
-0.05374
-0.02107
-0.01917
-0.05819
0.03665
0.01267
0.11974
0.04133
0.1173
0.12536
0.0873
-0.02228
0.00521
-0.06656
-0.05023
0.03087
-0.01125
0.10446
0.09119
0.07004
-0.00155
0.01719
0.1223
0.08366
0.03386
