#Average flux [c/s]: 2651.041817191259
#                                   T_start= 0 s
#                                   T_end= 1 s
#                                   CCF campionation= 1e-6 s
#                                   Fit amplitude= 0.1 s
#                                   Variable bin size= 10 ph/bin
-0.06745944
0.01784349
0.00040032
-0.07356097
0.01259625
-0.00060405
-0.01194226
0.00149261
0.00342572
-0.00243901
0.00178561
0.07146077
0.06833996
-0.00969952
0.00066566
0.01834198
-0.00126016
-0.02685513
-0.13825512
0.33847834
-0.00160345
0.05264467
-0.01391668
0.03239946
0.00018102
-0.06463431
0.45456512
-0.26836075
-0.00061405
0.00037734
0.00196206
0.00127703
-0.15092081
-0.00107602
-0.05882675
0.03662925
-0.00026116
0.04267331
0.02443065
-0.16876588
0.0001365
0.38023799
0.03126483
0.01397043
0.08076552
-0.00155635
0.16260466
-0.00558204
-0.30517987
0.01452417
-0.00011729
-0.02762115
0.04336081
#999
0.00192002
0.00786892
-4.962e-05
0.00492138
0.00254182
-0.00302771
0.00267512
-0.22380225
0.04150476
-0.05322449
0.01661086
-0.0019278
0.01788058
-0.0002064
-0.00653909
0.17100162
0.02863207
-0.00327085
0.0166354
0.02524558
0.00170796
0.00161813
-0.00224126
0.02568789
-0.00248803
-4.211e-05
-0.00281587
0.00101129
0.00721924
0.00267555
-0.00168085
0.00095293
-0.02237909
0.0386588
-0.06073479
-0.00070551
-0.00010764
0.00078329
0.00187316
-0.01148799
-0.07936323
0.00153762
-4.274e-05
-0.00277886
-0.01671135
-0.00119025
