#Average flux [c/s]: 11411.467214284296
#                                   T_start= 0 s
#                                   T_end= 1 s
#                                   CCF campionation= 1e-6 s
#                                   Fit amplitude= 0.1 s
#                                   Variable bin size= 10 ph/bin
-0.00121518
-0.0065133
-0.00945159
0.00768365
-9.488e-05
-0.01090567
0.00795587
0.00333523
-0.00103731
0.01119626
0.00852454
-0.00294081
-0.00118183
-0.01146253
-0.00718217
-0.00403345
0.01406463
0.00746671
0.00225101
0.00861873
0.00470526
-0.00870749
0.01354057
0.01213133
-0.00400005
#999
-0.00589402
-0.01562667
-0.00351914
-0.00681583
-0.00620072
-0.00397194
0.00662103
0.0100191
0.00586041
0.01486558
0.01074217
-0.00432249
-0.00525683
-0.00130423
0.00361001
0.00315684
0.00389313
-0.00719195
-0.00423126
-0.00153827
0.00473532
0.00594202
0.00056141
0.00096376
0.00862735
-0.01020971
-0.00533238
0.01041352
-0.01211448
0.00114529
-0.01884523
0.00500215
-0.00116569
-0.01037429
-0.00737218
-0.00753882
-0.00602596
-0.00068534
0.00580303
-0.00814824
0.01621067
-0.00269454
0.00350044
-0.00311186
-0.00134001
-0.00721054
-0.00297856
0.00328041
0.00394291
0.00503082
-0.01007469
-0.01051403
-0.00548515
-0.00521975
-0.00869188
0.01457079
0.00551977
0.01299471
0.0094338
0.00378851
0.00438126
0.01087767
-0.0047268
-0.00443954
-0.00142389
-0.007062
-0.01381381
0.00517181
-0.00553791
0.01388787
-0.00325686
0.00132873
0.0014099
0.00109791
