#Average flux [c/s]: 9750.007225180443
#                                   T_start= 0 s
#                                   T_end= 1 s
#                                   CCF campionation= 1e-6 s
#                                   Fit amplitude= 0.1 s
#                                   Variable bin size= 10 ph/bin
-0.01947457
0.00843263
-0.01779926
-0.00796553
-0.00559454
-0.00871481
0.01183851
-0.00511877
0.01223893
-0.00115964
-0.00948101
0.00511125
-0.00447194
0.00714496
-0.00341881
0.00138592
0.00012983
0.00379239
-0.00410388
0.00549965
-0.01457866
0.01002486
-0.00974185
0.0125695
0.01165393
6.966e-05
-0.00191876
-0.00192002
-0.00840543
-0.00116422
0.00422095
0.00453604
-0.0009087
-0.00268227
0.01386014
-0.00055796
-0.00777928
-0.01103631
-0.01147768
-0.0118441
0.00231876
0.00215327
-0.00945907
-0.01077272
-0.00044235
-0.00490132
0.00671522
0.00555455
-0.00282703
0.0018536
0.00468278
-0.00507908
-0.00669796
-0.00791552
-0.00493258
-0.007373
0.00118358
0.00994234
-0.01444411
-0.0048537
0.00415415
0.00390616
-0.00516315
0.00219575
-0.00116193
-0.00209428
-0.00455926
-0.00278137
0.01056018
0.0029047
-0.00381961
0.01262456
-0.0034809
-1.51e-06
0.00398337
0.00919902
-0.00086212
-0.01655139
-0.02453405
0.00448171
0.00736157
0.09853346
0.00579036
-0.0077987
-0.00259859
0.00287957
-0.00101568
0.00877584
0.01074386
0.007698
-0.00136751
0.01788581
-0.00281774
-0.00588468
0.00688615
0.01287802
0.01504195
-0.00993671
0.00257237
-0.00489986
