#Average flux [c/s]: 11562.509031475554
#                                   T_start= 0 s
#                                   T_end= 1 s
#                                   CCF campionation= 1e-6 s
#                                   Fit amplitude= 0.1 s
#                                   Variable bin size= 10 ph/bin
-0.00394984
0.00608303
0.00342544
0.01032715
0.00153235
0.00088025
0.00169986
0.00500661
0.00805757
0.0059201
-0.01412728
-0.00611314
0.00826825
-0.00277301
0.00609324
-0.01079273
-2.927e-05
0.0004278
0.00668837
0.00822729
0.00718237
-0.00894349
0.00824331
0.00974949
-0.00084658
0.00442771
0.01303146
0.01391251
-0.02037871
0.00134389
0.00667905
0.0117899
-0.00479135
-0.01280745
#999
-0.00044471
0.00656675
-0.0085668
0.00135434
-0.00410742
0.00408103
0.00650733
0.00556467
0.0042558
0.01190634
0.0178546
-0.01389199
0.00080361
0.00475899
#999
0.00072475
0.00947825
-0.00105878
-0.00101186
-0.00331014
0.00074056
0.00896902
-0.00103106
-0.00150485
-0.00706736
-0.00877417
0.00279924
#999
-0.00076085
-0.01640361
0.00201062
0.00410372
-0.00231906
0.00093651
0.0016067
-0.01642319
-0.0154441
-0.00996699
-0.00653121
-0.00564379
0.00549995
0.00127102
-0.00977512
-0.00233877
-0.00313557
0.0029521
-0.00373671
0.01494754
-0.00114988
-0.00123842
-0.00262324
-0.00818111
-0.00103618
0.00509277
0.00143297
0.01169722
0.00058696
-0.00190474
0.00153987
-0.00518327
-0.00386202
0.01136813
0.00400201
0.00956304
-0.00731498
