#Average flux [c/s]: 14734.387192492
#                                   T_start= 0 s
#                                   T_end= 1 s
#                                   CCF campionation= 1e-6 s
#                                   Fit amplitude= 111 s
#                                   Variable bin size= 10 ph/bin
0.00899
-0.02922
0.00493
-0.01297
0.0064
-0.03424
-0.02194
-0.01163
0.00618
-0.02909
0.02113
-0.00759
0.00517
-0.01207
-0.02529
-0.02813
0.00107
-0.01412
-0.00293
-0.01429
-0.01131
-0.02118
-0.01492
-0.02935
0.0291
0.01023
-0.02542
-0.00765
0.02894
0.05154
-0.00738
-0.03509
-0.01436
-0.05314
-0.07124
-0.02192
-0.02861
-0.01463
-0.02968
-0.02874
0.03071
-0.01444
-0.0175
-0.02313
-0.01474
-0.01419
-0.02492
-0.02552
-0.0026
-0.02933
-0.02136
-0.04761
-0.01449
0.02136
0.01917
-0.01405
-0.02861
0.00618
0.03333
0.00716
0.00596
0.02981
0.02916
0.01045
-0.04725
0.00619
0.00585
-0.01457
0.02943
-0.04083
-0.02673
-0.02683
-0.01478
-0.01428
-0.02583
0.03142
-0.05268
-0.02791
0.00667
0.0302
-0.05268
-0.0145
-0.01376
-0.0405
0.00878
-0.02885
0.02317
-0.02245
-0.01484
-0.02887
-0.01533
-0.02459
0.01065
0.00927
-0.02193
-0.01421
-0.02202
0.02913
-0.01372
-0.02485
