#Average flux [c/s]: 14583.345375300742
#                                   T_start= 0 s
#                                   T_end= 1 s
#                                   CCF campionation= 1e-6 s
#                                   Fit amplitude= 111 s
#                                   Variable bin size= 10 ph/bin
-5e-05
-0.0001
8e-05
3e-05
1e-05
-0.00012
-0.00012
8e-05
-2e-05
0.00024
9e-05
-8e-05
-7e-05
2e-05
8e-05
-0.00012
0.00017
2e-05
0.00018
4e-05
6e-05
1e-05
0.0
5e-05
-0.0002
-3e-05
0.00017
-0.0001
-9e-05
-0.0001
4e-05
-5e-05
-4e-05
4e-05
1e-05
3e-05
2e-05
5e-05
9e-05
0.00014
3e-05
-0.00028
-0.0001
-3e-05
-0.00012
-0.00019
-1e-05
-0.00016
-5e-05
-3e-05
-0.00012
-7e-05
0.0
-7e-05
-0.00013
-0.00012
-1e-05
-0.00012
0.00012
0.00012
-0.00011
7e-05
0.0
7e-05
-3e-05
4e-05
-5e-05
-0.00012
-0.0001
-0.00011
-2e-05
3e-05
-0.00011
4e-05
0.00019
-0.00015
0.00013
-4e-05
-1e-05
-1e-05
0.0001
-3e-05
0.0
-8e-05
6e-05
0.0001
8e-05
0.00012
8e-05
8e-05
0.0
0.0001
0.00011
-6e-05
8e-05
2e-05
-3e-05
-0.00014
-1e-05
0.00017
