#Average flux [c/s]: 11411.467214284296
#                                   T_start= 0 s
#                                   T_end= 1 s
#                                   CCF campionation= 1e-6 s
#                                   Fit amplitude= 0.1 s
#                                   Variable bin size= 10 ph/bin
-0.0164253
-0.00380918
#999
#999
-0.01687893
0.01067966
-0.01417637
-0.00783479
0.00807077
#999
-0.00084845
0.00097292
0.00430903
0.00409962
0.0051914
-0.00150923
-0.01390526
-0.0079798
0.00793404
0.00751177
0.00755437
0.00104157
-0.01332828
-0.00211435
-0.00754935
-0.00751308
-0.00568164
-0.00286311
0.00938073
#999
-0.00613223
-0.00752651
-0.00281929
#999
-0.01143734
-0.00690726
-0.00424435
#999
0.00313088
0.00941166
0.01342532
0.00328553
-0.00203969
-0.00487315
0.01471091
-0.00953937
-0.00880714
0.00244527
-0.0103347
-0.00648265
-0.0186547
-0.00496326
-0.00617438
0.01043743
0.00638971
0.00330511
0.00930751
0.0081745
#999
0.00425307
-0.0061219
0.00419699
0.00780507
0.00778478
-0.00604529
0.01037168
0.00478405
-0.00152315
0.00465226
-0.01129077
-0.01405811
-0.0061703
-0.00181974
-0.01086687
0.00175181
-0.01685611
0.00110496
0.00179742
-0.0142252
-0.00302632
-0.00417112
-0.00126605
-0.00101383
-0.01309898
-0.00848221
-0.01517854
0.00733957
0.00112839
#999
0.00277129
-0.01147264
-0.00646325
0.00437964
-0.0058753
-0.00708012
-0.01105075
0.0002626
-0.00418742
0.0053049
-0.00030878
