#Average flux [c/s]: 15640.638095639553
#                                   T_start= 0 s
#                                   T_end= 1 s
#                                   CCF campionation= 1e-6 s
#                                   Fit amplitude= 0.1 s
#                                   Variable bin size= 10 ph/bin
-0.0053488
0.00688818
0.001904
0.00293997
0.00431309
-0.00597512
-0.00319906
#999
-0.0028034
0.00486048
-0.00159545
-0.00610306
0.00335474
0.00108613
0.0041496
0.00834052
#999
0.00075594
-0.00384763
0.00558031
#999
-0.00418146
0.00127008
-0.00151367
-0.00404066
-0.00110278
-0.00103321
0.00362757
0.00563625
-0.00321069
0.00586562
-0.0149558
0.00205041
0.00330243
-0.0028983
-0.00190503
-0.00472565
-0.00085907
-0.00122998
0.00208056
-0.00599378
-0.0016161
-0.00184358
-0.00432392
0.00321821
-0.00562028
0.00132122
0.0003506
0.00080106
0.00071483
0.00177179
0.00293839
-0.00096841
0.00410771
0.00742067
0.00533856
-0.00260324
0.00019092
0.00030713
0.00562025
-0.00965351
0.00146012
0.00506686
-0.01016722
0.00221252
-0.00392246
0.00438464
-0.00018585
-0.00146452
-0.01270716
0.00541829
0.00307147
-0.00594728
0.00469349
-0.00170883
0.0044033
-0.00063808
-0.00163986
0.00010877
0.00561988
-0.00754559
#999
-0.00114831
0.01318051
-0.00418262
-0.0057463
-0.0021282
0.00176557
-0.00348567
0.00870457
0.00352742
-0.00188685
0.00602495
-0.0062285
#999
0.01093983
0.00248462
-0.00203649
-0.000536
-0.00151167
