#Average flux [c/s]: 9447.923590797925
#                                   T_start= 0 s
#                                   T_end= 1 s
#                                   CCF campionation= 1e-6 s
#                                   Fit amplitude= 0.1 s
#                                   Variable bin size= 10 ph/bin
-0.00763724
-0.01393077
-0.01022306
-0.00589646
#999
-0.00230786
-0.0069753
-0.01081483
-0.02621114
-0.01240893
-0.01154617
-0.00215149
-0.01249414
0.00821077
-0.00733598
-0.00055535
-0.01042537
0.01278155
0.00330175
0.00606048
-0.0142756
-0.00500629
-0.00759568
0.00169518
-0.01681667
-0.01670533
0.02211208
-0.011022
-0.00301494
0.00209056
-0.00292076
-0.01218111
-0.01785049
0.00774072
0.00071858
0.00681908
0.00242211
-0.01469932
0.00965432
0.0038507
0.01474873
-0.00145082
-0.00679146
0.00907612
-0.00078063
0.007671
-0.00182402
0.02346282
0.00633324
-0.00558083
-0.02432903
0.00162902
-0.00616207
-0.00170142
-0.00673644
-0.00709607
8.211e-05
0.0036313
0.00093992
-0.00452818
0.01905508
0.00914727
0.00338509
0.00677891
-0.00493594
-0.00732704
-0.00640588
-0.01001382
-0.00660789
0.00337044
-0.00686409
-0.01180743
0.00056575
-0.0065314
0.00594598
-0.00286519
0.02021376
-0.00903685
-0.01732288
0.0088729
-0.01588905
-0.00257192
0.0006035
#999
0.00902402
0.00803015
-0.00914788
#999
#999
-0.01719022
-0.00493016
-0.005093
0.0161293
-0.01165932
0.01749799
0.00304764
0.00063696
-0.00491354
0.0037571
-0.01406363
