#Average flux [c/s]: 6125.0036125902225
#                                   T_start= 0 s
#                                   T_end= 1 s
#                                   CCF campionation= 1e-6 s
#                                   Fit amplitude= 111 s
#                                   Variable bin size= 10 ph/bin
-0.00033
1e-05
-0.00052
0.00019
3e-05
-0.00045
0.00033
-9e-05
0.00022
0.00026
0.00035
-0.00037
0.00012
0.00022
0.00016
0.00015
-7e-05
-3e-05
1e-05
0.00017
0.0
0.00018
-4e-05
7e-05
-6e-05
0.00012
0.00025
-2e-05
0.0003
-8e-05
0.00013
-0.0002
-4e-05
1e-05
-0.0002
-5e-05
0.0002
0.00021
0.00029
4e-05
4e-05
-0.00026
-5e-05
8e-05
-0.00055
-0.00034
1e-05
-6e-05
0.00012
7e-05
-0.00012
-4e-05
-0.00025
0.00039
-0.00033
-0.00021
0.0001
-5e-05
-4e-05
0.00042
-0.00018
-0.00039
0.00019
0.00032
7e-05
0.00015
-0.00032
-0.00052
-0.00011
0.00021
0.00055
-0.00035
-0.00019
0.00032
-0.0003
-6e-05
0.00028
-0.0001
0.00042
0.00025
-0.00052
0.00046
-0.00028
8e-05
0.0003
-0.00025
0.00037
0.00015
0.00026
0.00025
-2e-05
0.00015
-0.00041
-0.00017
0.00017
0.0
0.00032
-0.00053
-0.00017
0.00011
