#Average flux [c/s]: 14885.42900968326
#                                   T_start= 0 s
#                                   T_end= 1 s
#                                   CCF campionation= 1e-6 s
#                                   Fit amplitude= 111 s
#                                   Variable bin size= 10 ph/bin
0.00064
0.00065
-0.00357
0.00812
0.01443
0.00772
-0.05322
0.02278
0.00091
0.00743
-0.006
-0.05286
-0.01673
-0.01379
0.00066
-0.00379
0.00177
0.00169
-0.01413
0.00764
0.03839
-0.01542
0.00787
0.00871
-0.01621
0.01096
-0.02762
0.00778
0.03182
-0.01418
0.02313
0.00232
0.02242
0.0233
-0.05154
-0.03845
-0.01369
-0.01349
-0.00463
-0.05307
-0.00156
-0.01605
-0.00117
0.00774
0.00122
0.00719
0.00841
-0.0067
0.0099
0.00829
0.00803
0.00128
-0.03937
-0.01591
-0.02758
-9e-05
-0.06457
0.00888
-0.03107
0.00763
-0.00139
0.00039
-0.05271
0.01036
-0.00687
-0.04448
-0.03817
0.00974
0.00703
0.06108
0.03782
0.00069
0.01715
-0.03275
0.01007
-0.00273
0.01428
0.04633
-0.01315
-0.00182
0.00094
0.0014
0.01048
0.00028
0.00846
0.00702
-0.02716
0.00119
-0.0194
-0.01269
0.00833
0.05924
0.01012
-0.03121
-0.01306
0.00117
0.02334
-0.03856
0.00052
-0.03537
