#Average flux [c/s]: 11411.467214284296
#                                   T_start= 0 s
#                                   T_end= 1 s
#                                   CCF campionation= 1e-6 s
#                                   Fit amplitude= 111 s
#                                   Variable bin size= 10 ph/bin
0.04312
0.04526
-0.01075
-0.00578
0.04471
-0.01152
0.00079
-0.03403
0.02721
-0.01131
0.00054
0.00902
-0.00826
-0.03393
0.00882
-0.00995
-0.00705
0.04313
-0.03456
0.03286
0.03323
-0.01042
-0.03435
0.04031
0.03979
0.02824
0.03005
-0.01031
-0.03279
0.02949
-0.01022
-0.03045
-0.01795
-0.03404
-0.0333
0.03101
-0.01153
-0.03822
-0.00738
0.03082
0.03018
-0.02762
0.01088
0.01327
0.04397
-0.03413
-0.03307
0.01101
0.02852
0.03102
-0.00714
-0.00941
0.03089
0.0089
0.03406
0.03368
0.01116
-0.01376
0.03354
0.03035
0.03173
-0.03325
-0.03305
-0.01525
-0.03193
0.04304
0.0276
0.01116
0.01405
0.02725
-0.0154
-0.00843
-0.05097
-0.03346
-0.00809
-0.03422
-0.03236
0.041
-0.03273
0.04396
0.01226
0.04029
0.04454
0.00197
0.00796
0.03059
-0.00853
-0.03383
-0.00967
-0.03121
0.02855
0.04476
0.04537
0.02864
-0.03261
-0.04224
-0.03212
0.00826
-0.0323
0.04358
