#Average flux [c/s]: 4614.585440677629
#                                   T_start= 0 s
#                                   T_end= 1 s
#                                   CCF campionation= 1e-6 s
#                                   Fit amplitude= 111 s
#                                   Variable bin size= 10 ph/bin
-0.09337
0.10095
0.04325
-0.10755
-0.09156
0.09737
-0.04675
0.03326
-0.06014
0.0115
0.04593
-0.09273
-0.04683
-0.0724
-0.09563
-0.00308
0.00021
-0.06605
-0.06432
0.12258
0.04533
-0.09316
-0.09418
-0.0135
-0.06588
-0.09385
0.01245
0.01087
0.00026
-0.0674
-0.06171
-0.04505
-0.09419
-0.09137
0.0442
0.03895
-0.09461
-0.04485
0.02002
-0.06592
-0.13769
-0.02453
-0.06873
-0.09264
-0.09427
-0.04441
-0.0004
-0.04691
-0.09278
-0.09414
-0.04205
-0.03339
0.06798
-0.16358
-0.0514
-0.09387
0.00609
-0.09314
0.08086
-0.06555
-0.05004
-0.09584
-0.02557
-0.03191
-0.06748
-0.04218
-0.07134
-0.00033
0.0467
-0.05373
-0.11504
-0.06932
-0.16093
-0.07466
-0.16036
-0.11754
-0.04926
0.05027
-0.19403
-0.04586
-0.09372
0.01969
-0.09612
-0.00271
-0.09566
-0.00273
-0.16832
-0.09048
-0.09506
-0.02738
0.1024
-0.09319
0.04701
0.00674
-0.15954
0.01547
-0.17085
-0.02282
-0.06657
-0.16273
