#Average flux [c/s]: 3708.3345375300737
#                                   T_start= 0 s
#                                   T_end= 1 s
#                                   CCF campionation= 1e-6 s
#                                   Fit amplitude= 111 s
#                                   Variable bin size= 10 ph/bin
0.06536
0.22194
0.06879
-0.14595
-0.1079
-0.02412
0.01972
-0.03165
-0.00371
0.03016
0.03459
-0.02642
-0.11005
-0.10448
-0.13226
-0.02521
0.01878
0.07179
-0.14268
-0.03034
-0.02426
0.02639
-0.13827
0.02751
-0.20378
-0.13603
-0.07164
-0.02654
-0.232
0.03225
-0.07224
-0.14158
0.03285
-0.14781
-0.02762
0.07283
-0.03118
-0.2336
0.06934
-0.03748
-0.07179
0.02075
-0.14729
-0.24342
0.0274
-0.11088
-0.02881
-0.14684
-0.03564
0.06771
-0.04788
0.02703
-0.20822
-0.0732
0.02587
-0.05864
-0.20768
-0.11284
-0.14451
0.0193
-0.11159
0.02437
0.02438
-0.13835
0.02894
-0.10625
-0.14781
-0.21573
-0.07337
-0.02584
-0.03513
-0.14799
-0.14576
-0.07237
-0.13976
0.09456
-0.14545
-0.14063
-0.13702
0.11829
0.06698
-0.13948
0.11504
-0.01752
-0.06671
-0.14872
0.09985
-0.14264
-0.10749
-0.03086
-0.02653
-0.031
0.02358
0.03263
-0.1105
0.02782
0.00427
-0.27517
-0.03172
-0.10339
