#Average flux [c/s]: 3406.250903147555
#                                   T_start= 0 s
#                                   T_end= 1 s
#                                   CCF campionation= 1e-6 s
#                                   Fit amplitude= 111 s
#                                   Variable bin size= 10 ph/bin
0.00213
-0.00093
-0.00018
-0.00049
0.00033
0.00108
-0.00017
0.00024
0.0
-0.0003
0.00026
0.00066
0.0
-1e-05
0.00097
0.00018
0.0
0.0
-0.00032
0.00079
0.0
-0.00091
0.0
-2e-05
0.0
0.00039
0.0
-0.00115
0.00072
0.00022
-0.00064
0.0
-0.00037
0.0005
9e-05
0.0
-1e-05
0.00189
-0.00028
-0.00126
-0.00068
-0.00088
-0.00044
0.0
0.0
0.0
-0.00055
0.00062
-0.00036
0.00127
-0.00023
0.00302
0.00021
0.00018
0.00054
0.0
0.00099
0.00117
-0.0003
0.0
-0.00051
-0.00224
-0.00065
0.0
-0.00048
0.0
0.0
0.0007
0.00091
-0.00089
0.0
0.0007
0.00124
-0.00017
0.0
0.0
0.0
0.00013
0.0
0.00126
0.0
5e-05
0.0
0.0
-0.00014
-0.00083
0.00078
0.00021
-0.00041
-0.05156
0.00045
0.00014
-0.00098
-0.00062
5e-05
0.00113
-0.00018
0.00149
0.00027
0.0
