#Average flux [c/s]: 7635.421784502813
#                                   T_start= 0 s
#                                   T_end= 1 s
#                                   CCF campionation= 1e-6 s
#                                   Fit amplitude= 111 s
#                                   Variable bin size= 10 ph/bin
0.04199
0.00404
-0.03116
0.00342
0.035
0.04407
-0.03616
0.00236
0.02187
-0.00369
-0.03045
-0.01162
0.00887
-0.04255
-0.02213
-0.0007
0.06514
0.01
0.01093
-0.02704
-0.01352
-0.03083
0.01072
-0.03067
-0.00399
-0.01338
-0.0207
0.04481
-0.00225
-0.0217
0.00995
0.01143
0.03526
-0.0302
0.01174
-0.01389
-0.02092
0.03515
0.02167
-0.02027
0.0191
-0.02945
-0.00388
-0.06268
0.04267
0.05942
-0.0029
0.03595
-0.03053
-0.0322
0.01184
0.04492
-0.00118
0.04286
0.01964
0.02536
-0.04532
0.02141
0.00203
-0.03518
0.02203
0.00515
0.04213
-0.01017
0.00914
0.01087
-0.07209
-0.02769
0.02169
-0.00641
-0.0005
-0.01359
-0.0054
0.02186
-0.01286
0.01017
0.00326
-0.03095
-0.03016
-0.01815
-0.02359
-0.00291
-0.01379
-0.01582
-0.02979
0.00947
-0.01934
0.01911
-0.0029
0.00444
-0.02711
0.01025
-0.00829
0.01006
-0.03605
-0.01312
0.01096
-0.07237
0.00946
0.01009
