#Average flux [c/s]: 17151.056267552147
#                                   T_start= 0 s
#                                   T_end= 1 s
#                                   CCF campionation= 1e-6 s
#                                   Fit amplitude= 0.1 s
#                                   Variable bin size= 10 ph/bin
-0.01365858
-0.00432383
#999
-0.01889889
-0.01081786
-0.00948079
-0.00206574
-0.0070982
-0.00156915
-0.006853
-0.02152757
-0.00707993
-0.01366616
#999
-0.01141288
-0.01075298
-0.00567616
0.00350248
-0.01529771
-0.01567229
-0.00679535
#999
#999
-0.01062405
-0.00958443
-0.01027671
-0.00525819
-0.00034298
-0.00939287
-0.01694676
-0.01039535
0.000865
#999
-0.00209917
#999
-0.00973315
-0.0117974
-0.01470688
-0.00017403
-0.00751463
-0.0050293
-0.01520509
-0.01014469
-0.01299204
-0.00299747
-0.00170028
-0.00350101
-0.00932335
-0.00701578
-0.00887548
#999
-0.01015517
-0.01022839
-0.00552272
-0.00099968
#999
#999
0.00313957
-0.01084013
-0.00859939
-0.01427422
-0.01421419
#999
-0.00342574
-0.01084645
-0.01039913
-0.01677099
-0.00496988
-0.00410105
-0.01130423
0.00094081
-0.0150635
-0.00989523
-0.01695265
-0.00551892
-0.00486126
-0.01736397
-0.0140292
-0.00692989
0.00069622
-0.01510843
-0.0105747
-0.00137639
-0.01164373
0.00219602
-0.00732415
-0.00124568
-0.01522846
-0.00867078
-0.00615752
-0.00592645
-0.01946872
-0.00588831
0.00551613
-0.00798129
-0.02016533
-0.00733313
0.00114081
-0.00786791
-0.01668187
