#Average flux [c/s]: 6276.04542978148
#                                   T_start= 0 s
#                                   T_end= 1 s
#                                   CCF campionation= 1e-6 s
#                                   Fit amplitude= 111 s
#                                   Variable bin size= 10 ph/bin
0.00741
0.02345
0.06718
0.07288
0.05684
-0.02706
0.02282
0.02879
-0.02326
0.05128
0.02545
0.0143
0.06423
0.0469
0.04973
-0.05379
0.08231
0.00748
0.00753
0.00731
-0.02034
0.00728
0.09603
-0.08673
0.0469
0.00767
-0.02018
-0.02616
0.05256
0.03063
0.0537
0.0156
0.00821
0.05006
0.00728
0.00902
0.05276
-0.0278
0.10137
0.01635
0.07302
-0.02404
-0.02837
0.10153
0.05447
0.05313
-0.02604
0.07199
0.05529
0.03229
0.05318
-0.02391
0.00803
0.02056
0.00679
0.0569
0.06057
0.00776
0.02816
-0.00674
0.00817
0.0264
0.13659
-0.01925
0.07031
0.05657
0.08314
-0.0046
0.11262
0.07046
0.05031
0.0513
0.03169
0.05479
0.06138
0.00836
0.10044
-0.00988
0.04362
0.00863
0.0553
0.02739
0.06185
-0.0256
0.10521
0.01831
-0.00364
0.03042
0.0491
0.055
-0.06666
0.0827
0.04494
0.0565
-0.02639
0.00703
0.00706
0.05583
0.00312
0.06288
