#Average flux [c/s]: 7635.421784502813
#                                   T_start= 0 s
#                                   T_end= 1 s
#                                   CCF campionation= 1e-6 s
#                                   Fit amplitude= 0.1 s
#                                   Variable bin size= 10 ph/bin
0.00665307
-0.00237094
0.01152471
0.02177968
6.749e-05
0.00087064
0.00596586
0.01745892
0.0117052
0.00446373
0.01333295
#999
0.00868948
0.04397046
0.01243768
0.02159184
0.00653184
0.02912126
0.02359071
0.03414121
0.00651758
0.00692157
0.01381368
0.00060428
0.00717875
#999
0.00199336
0.00367429
0.02641028
0.01024465
0.01379616
0.00093528
-0.00335153
0.00423752
0.00508843
0.02976859
#999
0.02961886
0.02409984
0.00529718
0.02289808
0.00957702
0.01582588
0.01161884
0.02371517
0.00857808
0.00324682
0.00095242
0.01438044
-0.01548894
0.00223711
0.01701287
0.01743784
0.01815066
0.01679049
0.00206585
0.02704799
0.01717745
0.0346093
0.02041895
0.00716582
0.00291602
0.0180155
0.0180037
0.0155933
0.02582813
0.01501875
0.0065192
0.02377613
0.02771449
0.04033388
-0.00160657
0.00521407
0.00309797
0.01255877
0.01855519
-0.01501201
0.00654633
-0.00314902
0.02284103
0.00952619
-0.1319512
0.00667405
0.01615571
0.01087563
0.02247359
-8.386e-05
0.01389453
0.01743212
0.01684841
0.01234374
0.02882021
0.0158071
0.03377486
0.02649984
-0.02905088
0.01672478
0.02681131
0.02341717
0.0176048
