#Average flux [c/s]: 15036.470826874518
#                                   T_start= 0 s
#                                   T_end= 1 s
#                                   CCF campionation= 1e-6 s
#                                   Fit amplitude= 111 s
#                                   Variable bin size= 10 ph/bin
0.03145
-0.01704
0.00919
0.02078
-0.0281
0.04774
0.00306
0.04818
-0.02726
0.00121
0.00866
0.03169
-0.00623
-0.01696
0.01604
0.00381
0.02271
0.00233
0.00341
-0.0057
-0.00627
0.04887
-0.02731
0.00297
0.00291
0.0135
0.02161
-0.00585
-0.00559
0.03256
-0.01337
0.01307
0.01648
0.04812
0.00336
0.00223
0.00599
0.05907
0.04728
0.01277
-0.02736
-0.01699
0.00568
0.00376
-0.01674
0.00698
0.01889
0.00471
0.01589
-0.00638
0.03062
-0.02651
-0.00578
0.00819
0.01445
0.0024
0.01285
0.04829
0.00638
-0.02833
0.05065
0.01504
0.03056
-0.02749
0.01335
0.00368
0.02187
0.04848
0.00405
0.00479
0.00729
0.02678
0.00967
-0.00595
-0.01433
0.02345
0.00347
-0.00636
0.02067
-0.02534
0.01634
-0.00043
-0.01348
-0.01964
-0.00591
0.01618
-0.00606
0.00296
0.00143
-0.01705
0.0134
-0.00613
0.04757
-0.00727
-0.0125
-0.02797
-0.00573
0.04844
0.00595
-0.00592
