#Average flux [c/s]: 3255.2090859562963
#                                   T_start= 0 s
#                                   T_end= 1 s
#                                   CCF campionation= 1e-6 s
#                                   Fit amplitude= 0.1 s
#                                   Variable bin size= 10 ph/bin
-0.00124713
-0.0894527
-0.08309722
-0.02599867
-0.00167921
3.842e-05
-0.02394992
-0.00428985
0.11921129
-0.00125207
-0.04605346
-0.00059239
0.0638525
-0.07475689
0.05481483
0.00204504
0.08844235
-0.09739542
-0.00322416
0.00139764
-0.06922017
0.01574013
0.06029584
-0.03881165
-0.00050504
-0.00190625
9.9e-06
0.08969734
-0.03228732
0.0342653
0.00064656
-0.00366069
0.06250295
-0.04181133
-0.01186436
-0.00155141
#999
-0.04396062
-0.00105525
0.00145878
-0.07793577
0.00101458
-0.11242248
-0.06327492
0.05271072
0.00213315
-0.03444076
-0.00551318
-0.00087143
0.0003751
-0.00304626
0.06775896
-0.06877866
0.13734498
0.00077205
0.06006387
0.0566379
0.00044823
0.04301288
0.08346122
0.06143928
-0.0023568
-0.07866482
-0.00105503
-0.00035345
0.00288649
-0.00198787
0.00408591
-0.05333753
-0.00296738
0.00081458
-0.00132092
-0.03145609
0.02881715
-0.00940843
0.00140874
0.04557945
0.00189094
0.06386603
-0.06291511
0.00354247
0.00010219
-0.00349012
-0.00056408
-0.04255264
0.00184659
0.05909937
-0.0014983
-0.0002398
-0.00261618
0.0016221
0.0516965
-5.502e-05
0.00016284
0.06721561
-0.04981976
-0.06898114
-0.13695729
-0.00049054
0.04377173
