#Average flux [c/s]: 5369.794526633925
#                                   T_start= 0 s
#                                   T_end= 1 s
#                                   CCF campionation= 1e-6 s
#                                   Fit amplitude= 0.1 s
#                                   Variable bin size= 10 ph/bin
0.02191411
0.00650002
0.1308503
0.02248861
-0.01205512
0.02699392
-0.04183739
-0.01729324
0.05680857
0.00469
-0.01145618
0.04447318
0.01733487
-0.0129417
0.00014108
-0.02222332
-0.03019732
-0.0112199
-0.01167645
0.02247769
0.04022653
-0.04063115
0.1805527
0.02692204
-0.05533366
-0.02345622
0.01244474
-0.03145989
-0.00812748
-0.01679801
-0.03323897
0.00238487
0.00538552
-0.01508348
0.03933892
-0.00408674
#999
-0.01288413
0.06370692
-0.02100374
0.01943722
-0.02289018
0.02399845
-0.10262549
0.00566333
-0.01134835
0.01876456
-0.04005723
-0.01438614
0.00367184
-0.03053835
-0.02960578
0.02274507
0.04186666
0.03313707
-0.00408857
-0.03214305
0.01130116
-0.00985792
0.03351165
-0.05040978
-0.02067977
0.00220008
0.16602111
-0.00959957
0.04596777
0.00719647
0.00337088
-0.01756438
0.00942298
-0.05290569
0.04988662
-0.01512313
0.00523075
-0.00454239
0.02120573
0.04091299
-0.00687252
-0.00650237
0.00583861
-0.00115449
-0.06290334
0.05146835
-0.03635242
0.05175063
0.02505564
-0.02956264
0.02041062
-0.00298332
0.05417418
0.01451538
-0.02873463
0.11653279
-0.12439435
0.02606016
0.02587385
-0.00677736
-0.12011419
0.01315306
0.13588236
