#Average flux [c/s]: 8088.5472360765925
#                                   T_start= 0 s
#                                   T_end= 1 s
#                                   CCF campionation= 1e-6 s
#                                   Fit amplitude= 0.1 s
#                                   Variable bin size= 10 ph/bin
0.00240901
0.00829138
-0.01297295
0.00343335
0.02462641
-0.00483764
-3.913e-05
-0.00321856
-0.01067792
-0.01241691
-0.00899503
0.00903318
-0.00600243
-0.00860297
#999
0.00644665
-0.00770243
0.00059728
0.00566274
0.00193898
-0.00907198
-0.0044175
-0.0020221
-0.00861349
0.01323299
-0.07761878
-0.00974557
-0.00020387
-0.00132944
-0.00524643
0.00967114
0.00456097
-0.01184629
0.00203342
0.00556782
0.00244352
0.00144628
-0.00087576
0.00610005
0.01250394
-0.01097677
0.02286819
-0.01351069
-0.01936923
0.01280403
0.01444148
0.01289634
0.01332707
-0.01076399
-4.864e-05
-0.00844978
0.00019817
0.02298085
0.00652699
-0.00050053
0.00030829
-0.00040457
-0.00356616
0.00161436
-0.00727832
-0.01243394
0.00681107
0.00315841
-0.00010918
0.00318016
-0.00035708
0.01495841
-0.0219283
-9.801e-05
-0.00339041
0.01360422
0.00506131
0.01048831
-0.00529432
-0.00067378
0.01191417
-0.00884045
0.00357596
0.09322285
-0.00270171
-0.00062951
0.01207668
-0.01104752
-0.00813634
0.00730705
0.00317119
-0.01778064
0.00213901
-0.00998788
0.00780099
0.00501788
-0.00579118
0.00336474
-0.00841349
-0.01380402
-0.00322141
-0.00512427
-0.02197142
-0.00787088
-0.00199636
