#Average flux [c/s]: 6427.08724697274
#                                   T_start= 0 s
#                                   T_end= 1 s
#                                   CCF campionation= 1e-6 s
#                                   Fit amplitude= 111 s
#                                   Variable bin size= 10 ph/bin
-0.02671
-0.01185
-0.06314
-0.01127
0.01877
-0.00961
0.028
-0.02611
0.05631
-0.07036
-0.03151
-0.01384
-0.01001
0.01791
-0.03023
-0.02497
0.03817
-0.0496
-0.06404
-0.07906
-0.02721
-0.01054
0.00509
-0.00837
-0.05249
-0.01118
-0.00984
0.02684
0.04331
-0.01041
-0.01035
-0.0105
-0.07819
-0.11931
-0.03158
-0.01927
-0.06324
-0.06346
-0.02458
-0.01207
-0.07688
-0.07951
-0.00954
-0.01301
-0.08075
0.0436
-0.0305
-0.08438
-0.0254
0.01845
0.04695
0.02656
-0.02636
-0.0255
-0.00784
-0.01118
-0.05675
-0.03653
-0.05131
-0.08045
-0.00834
-0.10013
-0.02976
-0.00776
-0.00962
-0.01279
-0.063
-0.05672
-0.04271
-0.0133
-0.01191
-0.01001
-0.01155
0.02612
-0.05057
0.01997
-0.07871
-0.03044
-0.05266
-0.03074
-0.04096
-0.01822
-0.05736
-0.01176
-0.01082
-0.02507
-0.00865
-0.00079
-0.02463
-0.04949
-0.06195
-0.05054
-0.00969
-0.00978
-0.06953
-0.02658
-0.05774
-0.07516
-0.03165
-0.01102
