#Average flux [c/s]: 12921.885386196887
#                                   T_start= 0 s
#                                   T_end= 1 s
#                                   CCF campionation= 1e-6 s
#                                   Fit amplitude= 111 s
#                                   Variable bin size= 10 ph/bin
-0.03459
-0.01494
-0.01899
-0.00845
0.02411
-0.0391
-0.02514
0.02106
-0.01735
0.02137
-0.00843
0.00352
-0.00872
0.04034
-0.00846
-0.01487
0.04544
0.05269
-0.01518
0.00316
-0.0251
-0.03982
-0.01707
0.00316
-0.01205
0.00247
0.02512
0.00831
0.0176
-0.00841
0.04578
0.0106
-0.0397
-0.00878
-0.03932
-0.05183
-0.0343
-0.02022
-0.0529
-0.01271
0.02286
-0.03995
0.02267
0.00272
-0.0468
0.02557
-0.00815
-0.01216
-0.01687
-0.02221
-0.01283
-0.0068
0.01161
0.01685
-0.00906
-0.05342
-0.01766
-0.00171
-0.00158
0.02189
-0.00161
-0.03394
-0.01894
-0.05382
-0.00448
0.02292
-0.01766
0.00545
0.00246
-0.02257
-0.03979
-0.00731
0.00132
-0.05231
-0.00929
-0.02107
0.00266
-0.00471
-0.01916
-0.03971
-0.0529
-0.00821
-0.0537
-0.05298
-0.00141
0.0028
-0.02839
0.01931
-0.01744
0.00252
-0.0271
-0.00806
-0.05389
-0.0435
-0.03504
-0.04798
-0.05352
0.01565
0.0416
-0.01318
