#Average flux [c/s]: 10052.090859562963
#                                   T_start= 0 s
#                                   T_end= 1 s
#                                   CCF campionation= 1e-6 s
#                                   Fit amplitude= 0.1 s
#                                   Variable bin size= 10 ph/bin
7.043e-05
0.00538197
-0.00221178
0.01049475
-0.00589287
0.01715391
-0.00511342
-0.00261658
-0.00014707
-0.00682842
0.00083606
-0.00065973
0.00696621
-0.0062839
0.00022887
-0.00050859
0.00342943
0.00275918
-0.01380729
0.00411417
-0.00195423
0.00160714
0.00145936
-0.00030546
-4.233e-05
0.00102429
0.00228841
9.693e-05
0.0135382
0.01015318
0.00061882
-6.611e-05
0.00022686
-0.0154376
-0.00311813
-0.00981832
0.00593657
-0.00017569
-0.00873684
0.00159811
0.01364238
-0.0117709
-0.0013331
-0.01271573
-0.00293564
-0.00358374
0.0009241
-0.00117527
-0.00150061
0.00038004
0.01866905
-0.00124527
-0.0005347
-0.0021902
0.00182067
0.00075947
0.00159544
-0.04579544
-0.00270406
0.09868325
0.00061797
-0.01947225
-0.00390489
-0.02088314
0.02999366
0.0085702
-0.00041896
-0.003865
0.00041916
-0.00402824
0.0037714
-0.00130565
0.00147129
-0.0041463
5.92e-05
-0.00671023
0.01725363
-0.00122524
-0.0001292
0.00120193
0.0033824
0.00615778
0.00088945
0.00843173
-0.00908554
-0.01310882
0.00635482
0.0166608
0.00051804
0.00026453
0.01791604
0.00418038
-0.0007711
-0.00780678
-6.019e-05
-0.00322836
-0.01559515
-0.0006202
0.02189986
0.05415571
