#Average flux [c/s]: 16093.763547213332
#                                   T_start= 0 s
#                                   T_end= 1 s
#                                   CCF campionation= 1e-6 s
#                                   Fit amplitude= 111 s
#                                   Variable bin size= 10 ph/bin
-4e-05
-6e-05
-1e-05
-3e-05
-3e-05
1e-05
-6e-05
5e-05
2e-05
2e-05
2e-05
3e-05
0.00012
-4e-05
5e-05
0.0001
0.00017
-6e-05
0.0
-0.0002
7e-05
4e-05
4e-05
-4e-05
0.00012
-3e-05
-5e-05
6e-05
2e-05
3e-05
-8e-05
-0.00011
0.00013
-0.00012
-3e-05
0.0001
-8e-05
0.00012
-4e-05
-1e-05
7e-05
-0.00011
-1e-05
-0.0001
-0.00013
5e-05
6e-05
4e-05
2e-05
-0.00027
-7e-05
-1e-05
7e-05
5e-05
-7e-05
-0.00014
-4e-05
-7e-05
-2e-05
-3e-05
-7e-05
-2e-05
4e-05
6e-05
-3e-05
-2e-05
0.0002
-2e-05
-6e-05
-2e-05
0.00012
4e-05
0.00011
3e-05
7e-05
0.0
0.00011
2e-05
0.0001
8e-05
0.00017
0.00014
1e-05
0.0001
-0.00016
-9e-05
0.00011
0.00015
2e-05
-6e-05
3e-05
2e-05
1e-05
4e-05
0.0001
0.00011
5e-05
-9e-05
3e-05
0.0002
