#Average flux [c/s]: 13526.052654961928
#                                   T_start= 0 s
#                                   T_end= 1 s
#                                   CCF campionation= 1e-6 s
#                                   Fit amplitude= 111 s
#                                   Variable bin size= 10 ph/bin
0.00012
0.00012
-1e-05
-4e-05
-2e-05
-2e-05
0.0002
-8e-05
-0.00013
0.00016
-7e-05
9e-05
4e-05
0.00017
-0.0001
-2e-05
7e-05
0.0001
2e-05
5e-05
-6e-05
6e-05
-7e-05
-3e-05
0.00014
4e-05
-0.00012
-5e-05
-6e-05
1e-05
0.00011
-9e-05
6e-05
-8e-05
-8e-05
0.00021
2e-05
0.00013
-3e-05
4e-05
1e-05
-0.00018
-0.00011
0.00012
6e-05
-0.00019
2e-05
-0.00015
6e-05
1e-05
-1e-05
5e-05
0.0002
-0.00013
1e-05
-0.00038
0.0
6e-05
-2e-05
-0.00011
-1e-05
3e-05
0.00014
0.00013
0.0
0.0001
-5e-05
0.0001
5e-05
0.00011
-3e-05
-0.00012
-9e-05
-0.00013
-0.00023
-9e-05
0.00013
-5e-05
-0.00026
-6e-05
3e-05
0.00016
-0.00015
-3e-05
0.00012
4e-05
0.00015
-1e-05
-0.0001
5e-05
2e-05
-7e-05
-3e-05
0.0
3e-05
4e-05
0.0001
0.0001
-7e-05
0.0001
