#Average flux [c/s]: 4161.459989103852
#                                   T_start= 0 s
#                                   T_end= 1 s
#                                   CCF campionation= 1e-6 s
#                                   Fit amplitude= 0.1 s
#                                   Variable bin size= 10 ph/bin
0.17916131
-0.11772634
-0.01930389
-0.02273311
0.02243513
-0.11641872
-0.10081347
-0.03550075
-0.00368247
-0.06359773
0.04941052
-0.01359094
-0.10138524
-0.03977698
0.06216154
0.04798132
4.68193432
-0.00659501
-0.00073541
-0.11437948
0.02012267
-0.03624991
0.01204993
-0.03435526
0.13543013
-0.00027419
0.05680539
0.00241542
0.04860724
0.02795192
-0.20018881
0.00107732
-0.00106527
-0.07559782
0.01280462
-0.00133874
-0.00092357
0.04996803
0.05273313
-0.06075042
-0.04418863
-0.01330639
0.22302859
0.13456626
0.00047963
0.00165595
0.05178078
-0.00616862
-0.01609224
0.14509472
0.04032215
0.00584873
-0.01126336
0.10957241
0.05982275
-0.00814049
0.02853348
0.08333578
0.02283565
-0.01160922
0.02163913
0.19393182
0.01143914
0.06976531
-0.12797582
0.00556644
-0.02880311
-0.02092509
-0.09840725
#999
0.03998133
-0.01089066
#999
-0.00612552
0.1248517
0.14068132
0.01549374
#999
0.01545013
0.03414792
-0.07317917
0.02003481
0.03049824
0.19877721
0.16652388
0.02692269
0.06825752
0.14889564
-0.0117805
#999
-0.01329781
0.17765474
0.00412647
-0.0338599
0.08789321
0.00646791
0.03630367
1.05543633
0.0171419
-0.03325358
