#Average flux [c/s]: 10656.258128328001
#                                   T_start= 0 s
#                                   T_end= 1 s
#                                   CCF campionation= 1e-6 s
#                                   Fit amplitude= 111 s
#                                   Variable bin size= 10 ph/bin
0.04364
0.01726
0.00612
-0.03154
-0.00366
0.02184
0.02365
-0.02359
0.0459
0.04471
-0.02393
-0.03159
0.02784
-0.03269
0.04396
0.0451
0.04449
-0.03014
-0.06169
-0.03352
0.06594
0.02527
0.04529
0.00756
-0.0086
-0.03677
0.0334
-0.02718
-0.01928
0.04519
0.04629
0.00589
-0.0264
0.03262
0.00851
-0.00773
0.04355
-0.00713
-0.02604
0.04435
0.00808
0.01113
0.04626
-0.00884
0.00574
-0.02884
-0.01056
-0.00532
-0.02716
0.01089
0.01012
0.02283
-0.00254
0.03057
0.01164
0.00757
0.00315
0.06659
-0.00742
-0.03206
0.06669
-0.02744
-0.00955
0.04499
0.03949
-0.06083
-0.02612
-0.04483
-0.03129
-0.02641
0.01195
0.04462
0.01024
0.01204
0.01054
-0.00817
-0.03226
-0.00882
0.00769
-0.03612
0.04471
-0.032
-0.07004
0.0443
0.01865
-0.0085
-0.00795
0.04394
-0.03273
-0.00864
-0.03691
0.04414
0.06655
0.00603
-0.02846
0.02944
0.00742
-0.05616
0.01276
0.00655
