#Average flux [c/s]: 3104.167268765037
#                                   T_start= 0 s
#                                   T_end= 1 s
#                                   CCF campionation= 1e-6 s
#                                   Fit amplitude= 0.1 s
#                                   Variable bin size= 10 ph/bin
-0.02734139
0.34141541
0.0174308
-0.0341154
0.13541416
-0.01118519
0.11379735
0.28119164
-0.06672702
0.16521607
-0.02275841
0.07462059
#999
0.04655335
0.1037592
-0.02910688
-0.01913294
-0.11371917
-0.03011829
0.35765937
0.18247005
-0.02990926
0.14554013
0.05307762
-0.01491788
0.4778244
0.17612229
0.16175835
0.21944278
#999
0.07680507
0.30233056
-0.1201574
0.13801482
0.26913454
0.01388017
-0.01945601
0.28884618
0.00616632
-0.02321642
0.15921439
0.1670338
-0.15060597
-0.02575885
-0.0263293
0.26894715
-0.1274692
0.16932928
#999
0.2959053
-0.20825614
-0.06025877
-0.11444326
-0.0181305
0.25893781
-0.00202508
-0.03967022
0.08879318
0.07361758
-0.09946861
0.00042156
-0.15454694
-0.00152413
0.23906299
-0.15349425
-0.01677652
-0.43335976
-0.03127582
0.18294752
0.08593919
-0.24880868
0.19684285
-0.0453075
-0.01052168
-0.00197041
0.14944607
-0.03021642
0.16137981
0.00628933
-0.03000248
0.16131542
0.15303477
-0.30506832
-0.05550986
0.45714257
-0.0211212
-0.14173083
-0.24024027
0.00335004
0.23221046
0.02919533
-0.45005261
-0.44126349
-0.00199306
0.00112658
-0.01051622
-0.00113316
-0.09774141
-0.33390232
#999
