#Average flux [c/s]: 6880.2126985465175
#                                   T_start= 0 s
#                                   T_end= 1 s
#                                   CCF campionation= 1e-6 s
#                                   Fit amplitude= 0.1 s
#                                   Variable bin size= 10 ph/bin
-0.01564359
-0.00942275
0.00452614
-0.00228382
0.01150067
0.00026665
0.00806639
-0.00051205
-0.00662865
0.00667948
0.01049234
-0.006501
0.01655381
-0.02741632
-0.00071879
-0.00874188
0.00130242
-0.02319954
0.00418268
-0.01460943
0.00955117
0.00829469
0.00259138
-0.00490762
-0.02675973
-0.00031195
0.01470819
0.01369841
-0.00061465
-0.00067334
0.00513132
-0.00394956
0.00289717
-0.01323853
0.01906313
-0.00923632
-0.01091829
0.01358253
0.00538656
0.01712025
-0.0120009
0.01098417
-0.02505628
0.0128273
0.01489561
0.01357594
0.02218731
0.00029512
-0.01003435
-0.01952408
-0.00395416
-0.02308138
0.01392929
-0.00453806
-0.01058117
0.012123
0.01046068
0.00417625
-7.9e-06
-0.00238825
0.00900988
0.00372956
-0.00882731
0.00315009
-0.00541445
0.00886135
8.845e-05
-0.00729203
-0.00026998
0.01322285
-0.00474298
-0.00902195
0.03182697
-0.01378516
0.01103359
-0.00396234
0.0012638
-0.00797288
-0.01022852
0.01819302
0.00572397
0.00020427
0.01663846
0.01183503
0.00617002
0.01808629
0.01773625
-0.02941008
-0.01503773
0.00600492
-0.00976416
-0.01726729
0.00246773
-0.01059291
-0.02602673
0.00687874
0.00958015
0.01198889
-0.00571911
0.0065322
