#Average flux [c/s]: 14281.26174091822
#                                   T_start= 0 s
#                                   T_end= 1 s
#                                   CCF campionation= 1e-6 s
#                                   Fit amplitude= 111 s
#                                   Variable bin size= 10 ph/bin
0.00243
-0.01038
0.05673
0.04003
0.03932
0.04706
-0.02088
-0.03058
-0.0093
0.0166
-0.00095
0.03969
-0.00941
0.04123
0.01696
0.00733
0.01705
-0.01002
0.01595
-0.0227
0.03981
0.00395
0.00813
0.01688
-0.01066
0.01657
0.03246
0.01635
0.03789
-0.01069
0.01313
-0.0106
0.016
-0.00888
-0.00875
0.03945
-0.00248
0.00751
0.00811
0.00403
0.04011
-0.00212
0.01657
0.01752
0.05555
0.04781
0.01721
-0.04122
-0.00036
0.00589
-0.03896
0.03609
0.0179
0.01546
0.00378
0.03928
0.00677
0.03669
0.01619
0.03935
0.03155
0.04831
0.00353
-0.00131
0.03651
0.00365
0.04035
0.01552
0.03251
-0.00377
0.0047
-0.02211
-0.01342
-0.02183
0.06165
0.01734
0.02578
0.00344
-0.00357
0.00315
-0.01043
0.00655
-0.02994
0.00421
-0.01178
0.04008
0.05416
0.01653
0.01312
0.03094
0.03586
-0.04438
0.01684
0.01548
0.04014
0.01625
-0.00961
0.02517
0.01933
0.03111
