#Average flux [c/s]: 16395.84718159585
#                                   T_start= 0 s
#                                   T_end= 1 s
#                                   CCF campionation= 1e-6 s
#                                   Fit amplitude= 0.1 s
#                                   Variable bin size= 10 ph/bin
-0.00300126
0.00162033
0.00778457
0.00049884
#999
0.00754211
0.00065007
0.00172924
0.00725085
-0.00383588
-0.00476807
-0.00329751
-0.00170897
-0.0024171
0.00513966
-0.00158085
-0.00872561
-0.00941756
0.00567853
-0.00042289
0.00119098
-0.00648082
0.00390893
-0.00093737
0.00191343
-0.0035411
0.01775052
0.00507114
-0.00259328
-0.00566891
-0.00671658
-0.0052823
0.00198967
-0.01127746
-0.00333291
0.00038538
0.00415364
0.00247116
0.00441483
-0.0018731
0.00201657
-0.00412444
-0.00171339
0.00920538
-0.0008917
0.00300156
0.00056795
0.01286914
0.0131687
-0.00281651
-0.00073474
0.00424772
0.00950743
-0.00302741
-0.0017792
-0.00911994
-0.00674993
-0.00010872
0.00083284
0.01081818
#999
0.00121724
-0.00195566
0.00927392
-0.00390927
-0.00577105
0.01267687
0.00297899
-0.0041278
-0.00098102
0.00018433
-0.00546877
-0.00019922
-0.00256701
0.00840395
0.0038928
#999
0.00983379
-0.01455628
0.00024313
0.00596327
0.0033826
-0.00498683
0.00096711
-0.00853112
0.00565934
-0.00240618
-0.00948053
0.01158445
-0.00589607
0.0063678
-0.00718779
-0.01351856
-0.00479021
0.00116698
-0.00627064
0.00856867
0.00170102
0.00064309
-0.00663743
