#Average flux [c/s]: 17000.014450360886
#                                   T_start= 0 s
#                                   T_end= 1 s
#                                   CCF campionation= 1e-6 s
#                                   Fit amplitude= 111 s
#                                   Variable bin size= 10 ph/bin
0.00237
0.00252
0.05397
0.01538
0.02204
0.00838
0.00047
0.01449
0.04745
0.0153
0.03225
0.01435
-0.00226
0.02294
0.01064
-0.01689
0.00224
0.00252
0.01043
0.00855
0.0049
0.01581
0.04652
0.01414
0.00163
-0.04162
0.00277
0.01587
0.00253
0.0062
0.00553
0.00289
-0.01688
0.05076
-0.03347
0.02836
0.0223
0.0144
0.01344
0.00533
-0.02648
-0.02376
0.02228
0.01009
0.00858
-0.01085
0.00422
0.00269
-0.01706
0.02611
-0.00123
0.03153
-0.0173
-0.02402
0.00291
-0.00229
0.00564
0.02197
0.00309
0.05368
0.02187
-0.0068
0.04543
0.04747
0.02267
0.00474
-0.01684
-0.03105
0.02831
0.01459
0.00737
0.0218
0.02211
0.01508
-0.00186
0.01419
0.0003
0.03138
0.01031
0.01346
0.02348
0.02236
0.02793
0.01396
0.02252
0.00268
0.04737
0.03101
0.00987
0.001
0.00525
0.02264
0.02242
0.02241
0.00577
-0.01671
0.02614
0.01439
0.00568
0.04569
