#Average flux [c/s]: 13526.052654961928
#                                   T_start= 0 s
#                                   T_end= 1 s
#                                   CCF campionation= 1e-6 s
#                                   Fit amplitude= 111 s
#                                   Variable bin size= 10 ph/bin
0.02907
-0.04471
-0.01106
0.02878
-0.04433
-0.03355
-0.00985
-0.01025
0.01818
-0.01816
-0.00956
-0.01031
-0.02255
-0.00448
-0.01375
0.00671
-0.04245
-0.00771
-0.02039
-0.00933
-0.00557
0.00624
-0.00962
-0.0174
-0.03888
0.01419
0.01838
0.02964
-0.01014
-0.00554
0.01819
-0.01469
-0.03474
-0.03729
-0.05509
-0.00973
-0.01459
-0.01346
-0.00982
-0.00852
-0.01031
0.02563
-0.00928
0.01845
-0.05013
-0.03368
-0.00904
0.02761
0.00851
-0.01482
-0.01793
0.01299
-0.00921
-0.04458
-0.03401
-0.04124
-0.00917
-0.00485
-0.02734
-0.00978
-0.04457
0.01027
-0.02625
-0.01431
-0.00445
-0.04432
-0.03869
-0.02066
-0.01402
-0.03209
-0.01804
-0.0149
-0.02711
-0.00968
-0.00437
0.01838
-0.04375
-0.04605
-0.04362
-0.01054
-0.00422
-0.0152
0.02027
-0.04005
-0.00908
-0.01431
-0.03472
-0.03822
-0.00929
-0.0091
-0.01283
-0.01391
-0.00908
-0.01116
-0.03744
-0.0114
-0.04497
-0.0491
-0.02226
0.00792
