#Average flux [c/s]: 4312.501806295111
#                                   T_start= 0 s
#                                   T_end= 1 s
#                                   CCF campionation= 1e-6 s
#                                   Fit amplitude= 111 s
#                                   Variable bin size= 10 ph/bin
-0.03504
-0.06492
-0.07135
-0.00621
0.00369
0.00316
-0.06425
-0.14996
-0.07758
-0.07479
0.03844
-0.06686
-0.03826
-0.03791
0.0024
-0.11196
0.03249
-0.0073
0.00686
0.00363
-0.03908
-0.09818
0.00857
-0.06476
-0.04804
-0.06073
-0.11404
-0.1137
0.09033
-0.00683
0.02418
-0.06081
-0.07292
0.00528
-0.03109
0.00794
0.05998
0.0012
-0.06131
0.00855
-0.07518
0.1128
0.04738
-0.00363
-0.06131
-0.0735
-0.06361
-0.06708
-0.03661
0.06693
0.00247
-0.11281
-0.06701
-0.18279
0.06531
-0.11298
-0.035
-0.20583
-0.00826
0.13381
-0.03671
-0.02348
0.00693
-0.20611
-0.05892
-0.1569
0.03331
0.00315
-0.11739
-0.03766
-0.03564
0.0643
-0.11566
0.09365
-0.13037
-0.07307
-0.07447
0.0521
-0.04833
-0.08278
-0.02891
-0.00367
0.00164
0.13455
0.0102
-0.00936
-0.03603
0.0035
-0.11821
0.02947
-0.04246
-0.08253
-0.01595
0.00882
0.00592
-0.15428
-0.06591
0.06669
-0.06633
0.0019
