#Average flux [c/s]: 4916.669075060147
#                                   T_start= 0 s
#                                   T_end= 1 s
#                                   CCF campionation= 1e-6 s
#                                   Fit amplitude= 111 s
#                                   Variable bin size= 10 ph/bin
-0.01799
-0.05049
0.10585
-0.00861
0.0318
-0.02139
-0.01038
0.05693
-0.03582
-0.00584
-0.00716
-0.01856
-0.03051
0.00888
-0.03055
-0.03613
-0.0358
-0.00785
0.107
-0.01347
0.10922
-0.00783
0.06128
-0.0227
-0.00742
-0.02684
0.00061
-0.02087
0.00894
-0.01815
0.00947
-0.01207
0.01087
-0.02192
-0.03463
-0.04784
-0.00899
-0.04872
-0.00726
-0.02347
0.10198
-0.03491
0.00937
-0.02115
-0.04727
0.04206
-0.03628
-0.01583
0.01659
-0.06707
0.02838
-0.02005
0.03148
0.0059
-0.047
-0.00098
-0.07101
-0.03522
-0.0185
0.00317
0.05474
0.0298
0.05439
0.01522
0.05401
-0.0823
-0.00793
-0.03675
0.05657
-0.04858
-0.01506
0.01251
-0.02448
0.04214
-0.02204
-0.08837
-0.01512
-0.06372
-0.01495
-0.02098
0.01083
0.05639
0.05796
-0.03563
-0.03527
0.00915
-0.02448
-0.01804
-0.04798
-0.08067
-0.16921
0.05574
0.01754
0.05529
-0.07507
0.09822
-0.08275
0.05143
0.05899
-0.00936
