#Average flux [c/s]: 15942.721730022073
#                                   T_start= 0 s
#                                   T_end= 1 s
#                                   CCF campionation= 1e-6 s
#                                   Fit amplitude= 111 s
#                                   Variable bin size= 10 ph/bin
0.03253
0.03013
0.02715
0.00976
-0.00964
-0.04049
0.01149
0.03414
0.02668
0.00904
0.02746
0.01774
0.04795
0.01773
0.02717
-0.01638
0.0029
0.0018
0.03848
-0.03466
0.02805
-0.02927
0.0058
0.0331
-0.03433
0.03445
0.03573
0.02747
0.02427
-0.02742
-0.0015
-0.00843
0.01123
0.03461
0.01081
0.01906
0.00265
0.03422
-0.02567
0.02375
0.024
0.0351
0.03271
-0.01019
-0.01965
0.02838
0.01766
0.02692
0.05293
0.01099
0.01822
0.02011
0.02709
0.02311
0.02797
0.02413
0.01061
0.0181
0.02675
0.01731
0.02979
0.02739
-0.0091
-0.01953
0.01167
0.02579
0.00995
0.01688
0.02747
0.0
-0.01435
0.02804
0.02662
-0.00176
0.02717
0.03043
-0.00334
-0.0271
0.01104
0.03007
0.03103
0.01107
0.05095
0.01617
0.0239
0.04135
0.02422
-0.03445
0.02979
0.01726
-0.02063
0.03863
0.00039
-0.01705
-0.01971
0.03524
-0.03313
-0.02678
0.02693
-0.04085
