#Average flux [c/s]: 15791.679912830816
#                                   T_start= 0 s
#                                   T_end= 1 s
#                                   CCF campionation= 1e-6 s
#                                   Fit amplitude= 111 s
#                                   Variable bin size= 10 ph/bin
1e-05
-2e-05
-6e-05
5e-05
-1e-05
9e-05
-5e-05
-0.00012
-6e-05
9e-05
3e-05
6e-05
2e-05
2e-05
-0.0001
2e-05
6e-05
9e-05
7e-05
5e-05
-6e-05
0.00024
6e-05
1e-05
3e-05
4e-05
-9e-05
-6e-05
5e-05
1e-05
-3e-05
-6e-05
6e-05
2e-05
-3e-05
0.00014
-0.00014
1e-05
9e-05
-6e-05
-4e-05
-0.00011
-3e-05
5e-05
0.0
2e-05
3e-05
8e-05
-9e-05
5e-05
-0.00022
4e-05
9e-05
-2e-05
0.0
-0.00011
-4e-05
6e-05
2e-05
-3e-05
-8e-05
0.00016
0.00013
-0.00011
-9e-05
-3e-05
-1e-05
-2e-05
1e-05
-0.00012
-6e-05
-2e-05
-1e-05
-3e-05
-3e-05
-0.00013
6e-05
9e-05
0.0
0.00025
0.00011
-2e-05
-0.00027
7e-05
3e-05
5e-05
-7e-05
-5e-05
-2e-05
-0.00013
-0.00012
1e-05
4e-05
-1e-05
-8e-05
-8e-05
-0.00014
-8e-05
-1e-05
4e-05
