#Average flux [c/s]: 2500.0
#                                   T_start= 0 s
#                                   T_end= 1 s
#                                   CCF campionation= 1e-4 s
#                                   Fit amplitude= 0.1 s
#                                   Variable bin size= 10 ph/bin
0.00073795
0.21337196
0.36591072
0.06920708
-0.07426702
-0.18612154
-0.0022529
0.0010022
-0.00787541
-0.00853601
0.42201141
0.14521204
-0.01030489
-0.00374917
-0.08964087
-0.00641454
0.05498637
-0.1053596
-0.07166591
0.01216583
-0.04584382
0.0180829
-0.0151088
0.04887014
-0.03822896
-0.00148033
-0.00108458
-0.06024404
0.00330231
-0.01048066
-0.00141921
-0.00060109
-0.05058089
-0.12802765
-0.09633789
0.05276292
0.0127183
-0.62208735
0.0098297
-0.01690786
0.01904981
0.00227622
-0.00370306
0.00972894
0.02230989
0.02242075
-0.38762993
-0.00060657
-0.00121138
0.1531139
-0.00038235
-0.04587658
-0.00221221
-0.02493204
-0.00206726
0.01623918
0.00035568
0.01293625
0.48694189
0.00362749
-0.00037505
0.0001832
-0.00137555
-0.03183924
-0.00095894
0.00058089
-0.03495055
-0.04156254
0.06591826
-0.31118254
0.00055489
0.31972327
-0.43287855
0.03612091
-0.00030149
0.48902258
-0.01154621
0.07495248
0.01404313
0.01585638
-0.0817528
0.01326518
0.00315147
0.01799473
0.00062751
0.01029327
0.00111727
-0.00273228
-0.01789128
0.00011329
0.00169995
0.01683912
-0.47963273
0.00745571
-0.35702874
-0.03766753
0.03744464
0.00345069
0.00478922
0.00347674
