#Average flux [c/s]: 6276.04542978148
#                                   T_start= 0 s
#                                   T_end= 1 s
#                                   CCF campionation= 1e-6 s
#                                   Fit amplitude= 0.1 s
#                                   Variable bin size= 10 ph/bin
7.73e-06
-0.00736133
-0.00056482
0.00045616
-0.00483632
0.00495709
-0.00311686
0.00296969
-0.00975781
-0.01119098
-0.00065732
-0.01971941
-0.01392725
0.00200642
0.00165067
-0.0096002
-0.0142755
-0.00056626
0.00725698
0.00069765
0.00148064
-0.00215667
-0.02444132
-0.00128997
0.01500435
0.00143257
0.00420646
-0.01336864
7.228e-05
0.0037851
-0.00353748
-0.00798238
0.01305287
0.00250584
0.00149054
-0.00757583
0.00805527
0.00291267
-0.00691386
0.02035039
0.01480359
-0.01552462
0.00938216
0.00652807
-0.01490495
0.00882122
0.00099267
-0.00628007
-0.0063208
-0.00131048
0.00128512
1.491e-05
0.00084606
-1.443e-05
-0.00402157
-0.00834063
-0.00025848
0.02860283
-0.00057165
-0.00068772
-0.00701194
0.01913194
0.00026262
-0.00136051
-0.00435107
0.00895574
0.01230533
-0.03299877
0.00416414
-0.00724464
-0.00133136
0.00612871
-0.00077917
-0.02264315
0.01734082
0.00039077
0.00428523
-0.02081516
-0.00917618
-0.01679581
-0.00041609
-0.00152926
0.00374592
-0.0001554
0.00338355
0.01744268
-0.00024704
0.0052182
0.00716486
0.00048977
-0.01759665
-0.00060833
0.01650272
0.00714262
0.00752726
-0.01550945
0.0098726
0.00614856
-0.01551476
-0.00811678
