#Average flux [c/s]: 5973.961795398962
#                                   T_start= 0 s
#                                   T_end= 1 s
#                                   CCF campionation= 1e-6 s
#                                   Fit amplitude= 0.1 s
#                                   Variable bin size= 10 ph/bin
0.00962433
0.01123329
-0.00806888
-0.00823091
0.00085623
0.0082773
-0.03223727
-0.00520537
-0.0100171
-0.0020876
-0.00197195
-0.00907599
0.0098476
-0.00279875
0.01209457
-0.00561648
-0.00722902
0.01963781
0.00133954
0.00034621
-0.0001524
0.00326945
-0.0143728
-0.00419931
0.01759179
-0.00386219
0.01176986
0.01155847
-0.02127708
-0.0014738
2.587e-05
-0.0100593
-0.00169022
-0.00261969
-0.01783334
0.00103655
-0.01528255
0.00761624
-6.735e-05
0.00219609
-0.00361532
0.03176347
0.00213629
0.00831311
-0.02229589
0.0072375
0.00926108
0.01593189
0.04102188
-0.01168545
0.00405416
0.00523389
0.01730575
0.00386255
-0.01940938
-0.00414587
-0.01605839
0.00240453
-0.01486743
0.00276191
-0.00240497
-0.00117161
0.00038499
-0.00460078
-0.01391782
0.00345517
0.00755695
-0.01334451
0.00590021
-0.01349304
-0.00334567
-0.00789703
0.00248737
0.00620225
-0.00127567
-0.00384895
-0.0002175
0.0032928
-0.0050546
-0.01155721
0.00838534
-0.01748677
-0.00360396
-0.01177375
0.01233183
-0.02945093
-0.01204615
-0.00540464
0.01950761
0.00041556
-0.00240729
0.00068572
-0.0323682
0.00989089
0.00397754
0.00713915
0.02144454
-0.00533057
-0.0246057
0.01376471
