#Average flux [c/s]: 6729.17088135526
#                                   T_start= 0 s
#                                   T_end= 1 s
#                                   CCF campionation= 1e-6 s
#                                   Fit amplitude= 0.1 s
#                                   Variable bin size= 10 ph/bin
-0.0013504
-0.01757074
-0.00524803
0.00439886
-0.00708397
-0.01158185
-6.731e-05
0.01392918
0.00026197
0.02004616
-0.01513389
0.00816588
-0.01291623
0.00019543
-0.00569213
-0.00930673
-0.02466314
0.02631913
-0.01760564
0.0048018
0.01705407
-0.00375728
-0.00074441
-0.01130831
-2.441e-05
-6.869e-05
-0.00096257
-0.00280107
0.00057175
0.00851552
0.01353899
0.00038025
-0.0083555
0.02630589
-0.00011075
0.00013432
-0.01503498
0.0162182
-0.00870321
-0.00020113
-0.00080708
-5.175e-05
-0.01554665
-0.00760302
-0.00854408
0.0113447
-0.00484167
-0.00512441
-0.00034365
0.00359012
0.00309618
0.01109245
-0.04365632
-0.01426269
0.00014124
0.00497721
-0.01140274
-0.00044841
-0.00495324
0.02415836
0.02133029
0.00250831
0.00534994
-0.00385854
0.02675236
-0.01752425
2.882e-05
0.00032388
0.00571522
0.00800413
0.00738148
0.00497178
-0.01796636
0.01784356
-0.03725095
-4.137e-05
-0.014745
-0.03022925
-0.01466341
0.017465
0.01387418
-0.00133088
-0.0110671
0.01363857
-0.09062901
-0.01168086
0.00010593
0.01063988
-0.00312929
-0.0128861
-0.01621719
0.00919298
-2.901e-05
-2.141e-05
-0.0124407
-0.07056236
0.017264
-0.00052842
0.01321839
-0.01686412
