#Average flux [c/s]: 6276.04542978148
#                                   T_start= 0 s
#                                   T_end= 1 s
#                                   CCF campionation= 1e-6 s
#                                   Fit amplitude= 111 s
#                                   Variable bin size= 10 ph/bin
-0.00024
-0.00017
-0.00011
-0.00033
0.0
0.00018
0.00051
-0.00022
5e-05
0.0004
-0.00016
-0.0007
-8e-05
-0.0002
-0.00039
0.00048
-0.00037
0.00018
0.00032
0.00028
0.00024
0.00022
-0.00011
-0.00057
-7e-05
-0.00033
0.00041
-0.00035
0.00036
0.0003
-0.00017
-0.00021
-0.00013
-0.00038
0.00032
-7e-05
3e-05
-0.00043
0.00029
-5e-05
-9e-05
0.00022
-0.00035
0.00036
-0.00035
-5e-05
0.00028
-9e-05
0.00081
0.00022
0.00051
-0.00016
0.0001
-7e-05
-9e-05
0.00026
0.00039
-0.00058
-0.00024
8e-05
0.00022
0.0003
0.00017
8e-05
0.00045
-0.00024
0.00019
-0.00046
0.00058
-0.00023
-0.00015
0.0006
-8e-05
-0.00038
-0.00044
0.00017
0.00014
0.0002
-0.00028
-0.00015
0.00037
0.00019
0.00022
-0.00028
-0.00029
-0.00025
0.00011
0.00045
-0.00066
-0.00055
-0.00057
-8e-05
0.00021
0.00017
0.00043
-0.00049
-0.00018
-0.00011
0.00011
0.00016
