#Average flux [c/s]: 6729.17088135526
#                                   T_start= 0 s
#                                   T_end= 1 s
#                                   CCF campionation= 1e-6 s
#                                   Fit amplitude= 111 s
#                                   Variable bin size= 10 ph/bin
0.07558
-0.08988
0.01019
-0.05192
-0.02819
0.00633
-0.00189
-0.02454
0.01993
0.02515
-0.02408
0.02527
-0.03093
0.02392
-0.02044
0.00756
-0.01964
0.03372
0.03577
0.0454
0.04478
0.04474
-0.02342
0.0459
0.10777
-0.00042
-0.04921
-0.02069
0.02199
0.02086
-0.0067
0.04678
0.00704
0.04595
0.04405
0.02348
0.00762
0.0159
0.04398
0.04513
-0.05407
0.04379
-0.00672
0.01872
-0.01886
0.03337
-0.03006
0.04709
0.07766
-0.023
0.01489
0.08423
0.02379
0.07552
0.02025
0.04561
0.07653
-0.04733
-0.00545
0.01217
-0.02381
0.01615
-0.03112
0.04275
0.02446
-0.01896
-0.04825
-0.0522
0.04948
-0.00561
-0.01987
0.04351
-0.01913
-0.02264
0.03122
0.04595
0.0328
0.03436
-0.0089
-0.05414
0.0457
0.08755
0.08767
0.06828
0.04089
0.03842
0.04534
-0.04697
0.04379
0.06761
0.07607
-0.00448
0.00041
0.04297
-0.02882
-0.02059
0.01626
0.03778
-0.01946
-0.00033
