#Average flux [c/s]: 4765.627257868888
#                                   T_start= 0 s
#                                   T_end= 1 s
#                                   CCF campionation= 1e-6 s
#                                   Fit amplitude= 0.1 s
#                                   Variable bin size= 10 ph/bin
-0.00029406
0.00296505
-0.06663676
0.00172182
0.00056817
0.0072147
-0.01004608
0.00092546
-0.0091401
0.00288554
-0.00092854
0.0004666
0.00017945
0.00649819
0.00691632
-0.06242407
-0.0088376
0.00624991
-0.00801945
-0.06673069
-0.06611077
0.01293697
0.00010679
-0.00084918
0.00023131
0.00586465
8.518e-05
-0.01516332
0.0010405
0.00468955
0.00302109
-0.00039569
0.00295527
0.01204147
4.068e-05
-0.00060275
-0.08152835
0.00017744
-9.51e-06
-0.02445485
-0.00030363
-0.01384137
0.00100386
-0.01087728
0.01796905
0.00013505
-0.0056342
-0.00060736
1.731e-05
0.01443934
0.01266458
-0.0015064
-0.07293203
-0.00116619
0.0010735
0.00081848
-0.01293201
-0.00811216
-0.00161914
0.01555042
-8.236e-05
7.3e-07
-0.0008424
0.09503722
-0.00017205
-0.00022656
0.00089969
0.00327367
0.00033394
0.05230574
0.00020447
0.01358451
-0.00345914
-0.00876147
0.00154857
0.0027191
-0.06509173
0.000605
-0.00635858
0.00078292
0.0003845
0.00098409
0.00139492
-0.00105268
0.00168477
-0.02643015
-0.00119395
-0.00383534
-0.00723883
-0.071474
0.00266003
0.00052117
-0.00028616
-0.00043898
0.00093343
-0.005898
-0.00044966
0.00112451
-0.0033595
-0.02507634
