#Average flux [c/s]: 4312.501806295111
#                                   T_start= 0 s
#                                   T_end= 1 s
#                                   CCF campionation= 1e-6 s
#                                   Fit amplitude= 0.1 s
#                                   Variable bin size= 10 ph/bin
-0.00715158
0.00023537
-0.01762395
-7.675e-05
-0.0615818
0.02679979
0.0037899
-0.00054908
-0.10344914
0.00127024
-5.752e-05
-0.00336637
-0.00077423
0.01581713
-0.00885382
0.08217757
0.00068041
-0.03371085
0.00981972
0.00686586
0.02529065
-0.01550957
0.00013879
-3.02e-06
0.07533606
-0.00522333
-8.924e-05
0.03788251
-0.01513053
-0.00073488
0.00566756
0.01147284
-0.0002423
-0.04797333
0.00334339
0.0765853
-0.02267603
-0.00028362
0.01549424
-0.00646889
0.01374795
-0.00057143
-0.01394833
0.00993465
0.01824768
0.0196967
-0.00998716
0.00865477
-0.00185105
-0.00034907
-0.00037444
0.07355524
0.00438499
0.00018047
-0.01107275
-0.00035608
0.00313664
-0.00166536
0.07096989
0.04192587
0.00029468
-0.01881637
-0.06853603
-0.00411015
-0.07013941
-0.04409441
0.00028338
-0.06852884
0.0504222
-0.00744673
0.085696
-0.0070793
-0.01006382
-0.0129026
-0.00501519
0.00336924
-0.00023453
-0.07107317
0.06688029
0.01777027
-0.0003236
0.00029588
-0.00024708
-0.00031992
0.04505881
0.00145311
0.00437937
-0.01768133
-0.01150097
-0.01786306
-0.01422243
-0.01193998
-0.07924524
0.10757568
0.00077268
-0.00998646
0.0004175
0.00073679
0.00070357
0.00026065
