#Average flux [c/s]: 17151.056267552147
#                                   T_start= 0 s
#                                   T_end= 1 s
#                                   CCF campionation= 1e-6 s
#                                   Fit amplitude= 111 s
#                                   Variable bin size= 10 ph/bin
-0.00424
0.0039
-0.0045
0.01661
-0.0197
0.00326
0.00104
0.00127
0.01629
0.01118
0.01024
0.00331
0.01039
-0.02273
0.0128
-0.02287
0.00117
0.01707
-0.02264
0.01251
0.00316
-0.01628
0.01053
0.00373
-0.029
0.0124
0.01029
0.00243
0.00081
0.02074
0.00869
-0.0103
0.00056
0.00353
-0.01522
-0.00279
-0.00072
-0.01128
-0.0099
-0.00811
-0.0001
0.01302
-0.00461
-0.00474
-0.00109
-0.00142
0.00202
0.00195
0.00069
0.00265
0.0088
-0.01068
-0.02276
0.00395
0.00501
-0.00965
-0.00481
0.00108
0.02473
-0.00661
0.01227
-0.00101
-0.00454
-0.03984
0.00149
-0.01155
-0.02593
0.0032
-0.04023
0.003
-0.03964
0.01199
0.0034
0.00164
0.01074
-0.00501
0.00159
-0.00479
0.03593
0.00156
-0.003
0.01269
-0.00366
-0.0331
-0.00715
-0.00974
0.00205
0.00264
0.00291
0.00254
0.0191
-0.00607
0.00283
0.00266
-0.01071
0.01692
0.00723
-0.02802
0.01602
0.01009
