#Average flux [c/s]: 13979.178106535705
#                                   T_start= 0 s
#                                   T_end= 1 s
#                                   CCF campionation= 1e-6 s
#                                   Fit amplitude= 111 s
#                                   Variable bin size= 10 ph/bin
0.01342
0.00235
-0.04005
-0.04098
0.00787
0.01359
-0.02665
-0.00592
0.0166
0.01346
0.01393
0.01369
-0.02098
0.01903
0.02615
-0.00903
0.02644
0.02686
-0.06015
0.04165
0.00857
-0.02732
-0.01399
0.02608
-0.0546
0.0172
-0.01363
0.02665
0.02213
0.03711
0.04167
0.00853
0.01292
0.01823
0.00805
0.01837
0.04095
0.01284
-0.01268
0.01856
-0.01218
0.0189
0.04133
0.0186
0.01949
-0.0264
-0.02702
0.02735
0.01327
0.00829
-0.02571
0.01384
-0.01272
-0.02797
0.02649
0.02629
-0.02787
0.00421
-0.04137
0.00962
0.01359
0.02654
0.01873
0.01245
-0.02729
-0.00203
0.02428
0.02606
-0.02527
-0.01241
-0.05753
-0.04057
-0.03081
-0.03193
-0.00769
-0.02595
0.00762
-0.0273
0.01778
0.00848
-0.02722
0.00924
0.02569
-0.01284
0.04135
-0.02467
0.02623
0.01842
0.01809
0.02639
-0.02669
-0.02374
0.03352
0.01911
0.02645
-0.04708
0.01963
-0.01254
0.0082
0.02639
