#Average flux [c/s]: 16244.805364404589
#                                   T_start= 0 s
#                                   T_end= 1 s
#                                   CCF campionation= 1e-6 s
#                                   Fit amplitude= 111 s
#                                   Variable bin size= 10 ph/bin
0.02594
-0.02898
0.02036
-0.00081
0.02664
0.06579
-0.01783
0.01982
-0.0147
-0.01018
0.02703
-0.00277
-0.01912
-0.01466
-0.03425
-0.01316
-0.00183
0.02194
0.01855
-0.00485
0.01654
-0.00151
-0.00097
0.02009
-0.00152
0.01906
0.0275
0.01913
-0.01641
-0.0099
0.03429
0.02559
-0.00026
-0.03237
0.01104
0.02674
-0.01361
-0.00058
0.02551
-0.019
0.0263
-0.0159
-0.0117
0.0257
-0.01173
-0.00099
0.00243
-0.01031
-0.00057
0.01775
0.02593
0.02714
-0.00174
0.01525
-0.01188
0.02647
0.01813
-0.01437
-0.02123
0.01928
0.02694
-0.00923
0.02577
0.00458
-0.0006
-0.00058
-0.00969
-0.00972
0.02653
0.01906
-0.01935
0.02194
0.02687
-0.01313
-0.00995
0.0277
-0.00307
0.01899
-0.00078
-0.01439
0.02596
-0.03677
0.01967
-0.00222
-0.01898
0.02611
-0.00172
-0.00175
-0.00986
-0.00163
0.02722
-0.01093
0.03486
-0.01416
0.03179
-0.0147
0.01787
-0.01234
-0.03269
-0.00999
