#Average flux [c/s]: 6276.04542978148
#                                   T_start= 0 s
#                                   T_end= 1 s
#                                   CCF campionation= 1e-6 s
#                                   Fit amplitude= 0.1 s
#                                   Variable bin size= 10 ph/bin
#999
-0.00292418
-0.0175679
-0.01301975
-0.01306024
0.0608224
-0.00175388
0.00151142
-0.00897897
0.00515221
-0.03659813
-0.00846058
-0.01466091
0.01818919
-0.02029831
0.0014851
-0.03999739
-0.03613943
-0.01684339
-0.02389501
-0.00972637
-0.01661737
-0.00619837
-0.02650516
-0.02330355
0.00010916
-0.03201632
-0.03982413
0.00113644
-0.03244362
-0.02678221
-0.05033262
-0.03050497
-0.00039073
-0.02231446
0.01161942
-0.03042481
0.00137673
-0.0041571
-0.02531632
0.01368301
-0.01527805
-0.01182632
-0.03057383
-0.00546606
-0.01838852
-0.0151008
-0.04106822
-0.01018218
-0.05601594
-0.03477036
-0.01149106
-0.02386554
-0.08774653
-0.04543969
-0.01997585
-0.02769247
-0.01544069
-0.03036715
-0.00520089
-0.02830583
0.00415328
-0.00980463
-0.05280533
-0.0074656
-0.02839371
-0.05100379
-0.0261083
-0.03060807
-0.01210944
-0.01924994
-0.00674083
-0.00868659
-0.03771208
-0.01970924
-0.21082604
-0.03989706
0.00642021
-0.03189177
0.00398043
-0.00353333
-0.03476644
0.00034643
0.00383296
-0.00025855
-0.04334441
0.00227197
0.00095371
0.08720102
-0.00220835
-0.01527486
-0.02396306
-0.02688821
-0.04028019
-0.00402299
-0.0558025
-0.0016659
-0.01781205
-0.01260627
-0.00912688
