#Average flux [c/s]: 9296.881773606667
#                                   T_start= 0 s
#                                   T_end= 1 s
#                                   CCF campionation= 1e-6 s
#                                   Fit amplitude= 0.1 s
#                                   Variable bin size= 10 ph/bin
0.00859639
0.02328349
0.00650624
0.02156399
0.00914431
0.01217389
0.00946212
0.02809022
-0.00323788
-0.00275078
0.01769091
0.00910734
0.030757
0.01186909
0.01234847
0.01158192
0.02047286
0.02067745
0.022853
0.01595428
0.00067769
0.025299
0.02147017
0.01705765
0.0229767
0.01350272
0.01523214
0.02265665
0.00233232
0.02113991
0.01614759
0.03172209
0.01749567
0.02214782
0.02169285
0.00854439
0.00944645
-0.00957069
0.00667607
-0.0001232
-0.00457188
#999
#999
0.01679383
0.0096353
0.00325059
0.00809206
0.02292998
0.01420899
-0.0017205
0.02124428
0.00683137
0.01491841
0.02728855
0.01776695
0.00236888
0.01371127
0.02780294
0.01542337
0.00168907
0.01674133
0.01025533
-0.00648056
0.0125822
-0.01637457
0.035013
0.01759607
0.0153669
0.01060147
0.02680237
0.0056499
0.01704209
0.00835669
0.01137788
0.01904557
0.00703365
0.01474499
0.00334379
0.01387594
0.02098832
0.01265576
0.01357497
0.01548667
0.01007394
0.01379379
#999
0.01468685
0.01775756
-0.00076999
0.01372545
0.0042804
-0.00171603
0.01216111
0.02416186
0.04233944
0.0094338
0.01392604
0.00721398
0.01568921
0.01329846
