#Average flux [c/s]: 12921.885386196887
#                                   T_start= 0 s
#                                   T_end= 1 s
#                                   CCF campionation= 1e-6 s
#                                   Fit amplitude= 0.1 s
#                                   Variable bin size= 10 ph/bin
#999
-0.01229747
-0.00242201
0.00436562
-0.01372824
0.00659606
-0.01618685
0.01125565
0.01648267
0.00267709
0.00604276
0.01405649
0.00113732
0.00981738
0.00217558
0.00015635
0.00027517
0.00059201
-0.01766722
-0.00363309
0.00199965
-0.00228786
-0.00574315
-0.00154223
0.01218263
0.00778599
0.0010666
0.00317784
0.00286038
-0.00314247
-0.00783487
-0.00860626
-0.00013512
0.01050744
-0.00765461
0.00529173
0.00391166
0.00219833
-0.00459845
-0.00195315
-0.00791708
0.00514394
-0.00220482
0.0076777
0.00056206
-0.00523629
0.00097325
#999
#999
0.00594879
0.00525627
0.00172028
-0.00153454
#999
0.00968631
0.01075682
-0.00844769
-0.00641218
-0.00179861
0.00013011
0.00998731
-0.00665632
-0.00999984
0.00154999
0.00088893
-0.00036726
-0.00671564
0.01113003
-0.00402352
0.0108143
0.00768321
0.00319272
-0.00950595
0.00167834
0.00236963
#999
-0.00578755
0.0054359
0.00360116
0.00649899
0.01286278
-0.00187663
0.00790409
-0.00940761
-0.00197117
0.01568649
-0.00193985
0.0002769
#999
0.00258923
0.00042412
0.00293692
#999
-0.00551986
0.00195929
0.0041983
0.01523189
-0.01011213
-0.01006638
0.0063128
