#Average flux [c/s]: 10505.216311136739
#                                   T_start= 0 s
#                                   T_end= 1 s
#                                   CCF campionation= 1e-6 s
#                                   Fit amplitude= 0.1 s
#                                   Variable bin size= 10 ph/bin
-0.02894767
-0.00392658
-0.02079373
-0.0259336
-0.0080368
-0.01745589
-0.0260562
-0.01598158
#999
-0.03065958
#999
#999
-0.02101998
-0.01758602
-0.02629965
-0.01747436
-0.02281767
-0.02815712
-0.02545377
-0.03211105
-0.0127798
-0.03725694
-0.01336117
-0.03391307
-0.02943131
-0.00063304
-0.00866317
-0.01529616
-0.01563571
-0.01947152
-0.02937261
-0.02070321
-0.01343619
-0.01252494
-0.01246592
-0.01015786
-0.01391429
-0.01693106
-0.00693983
-0.01986667
-0.00881687
-0.03004672
-0.01233064
-0.03061205
-0.02102218
-0.01720996
-0.0153252
-0.02545719
#999
-0.01328235
-0.0319669
-0.01660045
-0.01499251
-0.01376774
-0.02180161
-0.01043215
-0.0224497
-0.02255855
-0.00280588
-0.02443993
-0.011777
-0.00474993
-0.01907752
-0.00968713
-0.01454964
#999
-0.0233532
-0.02344838
-0.01573627
-0.02206541
-0.00456571
-0.01974202
-0.01054989
-0.01073271
-0.029252
-0.03797692
-0.02862921
-0.01512407
-0.0238056
-0.01753896
-0.02264157
-0.01866788
-0.00520772
-0.02185591
-0.01391239
-0.01374314
-0.02258711
-0.03077116
-0.01741105
-0.00419281
-0.0056387
-0.0164379
-0.02064069
-0.02059371
-0.0161881
-0.03250913
-0.01504994
-0.01574378
-0.00347609
-0.0215661
