#Average flux [c/s]: 2953.125451573778
#                                   T_start= 0 s
#                                   T_end= 1 s
#                                   CCF campionation= 1e-6 s
#                                   Fit amplitude= 111 s
#                                   Variable bin size= 10 ph/bin
0.12219
0.01098
-0.01449
0.14635
-0.09965
0.14908
0.15295
0.0748
0.13338
-0.14467
0.27778
-0.12904
0.26255
-0.45748
0.01233
0.40944
0.06734
0.00104
-0.13987
-0.10577
-0.01222
0.12344
0.27939
0.06524
0.1831
-0.27202
-0.14771
-0.34356
0.39007
0.18157
0.38742
0.08426
0.44339
0.0701
0.07165
0.45236
0.26364
0.26655
0.18563
0.12786
0.07006
0.18328
0.12335
0.17073
-0.14466
0.12258
0.32866
0.07004
0.4502
-0.09111
-0.14914
0.38741
0.01398
0.18328
0.39153
0.06537
-0.15154
0.07186
0.26887
0.14522
-0.05734
0.05795
0.26347
0.35868
0.14187
-0.05128
0.15375
-0.3477
0.07232
0.27919
0.26532
0.25857
0.26331
0.22986
-0.45486
-0.14385
0.26848
0.05988
0.12134
0.44891
-0.01394
0.15152
0.06612
0.14932
0.17689
-0.48264
-0.00952
-0.08444
-0.14795
0.18221
-0.33457
0.14092
-0.14546
-0.19682
-0.14627
-0.10009
0.27797
0.26201
0.14933
-0.14859
