#Average flux [c/s]: 16697.93081597837
#                                   T_start= 0 s
#                                   T_end= 1 s
#                                   CCF campionation= 1e-6 s
#                                   Fit amplitude= 0.1 s
#                                   Variable bin size= 10 ph/bin
0.00090534
-0.0012509
0.00363705
-0.00335119
-0.00475678
-0.00593595
0.00473895
-0.0113279
-0.00398241
-0.0096516
-0.00655543
0.01188379
-0.00360988
-0.00285978
0.00251914
-0.00413389
0.00276132
-0.00740503
-0.0005268
0.00070964
-0.00340597
-0.00233271
-0.00575821
-0.00330217
-0.01472519
0.00147715
0.00628191
0.00768984
0.00089947
0.01480664
-0.00436216
-0.00823696
-0.00218197
0.00306413
0.00984391
-0.00069962
0.00337589
0.00255681
0.00011731
-0.00901901
-0.00539763
0.00270767
-0.00473233
-0.00896419
0.00310175
0.00091561
-0.00547962
0.00084737
0.0057818
0.00824475
-0.00376779
0.0036558
-0.00010337
0.00445136
0.00944333
-0.00638327
0.00588667
0.00260515
-0.00722799
-0.00475167
-0.00101452
-0.00504858
0.00514665
0.00129657
-0.00375943
0.00060795
0.00537019
-0.00872131
-0.00504649
-0.00146131
0.00867653
-0.00444739
-0.00156702
-0.00669171
-0.01421739
-0.00854219
-7.212e-05
0.00993311
-0.00558695
0.00375686
-0.00178852
-0.00737137
-0.01453137
-0.00086794
-0.00226376
-0.00979579
0.00111457
-0.00503619
-0.00129363
0.00639508
-0.00356928
0.00209735
-0.00780454
-0.00028413
0.00586903
0.00444439
-0.00709414
-0.00043148
-0.00183952
-0.01439324
