#Average flux [c/s]: 3557.2927203388144
#                                   T_start= 0 s
#                                   T_end= 1 s
#                                   CCF campionation= 1e-6 s
#                                   Fit amplitude= 0.1 s
#                                   Variable bin size= 10 ph/bin
0.01726557
0.00072803
0.00056495
0.00141677
0.00099991
0.00234469
-0.06305431
0.00805601
0.00356206
-0.00154787
-1.562e-05
0.00220111
0.00032208
-0.00045065
-0.00096716
0.08310694
0.00219261
-0.00042905
0.01287498
0.00252326
-0.00080278
0.00050828
-0.00056379
0.00880662
0.0011712
-0.00186086
-0.00050595
-0.00129082
-0.00053777
0.0001107
0.00083363
-0.00154795
-0.00161392
0.05915698
-0.00051239
0.00027067
-0.0014178
0.00074225
0.01182015
-0.00604385
-0.00141286
-0.00010229
-0.00054851
0.00034058
0.0009525
-0.00027266
0.00193023
0.00059117
0.02961984
0.0002587
0.00051953
-0.00668464
-0.01492375
0.00195768
-0.00018238
0.00016127
0.0007708
-0.00293723
-0.00777956
-0.00070375
-0.00104374
-0.00014965
-0.00084208
0.00318053
0.00014598
0.00151701
-0.00889558
-0.00025846
0.00159324
0.00240313
-0.00124693
0.00069288
-0.05319565
0.0026848
-0.00089459
-0.01226585
-0.0003835
0.11903658
-0.05605342
0.00128399
-0.00097468
0.02131144
0.0018873
0.00059496
-9.299e-05
0.00051194
0.0133307
0.00094108
0.01099315
0.06770276
-0.00058925
-0.01223561
-0.09724526
-0.0215552
0.01947397
0.0082566
0.00080662
-0.00132985
0.01096816
0.11332448
