#Average flux [c/s]: 4161.459989103852
#                                   T_start= 0 s
#                                   T_end= 1 s
#                                   CCF campionation= 1e-6 s
#                                   Fit amplitude= 111 s
#                                   Variable bin size= 10 ph/bin
0.00428
-0.01075
-0.10968
0.00503
-0.10704
0.11462
0.01921
-0.00116
0.11032
-0.01047
-0.01777
0.09299
0.07967
-0.10623
-0.06959
0.03113
-0.00323
0.03257
0.00163
0.04971
-0.01292
0.04242
0.08771
-0.11244
-0.01133
-0.00922
-0.00695
0.08598
0.09309
0.0431
-0.00738
0.08991
-0.00558
-0.03062
-0.03154
0.1146
-0.00685
0.02901
-0.01056
0.10214
0.11301
0.10715
-0.00293
0.05128
0.07314
-0.01013
0.02357
-0.00824
0.08805
-0.00628
0.09655
-0.00246
0.07711
0.11105
0.01877
-0.07089
-0.0014
0.02421
0.08665
0.00652
-0.00321
-0.0011
0.10988
0.05286
0.04219
-0.009
0.01959
-0.00273
-0.02812
0.07939
-0.01291
-0.01045
-0.02656
0.04351
0.05142
-0.00404
-0.00273
0.01288
-0.0002
-0.00056
-0.00458
0.00402
-0.00146
0.04911
0.11231
-0.00522
0.05702
0.04963
-0.00756
-0.00158
-0.00877
0.04808
0.07856
0.10803
0.0198
0.0803
8e-05
-0.00242
-0.00534
0.02107
