#Average flux [c/s]: 11411.467214284296
#                                   T_start= 0 s
#                                   T_end= 1 s
#                                   CCF campionation= 1e-6 s
#                                   Fit amplitude= 111 s
#                                   Variable bin size= 10 ph/bin
-4e-05
3e-05
3e-05
3e-05
3e-05
0.00017
5e-05
0.00011
-0.00016
0.0
9e-05
-0.00013
-3e-05
-6e-05
0.00025
3e-05
-3e-05
-5e-05
1e-05
0.00016
5e-05
-0.00014
5e-05
5e-05
0.00011
-0.0001
6e-05
-8e-05
-3e-05
-0.00028
8e-05
0.00012
8e-05
4e-05
1e-05
8e-05
9e-05
3e-05
-0.00016
7e-05
-0.00026
3e-05
-0.00019
0.00015
0.00019
-0.0001
-0.00027
-0.00012
-0.00021
2e-05
0.00012
0.00016
-0.00013
-1e-05
1e-05
-6e-05
2e-05
0.00018
0.0
4e-05
0.00022
0.0001
-5e-05
-2e-05
-7e-05
-0.00011
-9e-05
0.0001
0.0
3e-05
0.00023
-0.00019
-0.00031
0.00019
-9e-05
9e-05
-4e-05
1e-05
0.00016
-4e-05
-0.00026
-2e-05
0.00025
-0.00014
8e-05
8e-05
-9e-05
-7e-05
7e-05
1e-05
7e-05
0.00024
0.0001
-0.00036
3e-05
1e-05
0.00016
0.00018
4e-05
-7e-05
