#Average flux [c/s]: 6578.129064163999
#                                   T_start= 0 s
#                                   T_end= 1 s
#                                   CCF campionation= 1e-6 s
#                                   Fit amplitude= 111 s
#                                   Variable bin size= 10 ph/bin
-0.04892
-0.02568
0.04456
-0.05075
-0.05144
-0.01366
-0.02951
0.00437
0.01162
-0.05215
0.01005
-0.05149
-0.03479
-0.0151
0.00858
0.04852
-0.03273
-0.07522
-0.00916
-0.00083
0.04942
0.05326
-0.05158
-0.05198
0.05398
-0.04528
-0.05237
-0.01429
0.05032
-0.01431
0.01283
-0.05156
-0.03282
-0.02873
-0.05384
-0.03794
0.00971
-0.05209
0.04864
0.00257
-0.03267
-0.03074
-0.01774
-0.03223
-0.03036
0.00618
0.0151
-0.01413
-3e-05
0.0031
0.05416
-0.0293
0.00516
0.02393
0.00593
-0.03369
-0.05266
-0.02522
-0.06015
0.00011
-0.01257
-0.02459
-0.02589
0.00419
-0.04871
0.05278
-0.0501
-0.04901
-0.02511
-0.03501
-0.02398
0.02046
-6e-05
0.0156
0.05156
-0.02255
0.02208
-0.01577
-0.07316
0.00277
-0.03189
0.05263
-0.07003
-0.01585
-0.01434
-0.04475
-0.02611
0.00322
0.04503
-0.0508
0.00933
-0.07429
0.04209
-0.04232
-0.05187
0.03051
-0.07096
-0.02415
-0.07059
0.00798
