#Average flux [c/s]: 10505.216311136739
#                                   T_start= 0 s
#                                   T_end= 1 s
#                                   CCF campionation= 1e-6 s
#                                   Fit amplitude= 111 s
#                                   Variable bin size= 10 ph/bin
-0.03824
0.00871
-0.01171
0.03119
-0.01343
-0.03462
-0.00085
-0.03702
0.03118
-0.0404
0.02822
0.03128
0.03191
0.04461
0.03208
-0.00076
0.01243
0.07233
-0.02039
0.02538
-0.01992
-0.0626
-0.02808
-0.01958
0.03232
0.04168
0.01471
-0.02177
0.03177
0.02713
-0.02743
-0.01932
0.07198
0.01572
0.03191
-0.02329
-0.03366
-0.01127
-0.01984
0.03393
-0.01995
-0.02455
0.04075
-0.01624
-0.03498
-0.02143
0.01049
0.04356
0.00901
0.01057
-0.02186
0.03235
-0.00384
-0.03165
0.03061
0.03301
0.01676
0.03432
0.01524
-0.02677
0.03317
-0.01977
0.04528
0.03123
0.03074
0.03142
-0.03969
-0.02089
0.03106
-0.01373
-0.00484
-0.0196
-0.02366
0.03128
0.0156
0.03227
0.02681
-0.02129
-0.02391
0.02661
-0.02853
0.04518
0.03132
0.03162
0.03142
-0.00359
-0.01356
-0.01937
-0.02047
-0.00144
-0.03823
-0.01898
-0.04062
-0.049
0.03097
-0.01961
-0.03789
-0.02155
0.02549
0.01474
