#Average flux [c/s]: 10958.34176271052
#                                   T_start= 0 s
#                                   T_end= 1 s
#                                   CCF campionation= 1e-6 s
#                                   Fit amplitude= 111 s
#                                   Variable bin size= 10 ph/bin
0.00276
0.05259
0.04279
0.04291
-0.03119
-0.02298
-0.00601
0.04278
-0.00473
0.04072
0.04208
0.02999
0.02996
0.04043
0.00473
-0.01378
-0.04496
0.0297
0.0048
0.00593
0.03068
0.0055
0.00841
0.02899
-0.03109
0.00435
0.01925
-0.02179
-0.06639
-0.01995
-0.01576
-0.03205
0.00593
-0.06036
0.04411
-0.00575
0.00478
-0.03059
-0.02981
0.04254
0.02931
0.00586
-0.00699
0.03932
-0.00537
-0.01832
0.00855
0.01039
0.03798
-0.0214
-0.02955
0.01803
-0.03075
-0.03112
0.01085
0.04207
-0.01947
0.00469
0.0401
-0.01962
0.0118
0.00808
-0.04559
0.02867
-0.00578
0.04173
-0.00827
-0.00652
0.01868
-0.0117
-0.01299
0.01844
0.04492
0.00479
-0.0064
-0.02392
0.04251
0.02937
-0.03148
0.04191
-0.00814
0.02349
0.00615
0.0466
-0.07025
-0.01746
0.00248
-0.0324
-0.00768
0.00376
0.06107
-0.03221
-0.0455
0.04311
0.05299
0.00484
0.04142
-0.0198
-0.00916
0.06184
