#Average flux [c/s]: 4463.54362348637
#                                   T_start= 0 s
#                                   T_end= 1 s
#                                   CCF campionation= 1e-6 s
#                                   Fit amplitude= 0.1 s
#                                   Variable bin size= 10 ph/bin
-0.0635349
0.03596123
0.00045137
-0.07454529
0.05591016
-0.06338258
-0.00020544
-0.01063274
0.00093988
-0.07396071
-0.00340422
0.06179896
5.519e-05
0.06347855
0.06940288
0.07547669
-0.056846
0.00032726
0.01418379
-0.00018386
9.717e-05
-0.0011314
0.06965785
0.01538687
0.01248605
-9.719e-05
-0.05457538
0.070117
-0.00024121
-0.07192186
0.07188191
0.05898446
1.848e-05
0.06417597
#999
0.07048233
-0.00033485
-0.05525453
0.00039631
0.06221238
-0.0740771
-0.00083786
0.0694051
6.24e-06
-0.04838922
-0.02067643
-0.04780425
-0.06210076
-0.00050953
0.06865698
-0.05528055
-1.26505525
0.00042299
0.06651966
0.07511477
0.06071097
-0.06493543
0.07621699
0.00040786
-0.00107749
-0.05100613
-0.07047727
0.00029567
0.09157856
0.06890301
-0.0577133
-0.00017534
-0.06512034
-0.07821897
0.00058894
0.00053732
-0.07098781
-0.02328148
-0.0004961
-0.00021492
-7.01e-06
0.05349564
0.06605287
0.00056127
0.07537731
-6.4e-05
0.00106887
0.00035814
0.00055543
-0.01353956
0.00036811
-0.05961305
-0.04772641
-0.07746515
0.01796465
-0.06876549
-0.0010232
-0.07372109
0.00112726
0.01047467
-0.00050594
0.07107913
0.05661985
-0.07831646
0.05352382
