#Average flux [c/s]: 12619.80175181437
#                                   T_start= 0 s
#                                   T_end= 1 s
#                                   CCF campionation= 1e-6 s
#                                   Fit amplitude= 111 s
#                                   Variable bin size= 10 ph/bin
-9e-05
0.0
2e-05
1e-05
-9e-05
1e-05
7e-05
0.00016
0.00012
-0.00016
-0.00019
-3e-05
0.00013
0.00014
4e-05
-9e-05
0.00023
9e-05
-8e-05
6e-05
7e-05
4e-05
0.00017
-2e-05
-0.00012
6e-05
5e-05
-0.00025
-9e-05
2e-05
3e-05
6e-05
-0.00017
-0.00018
0.0001
4e-05
-0.00015
5e-05
4e-05
7e-05
5e-05
7e-05
-0.00012
-3e-05
-0.00011
-7e-05
0.0
-7e-05
1e-05
-0.00019
-5e-05
-1e-05
0.00019
5e-05
0.00014
0.00015
-8e-05
-0.00012
0.0
0.0
-5e-05
-5e-05
5e-05
5e-05
2e-05
-9e-05
0.00012
2e-05
-9e-05
-2e-05
0.00026
0.0
0.00011
0.00012
-0.0001
0.0
-4e-05
9e-05
-1e-05
-5e-05
-0.00013
0.00019
-2e-05
6e-05
0.00012
6e-05
4e-05
-0.00011
0.0
-6e-05
0.00013
3e-05
-0.00015
-0.00019
-0.00022
-0.0001
-0.00011
0.00017
0.0001
2e-05
