#Average flux [c/s]: 9145.839956415408
#                                   T_start= 0 s
#                                   T_end= 1 s
#                                   CCF campionation= 1e-6 s
#                                   Fit amplitude= 111 s
#                                   Variable bin size= 10 ph/bin
-6e-05
4e-05
0.00026
0.00015
0.00011
0.00024
0.0
-0.00016
-3e-05
-0.00022
-0.00027
-6e-05
2e-05
-0.0002
9e-05
-0.00036
0.00039
8e-05
-0.00024
-0.00039
3e-05
-0.00034
0.00025
0.00012
0.00087
-0.00024
0.00045
6e-05
-0.00019
-0.00023
0.00034
0.00013
4e-05
-0.00019
-0.00041
7e-05
-0.00041
1e-05
-3e-05
0.0001
0.0001
7e-05
-8e-05
8e-05
-0.00014
-6e-05
4e-05
-0.00011
0.0001
0.00015
-0.00049
3e-05
-0.00026
-6e-05
-0.00047
0.0
-1e-05
-0.00042
-0.00025
-8e-05
0.00016
-4e-05
2e-05
-0.0005
-3e-05
0.00015
5e-05
-0.00024
-0.00014
-0.00014
0.00013
1e-05
-2e-05
1e-05
8e-05
-3e-05
0.00013
3e-05
-4e-05
0.00017
-7e-05
0.00019
0.00023
0.00043
-9e-05
-8e-05
-0.0003
2e-05
0.0004
-0.0006
0.00027
0.00019
0.00021
-0.00019
0.00028
-0.00021
-0.0001
0.00025
-0.00054
-0.00013
