#Average flux [c/s]: 5369.794526633925
#                                   T_start= 0 s
#                                   T_end= 1 s
#                                   CCF campionation= 1e-6 s
#                                   Fit amplitude= 0.1 s
#                                   Variable bin size= 10 ph/bin
1.684e-05
0.01334476
0.00030463
0.00035169
0.00199246
0.00227077
0.07846199
-0.02331947
0.07574392
0.00083904
-0.0142334
-0.00023697
0.02398848
-0.01836052
-0.00010866
0.00030243
9.68e-05
-0.00050359
-0.01394828
0.00078351
0.01054025
0.00046507
-0.06160439
0.01799109
-0.008751
-0.00332647
-0.08634404
-0.00052849
-0.00508438
0.01003247
-0.07142531
0.0095048
-0.00318919
0.08485553
0.00596485
0.00025342
0.00401331
-0.00085939
-0.00021648
-0.00015203
0.00642963
7.475e-05
-0.00010932
-0.02306237
-0.00587211
-0.00138676
0.00028674
-0.00043562
0.02452302
0.01128678
0.00433915
0.00030536
-0.07023102
0.00010895
0.01124292
-0.00017741
-0.01030271
0.00151013
-0.0039317
-0.10246005
-0.02502462
0.00068488
-0.06127842
-0.00502413
0.00123498
2.97e-06
-0.08107657
0.00495815
-0.00553505
-0.00164281
0.00012073
0.00232048
6.87e-05
0.02846264
0.00414264
0.00014108
0.00799746
0.00037915
-0.01473136
0.00281124
-0.01522288
-0.00218163
0.0690917
0.00020686
0.0002871
0.00046413
0.00025307
-0.08100273
0.00012138
0.0758976
-0.08829998
4.219e-05
-0.00047999
0.01558799
0.0001174
0.01228891
-0.00731431
-0.00018369
-0.00101247
-0.00033136
