#Average flux [c/s]: 7635.421784502813
#                                   T_start= 0 s
#                                   T_end= 1 s
#                                   CCF campionation= 1e-6 s
#                                   Fit amplitude= 111 s
#                                   Variable bin size= 10 ph/bin
6e-05
0.00018
0.0001
0.00022
0.00014
-0.00031
-0.00045
0.00017
-0.00011
0.0002
5e-05
0.00012
0.00042
9e-05
-0.00011
0.00058
0.00021
-0.00046
-0.00059
4e-05
0.00017
0.00051
6e-05
0.00024
5e-05
0.00026
-0.00017
-0.00032
0.00011
8e-05
0.00013
-0.00016
-4e-05
-1e-05
-0.00012
-0.00016
0.00012
0.00022
-0.00034
0.00046
9e-05
-0.00045
0.0001
-0.00027
-2e-05
-0.00043
-0.00018
-0.00022
0.00027
-7e-05
0.00028
0.0005
0.00026
0.00018
0.00055
-0.00036
-8e-05
0.00058
0.00027
7e-05
0.00015
0.00021
0.00021
0.0003
-0.00013
0.00011
0.00024
-0.00024
0.00036
0.00015
0.00027
0.00014
-0.00064
0.00031
-0.00046
-0.0002
0.0003
-0.00036
0.0004
-4e-05
-0.00018
0.00024
-8e-05
-0.00013
0.00022
-0.00034
-0.00041
6e-05
2e-05
0.0002
0.00021
0.0004
-0.00014
-0.00011
8e-05
5e-05
0.00026
-9e-05
0.00047
7e-05
