#Average flux [c/s]: 12921.885386196887
#                                   T_start= 0 s
#                                   T_end= 1 s
#                                   CCF campionation= 1e-6 s
#                                   Fit amplitude= 111 s
#                                   Variable bin size= 10 ph/bin
5e-05
-0.00012
-5e-05
0.00011
-4e-05
0.00013
-0.00022
6e-05
-5e-05
-6e-05
-4e-05
8e-05
-1e-05
0.00013
-0.00013
0.0001
-2e-05
0.0001
-4e-05
1e-05
1e-05
0.0
8e-05
-0.0001
5e-05
7e-05
-0.00014
-2e-05
0.0001
0.0
0.00023
-6e-05
-0.00018
0.0
-0.0001
0.00014
-7e-05
0.0
0.00023
-0.00012
8e-05
-4e-05
3e-05
-1e-05
3e-05
-8e-05
-2e-05
7e-05
-1e-05
0.0001
-2e-05
0.00011
-7e-05
0.00022
-7e-05
0.0001
-4e-05
-9e-05
0.00014
0.00013
0.0
9e-05
0.0001
-9e-05
0.00015
-0.00013
-3e-05
-1e-05
-2e-05
-6e-05
-0.00012
0.00011
2e-05
8e-05
0.00032
0.00017
-4e-05
-0.00021
-7e-05
-0.00025
8e-05
5e-05
0.00016
0.00025
-0.00024
-1e-05
4e-05
1e-05
-7e-05
0.0
0.00011
0.00019
9e-05
-0.00014
-3e-05
0.0
0.0
-0.00026
0.00012
-6e-05
