#Average flux [c/s]: 13223.969020579409
#                                   T_start= 0 s
#                                   T_end= 1 s
#                                   CCF campionation= 1e-6 s
#                                   Fit amplitude= 0.1 s
#                                   Variable bin size= 10 ph/bin
-0.01410984
#999
#999
0.01176614
-0.00610242
-0.00408778
0.00748698
-0.00477873
-0.00870008
-0.01675259
#999
-0.00343209
-0.00447
#999
#999
0.0063226
-0.00355846
0.00037776
-0.01138
0.00882756
-0.00751797
0.00448718
-0.01480644
-0.01266606
-1.12e-06
0.00149435
0.00331406
-0.01386
-0.01557971
0.00728703
-0.00850967
0.00115694
-0.0146535
-0.01670552
0.00568287
-0.01019223
0.00694342
-0.00606578
-0.02094505
-0.00913423
0.00051863
-0.00292413
-0.0048824
-0.01602891
0.00802723
-0.00926722
0.00256898
-0.00702947
-0.00011857
-0.0126403
-0.00517769
0.00189873
-0.01605989
-0.00987264
0.00182823
-0.00850024
-0.00381404
-0.00303011
0.00267481
-0.0096662
0.00096177
-0.0020295
-0.00548006
-0.00135773
0.00741687
-0.00679102
-0.00352889
-0.00302236
-0.00582654
-0.00219221
-0.00671513
-0.01271735
-0.01072383
-0.00685416
0.00658717
-0.00645217
-0.00449241
-0.00396429
-0.00280681
-0.00458524
-0.0021653
-0.02023047
-0.00291066
#999
-0.00206488
#999
-0.00694168
-0.00936983
-0.01877595
0.00403875
-0.00589665
0.01270541
0.00196417
-0.01368999
-0.01071048
0.00761382
-0.02349199
#999
0.00591276
0.00127638
