#Average flux [c/s]: 9598.965407989182
#                                   T_start= 0 s
#                                   T_end= 1 s
#                                   CCF campionation= 1e-6 s
#                                   Fit amplitude= 0.1 s
#                                   Variable bin size= 10 ph/bin
0.00316238
0.0082842
0.00069991
0.00475706
0.00251506
-0.00713908
0.00741024
-0.01036805
-0.001526
0.00483368
0.00623852
0.00544269
-0.00127291
-0.00272949
0.0068585
0.00859491
-0.00992621
-0.00475239
0.00079238
-0.00055746
-0.00161381
0.0073031
-0.00791587
-0.00316875
0.00530466
-0.00028714
-0.01534202
-0.00673502
0.00207941
0.00639909
-0.0038818
0.00813785
-0.0280399
-0.00159528
0.0077885
-0.01085644
0.00281841
0.00418587
-0.00828415
-0.0026758
0.0136641
-0.00200761
0.00621649
0.0027643
-0.00014091
7.8e-06
-0.00277982
0.00990083
-0.0088929
-0.00012983
-0.00519429
0.00178811
-0.01496839
0.00249228
0.01071393
0.00696424
0.01656813
-0.00086988
0.00912257
-0.00715665
-0.00151591
-0.00153349
0.00413843
0.00761962
-0.00109783
-0.00212419
0.00547811
-0.00099529
-0.00235799
0.00156864
-0.00848899
0.00518245
0.00796899
0.00464025
0.00979097
-0.00122606
-0.00299015
0.00086013
-0.00272538
0.00801301
0.00373081
0.00494466
0.00767492
0.00073051
0.0001084
0.01220222
0.00067671
-0.01524254
-0.00602567
-0.00083355
-0.00289038
-0.00099158
0.00400971
0.01731221
-0.0076659
-0.00293547
0.00751468
0.00986863
0.01769685
0.00873025
