#Average flux [c/s]: 8088.5472360765925
#                                   T_start= 0 s
#                                   T_end= 1 s
#                                   CCF campionation= 1e-6 s
#                                   Fit amplitude= 111 s
#                                   Variable bin size= 10 ph/bin
-0.00039
-0.00032
-0.00016
0.00016
0.00068
0.0001
0.00012
0.00014
-0.00015
0.00026
0.00021
0.00035
-1e-05
0.00011
-7e-05
-0.00014
-2e-05
7e-05
-0.00029
-0.00037
-0.00044
0.00052
0.00014
2e-05
5e-05
-0.00017
0.00011
-0.00023
0.0001
-0.00013
-7e-05
-0.0001
-8e-05
9e-05
0.0
-0.00014
3e-05
0.00024
-9e-05
-3e-05
-0.00029
-0.00015
8e-05
0.00031
0.00023
-0.0001
0.00019
0.00011
-5e-05
1e-05
-9e-05
-0.00017
3e-05
-0.00024
-0.00028
8e-05
0.00023
-2e-05
-1e-05
4e-05
0.00032
0.00016
-0.00045
5e-05
-0.00045
0.0001
8e-05
-0.00063
3e-05
-0.00022
0.00015
7e-05
-1e-05
-0.00031
0.00022
0.0
-9e-05
0.00018
-0.00041
0.00014
-0.00014
-7e-05
0.0
0.00044
6e-05
0.00014
-0.00024
-0.0001
-0.00012
-0.00027
-7e-05
-0.00023
0.00011
-0.00016
0.00014
-0.00018
-9e-05
0.0002
-0.00013
0.00016
