#Average flux [c/s]: 3406.250903147555
#                                   T_start= 0 s
#                                   T_end= 1 s
#                                   CCF campionation= 1e-6 s
#                                   Fit amplitude= 111 s
#                                   Variable bin size= 10 ph/bin
-0.04548
-0.10281
0.05332
0.32225
0.02394
-0.04546
0.02637
0.08956
0.05852
0.06659
0.02627
-0.05554
-0.09967
0.04824
-0.05365
0.09388
0.02484
-0.02959
-0.03773
-0.04361
0.11748
-0.03216
0.30565
-0.04671
-0.04686
0.02099
0.07211
-0.09088
-0.11223
0.06107
0.02555
-0.10171
0.01265
-0.09576
0.02874
-0.05602
-0.03935
0.05365
0.06357
-0.10421
-0.06257
-0.12286
-0.09938
-0.09862
-0.05863
0.08482
0.07593
0.0567
-0.11178
-0.08591
-0.07515
0.17091
0.05634
-0.09861
0.02536
0.05368
-0.09443
-0.05673
0.09369
0.06236
0.08137
-0.09725
0.02836
-0.04537
-0.03505
0.0661
-0.09528
0.02394
0.21661
-0.05825
-0.01827
0.00471
-0.04791
0.05843
0.11992
-0.05856
-0.08069
0.07725
0.0657
0.07787
-0.06113
-0.10037
-0.09923
0.02441
-0.05803
0.0671
0.0268
0.06375
0.15686
-0.04308
0.06688
-0.05792
0.06226
0.06653
0.01883
-0.04813
-0.1133
-0.10031
-0.04338
0.07428
