#Average flux [c/s]: 3859.3763547213325
#                                   T_start= 0 s
#                                   T_end= 1 s
#                                   CCF campionation= 1e-6 s
#                                   Fit amplitude= 111 s
#                                   Variable bin size= 10 ph/bin
0.00019
-0.00082
-0.00204
1e-05
5e-05
0.00059
-0.00049
-0.00015
-0.00125
-0.00015
0.00022
0.00039
-0.00056
0.0005
0.00052
-3e-05
-0.00025
-0.00088
-0.00042
0.00025
1e-05
-0.00131
-0.00079
0.00053
7e-05
0.00034
0.00064
0.00054
-0.00036
-0.00111
-0.00099
0.00111
0.00086
0.00045
0.00154
-0.00075
-0.00115
0.00086
-0.00054
0.00013
0.00072
-6e-05
-0.00032
-0.00078
0.00022
-0.0005
-0.00033
0.00059
-0.00091
0.00038
0.00062
0.00092
0.00011
-7e-05
0.00122
-0.00026
-0.00048
0.00066
-0.00048
0.00053
0.00063
0.00106
-0.00015
-0.00085
0.00053
-0.00037
0.00028
-0.00098
-0.00021
-0.00024
-0.00054
-0.00034
-0.00059
-0.00042
-0.0009
-0.00067
0.00017
-9e-05
-0.00035
-9e-05
-0.00038
0.00132
-0.00037
-0.00032
-6e-05
-0.00067
-0.00054
-0.001
-3e-05
-0.00064
0.00103
0.0002
0.0008
-0.00031
-0.00043
-0.00062
-0.00058
0.00117
0.00115
0.00026
