#Average flux [c/s]: 7786.463601694074
#                                   T_start= 0 s
#                                   T_end= 1 s
#                                   CCF campionation= 1e-6 s
#                                   Fit amplitude= 111 s
#                                   Variable bin size= 10 ph/bin
1e-05
-2e-05
-5e-05
-0.00011
8e-05
-5e-05
-0.00025
2e-05
9e-05
-0.00024
0.00027
0.00026
0.00034
-8e-05
0.00018
-1e-05
0.00013
-0.00028
2e-05
-0.00018
-0.00036
-2e-05
5e-05
5e-05
1e-05
-0.00027
-0.00035
-0.00018
-8e-05
-0.0001
-0.00014
0.00032
8e-05
8e-05
-0.00015
4e-05
0.00019
-0.00015
-1e-05
-2e-05
0.00012
0.0001
0.00024
0.00046
0.0
2e-05
-0.00011
0.0
-0.00014
-0.00013
0.00015
-4e-05
-2e-05
-0.00027
0.00011
0.00012
-0.00011
-4e-05
-1e-05
0.00013
9e-05
-2e-05
-2e-05
0.00018
-0.0002
-0.00012
-7e-05
0.00019
-0.00018
-3e-05
0.00023
0.00023
-7e-05
-0.00029
1e-05
-2e-05
0.00026
0.00014
-0.00041
-0.00017
4e-05
7e-05
-8e-05
0.00018
-0.00033
0.0002
-3e-05
-0.00025
0.0001
-8e-05
-0.00012
0.00016
1e-05
4e-05
0.0003
1e-05
0.0
-9e-05
-6e-05
0.00027
