#Average flux [c/s]: 3255.2090859562963
#                                   T_start= 0 s
#                                   T_end= 1 s
#                                   CCF campionation= 1e-6 s
#                                   Fit amplitude= 0.1 s
#                                   Variable bin size= 10 ph/bin
#999
#999
0.19144481
0.03295577
0.15632743
-0.10552749
0.22332042
0.00756269
-0.07749475
0.07422012
-0.04711464
-0.02108036
-0.03207875
-0.10382539
0.07026339
0.10202561
0.22206278
0.19036183
0.15051021
0.07276309
0.04959331
0.11080275
0.18406489
-0.08209401
#999
0.1320049
0.0663523
0.05259741
0.17718204
-0.08924875
#999
-0.08701263
0.05746681
0.04019613
-0.04408501
0.1955528
-0.03654628
0.0660672
0.05781619
0.15892741
0.2502113
0.0731631
-0.08779807
-0.21592222
-0.09334126
-0.08296251
0.14718832
0.09770887
0.05881706
0.41729581
-0.05238982
-0.01814488
-0.07147115
0.18794139
0.02323208
0.20126709
-0.08576135
-0.07439189
-0.07444558
0.10525725
0.16165808
0.17274592
0.05844715
0.05944177
-0.0767484
0.07639579
0.17126258
0.33847761
0.40580496
0.07809482
0.17196434
-0.41956849
#999
-0.16237524
-0.01062244
0.21535045
-0.04008465
0.06688319
-0.11755772
0.32498586
0.02232859
0.0360492
0.02620159
-0.08574905
0.01662033
#999
0.20792695
0.17063427
0.06685743
0.06683061
0.17870359
#999
0.13025281
-0.08616516
-0.06086282
-0.05607065
#999
0.07481054
-0.06953186
0.07188956
