#Average flux [c/s]: 12015.634483049334
#                                   T_start= 0 s
#                                   T_end= 1 s
#                                   CCF campionation= 1e-6 s
#                                   Fit amplitude= 0.1 s
#                                   Variable bin size= 10 ph/bin
-0.00806395
0.00552778
0.01114262
-0.0085078
-0.00588974
0.00724089
0.00897726
0.00348091
0.00398821
0.00817797
0.00706233
-0.00107708
-0.0079942
0.00362883
0.0091499
0.00078118
-0.00653943
-0.00227123
0.0069829
-0.0014239
-0.00671659
-0.00410318
0.00079395
0.01365175
0.01259518
0.00041563
0.00041117
0.00257639
0.0035194
0.00024768
0.00046933
-4.569e-05
0.00119355
0.00920671
-0.00839339
0.00451445
-0.00091496
-0.00856685
0.00601619
-0.01116222
0.00533798
-0.00373254
-0.01091952
0.00670204
-0.00355995
-0.0013045
0.00350189
-0.00378887
-0.0164869
-0.00179323
-0.00106874
5.03e-05
-0.00319235
0.01046929
0.00762463
-0.00434158
-0.0070607
0.00145593
0.00537088
0.00016209
-0.00183677
-0.00184277
-0.00422209
0.0049576
0.00200744
-0.01427143
-0.00746918
-0.00092845
-0.01391531
0.01093682
0.01248429
0.0012731
0.00263077
-0.00972852
-0.00022178
-0.00843961
0.00509686
-0.01281083
0.00018413
0.00909114
0.00628463
-0.00441253
0.00334019
0.00817595
-0.00049784
-0.00193999
0.00070748
-0.01342636
-0.00994109
-0.00311206
0.00187746
-0.0057763
-0.00570744
-0.00037453
0.01297534
0.00657765
0.00554316
0.00680647
-0.00814806
-0.00763582
