#Average flux [c/s]: 4010.4181719125927
#                                   T_start= 0 s
#                                   T_end= 1 s
#                                   CCF campionation= 1e-6 s
#                                   Fit amplitude= 0.1 s
#                                   Variable bin size= 10 ph/bin
-0.05176954
-0.03956945
-0.01335895
0.16357155
-0.03504756
-0.06619675
-0.0547435
0.0633413
-0.06632128
-0.06859959
0.03728422
-0.04569693
-0.06836328
-0.1543848
-0.05803703
-0.19316467
-0.04349051
0.02607848
0.08183597
0.14508426
-0.01809041
-0.05175844
-0.05231875
-0.0375529
-0.04348328
-0.05084876
0.16694968
-0.05881574
-0.06767346
-0.04048439
-0.0903479
-0.0350417
-0.04438383
-0.08365453
0.16199779
-0.06343695
-0.07226655
-0.05608345
-0.06418359
-0.06929531
-0.06063094
-0.04325892
-0.05591415
-0.06721242
-0.13165863
-0.00592166
-0.07997123
-0.0896323
-0.13137014
-0.1891669
0.05508019
-0.08378604
-0.02294879
-0.21448019
-0.06452409
-0.1197535
-0.15623723
-0.0527017
0.03302991
-0.0318716
-0.06665779
-0.04912805
-0.07288685
-0.06886159
-0.03369003
-0.03832663
-0.05293341
0.00726864
0.04129414
-0.11390003
-0.07038809
-0.0852887
-0.01895274
-0.05955876
-0.04631009
-0.08123765
-0.05304246
-0.07327652
-0.07295742
0.11621587
-0.05493102
-0.06381577
-0.06322747
-0.12122078
-0.02915403
0.16788463
-0.04086317
-0.13349031
0.01928656
-0.0559299
-0.05491297
-0.06746907
-0.09992828
0.15601656
-0.06023352
-0.0171369
-0.08308935
0.1530908
-0.07559524
-0.06180667
