#Average flux [c/s]: 15942.721730022073
#                                   T_start= 0 s
#                                   T_end= 1 s
#                                   CCF campionation= 1e-6 s
#                                   Fit amplitude= 0.1 s
#                                   Variable bin size= 10 ph/bin
0.00368716
-0.00268375
0.00554707
-0.00651144
0.00143469
-0.00040292
-0.01575041
-0.01191527
-0.00230278
0.00544102
0.0078215
-0.0054324
-0.01221257
0.00116527
-0.00038334
-0.00451173
-0.00370249
-0.00524426
-0.00638628
-0.00073923
0.00695125
-0.0118257
-0.00437251
0.0056543
0.00606836
0.00176426
0.00375231
-0.00754293
0.00126821
0.00041831
0.02180084
-0.00948827
-0.00292005
0.00626162
0.00239206
-0.00325397
-0.0014122
-0.01273973
0.0031181
0.00255089
-0.00070823
-0.00964731
0.00871516
0.00247836
-0.00174195
-0.00347017
0.00859536
0.00116203
0.00466178
-0.00421259
-0.00532149
0.00622392
-0.00879706
-0.00101325
-0.00654692
-0.00195371
0.00030792
-0.00800391
-0.00094986
-0.00661558
-0.00083723
-0.00573775
-0.00935128
-0.00236139
-0.01324982
-0.00621839
-0.00850422
0.00134849
-0.00056578
5.827e-05
0.00492002
-0.00900525
-0.00533376
-0.00910737
-0.00136697
-0.01320193
0.00709742
-9.548e-05
0.00167878
-0.00677204
-0.0027428
-0.00287438
-0.0067316
0.00280238
-0.00553394
0.00934593
-0.00455559
0.00545781
0.0073704
0.01025827
0.00962771
#999
-0.01428486
-0.00143504
-0.00399712
-0.01016344
-0.00129836
-0.00237359
0.01555941
0.01128424
