#Average flux [c/s]: 8541.672687650367
#                                   T_start= 0 s
#                                   T_end= 1 s
#                                   CCF campionation= 1e-6 s
#                                   Fit amplitude= 111 s
#                                   Variable bin size= 10 ph/bin
-0.00018
-0.00035
7e-05
-8e-05
0.00019
-0.00027
-0.0001
0.0001
-0.00015
-0.00018
-0.00032
-0.00014
-0.00022
0.00021
0.00018
4e-05
0.0001
-0.00021
0.00025
0.00037
-0.00011
-0.00025
-0.00024
0.00013
-1e-05
-0.0001
0.00015
4e-05
-4e-05
-7e-05
-7e-05
0.00028
0.00028
4e-05
-8e-05
0.00012
0.00012
0.00027
0.00011
-0.00048
-2e-05
-0.00022
-0.00038
0.00013
4e-05
0.00028
0.00019
2e-05
-0.00016
-0.00012
5e-05
1e-05
0.00013
-0.00034
6e-05
-6e-05
-0.00013
9e-05
0.0
6e-05
0.00019
0.00031
-8e-05
0.0001
-0.00043
-1e-05
-1e-05
-5e-05
-3e-05
0.00012
8e-05
-0.00024
7e-05
0.0
7e-05
7e-05
0.0
0.00015
9e-05
0.00016
-0.00014
-2e-05
0.00032
2e-05
-0.00025
0.0002
0.0
0.00023
-0.00013
4e-05
-0.00027
4e-05
8e-05
-0.00015
0.00039
-0.0003
0.00019
7e-05
-3e-05
0.00012
