#Average flux [c/s]: 5369.794526633925
#                                   T_start= 0 s
#                                   T_end= 1 s
#                                   CCF campionation= 1e-6 s
#                                   Fit amplitude= 111 s
#                                   Variable bin size= 10 ph/bin
0.00014
0.00016
-0.00042
-0.00019
-0.00054
0.00035
0.00045
0.00069
-0.00027
0.00022
0.00037
0.00021
0.00027
0.00013
-0.0001
0.0001
0.00018
-0.00024
-0.0002
0.00033
0.00064
-2e-05
0.00017
0.00013
-0.00057
0.00045
-0.00072
-0.00044
0.00064
-8e-05
0.00028
-0.00037
0.00029
0.00025
-0.00026
-0.00082
-8e-05
0.00024
-0.0002
3e-05
-0.00013
0.00015
0.00046
-0.00017
0.00082
2e-05
8e-05
0.0009
0.00011
-0.0005
0.0004
0.00022
0.00056
0.0001
-8e-05
0.0002
0.00012
0.00012
0.00021
-0.0003
-5e-05
0.00029
-0.00033
0.0003
-0.00037
0.00011
-0.00047
0.00025
-0.0002
0.00075
-0.00014
0.00043
0.00013
5e-05
0.0005
-0.00044
0.00089
-0.0008
-0.00029
0.0001
-0.00125
0.00011
0.00031
-6e-05
-0.00028
-0.00019
-0.00051
-0.00016
-0.00014
-0.00019
0.0
0.00015
0.00058
0.00053
-0.00016
0.00011
-6e-05
-0.00058
-0.00021
-4e-05
