#Average flux [c/s]: 16848.972633169626
#                                   T_start= 0 s
#                                   T_end= 1 s
#                                   CCF campionation= 1e-6 s
#                                   Fit amplitude= 0.1 s
#                                   Variable bin size= 10 ph/bin
-0.00098349
0.02211684
0.00015465
0.00645707
-0.00182297
-0.00943704
-0.00693832
-0.00096629
-0.00172969
-0.00744579
0.00295686
-0.00224169
-0.00779848
-0.00014427
0.00582308
-0.00688203
-0.00065002
-0.00144197
-0.0084873
0.00919231
-0.00316922
-0.00209964
-0.00270863
-0.00132766
-0.00725929
0.00701083
-0.00586833
0.00435744
-0.00279842
0.00062592
0.00010129
#999
0.00247386
-0.00842498
0.00577627
-0.0017962
0.00548427
-0.00999328
-0.00270302
0.00579164
0.00436344
0.00556196
0.00232472
-0.00253813
-0.00581839
-0.00541047
-0.00439445
-0.00757689
-0.0086489
-0.00754789
-0.00183694
#999
0.0074556
-0.00444608
-0.00678178
-0.00701348
0.00741105
0.00645731
0.00455783
-0.00495902
-0.00705704
0.0008455
-0.01103647
0.00520073
-0.00065652
0.0034639
-0.00627051
0.01175269
-0.00807494
0.00332666
-0.00118091
-0.00456266
0.01091957
0.00049934
-0.01019421
0.0051048
-0.007857
0.01005607
-0.00205716
0.00396711
-0.01190758
0.00137874
0.00327729
-0.00844387
0.00811013
0.00410246
-0.00541597
0.00279839
-0.00746145
-0.00505406
-0.00097123
-0.0009979
0.00220622
-0.00112412
-0.01033574
-0.00528153
0.00238939
-0.00623167
0.00019104
-0.00549502
