#Average flux [c/s]: 3708.3345375300737
#                                   T_start= 0 s
#                                   T_end= 1 s
#                                   CCF campionation= 1e-6 s
#                                   Fit amplitude= 0.1 s
#                                   Variable bin size= 10 ph/bin
0.34622185
0.07245851
0.0114311
-0.01848671
0.1199051
0.05381234
0.34534691
0.30704042
-0.10460637
-0.05343243
-0.11814993
0.15832066
0.0241437
0.02360784
0.02776666
0.21265159
0.36446004
0.03578835
0.01645303
-0.11463148
0.02845173
0.05672485
0.15914038
0.11190253
-0.00288278
0.03152347
0.14110794
0.08111098
-0.27445752
0.02329099
0.14263222
0.01321588
-0.06850846
0.16410672
0.05057809
0.04844655
-0.26839033
-0.03534391
-0.13189599
-0.03490739
0.03764596
0.08362335
0.16228225
0.20310814
0.01829532
0.06602722
-0.04736749
0.02330126
0.06116919
-0.06635213
0.04055622
0.06809396
-0.11835373
0.13079305
-0.24783435
-0.00135814
-0.00216118
0.06476862
0.052021
0.03672261
-0.07592595
0.11898129
0.05272924
0.04023607
-0.14475765
0.07096942
-0.19827051
0.02171561
-0.07058996
-0.14414669
-0.02513817
-0.12387385
0.13130535
-0.02670726
0.06818672
0.05383331
-0.07138556
0.21644152
0.15846904
0.06891721
-0.10270201
0.04323828
0.1566047
-0.06178178
0.03844005
0.02361576
-0.02015831
0.04963312
0.43603683
-0.15145763
-0.02172938
-0.26766934
-0.10739165
-0.41377601
0.04379694
0.02808065
0.27910955
-0.00421297
1.0253372
0.13686221
