#Average flux [c/s]: 4010.4181719125927
#                                   T_start= 0 s
#                                   T_end= 1 s
#                                   CCF campionation= 1e-6 s
#                                   Fit amplitude= 111 s
#                                   Variable bin size= 10 ph/bin
-0.08388
0.04454
-0.06834
-0.20719
-0.08517
-0.0486
-0.07934
-0.07798
-0.09011
-0.06361
-0.08427
-0.12165
-0.12013
-0.08292
-0.06687
0.0688
-0.12133
-0.14443
-0.04635
-0.1627
-0.04168
-0.14709
-0.21502
-0.08449
-0.06483
0.04488
-0.07089
-0.08461
-0.06453
-0.08934
-0.06676
-0.07099
0.04399
-0.04931
-0.00143
-0.00552
0.04554
-0.04522
0.0041
-0.12421
-0.06199
-0.06265
0.02431
-0.01872
-0.08028
-0.0716
-0.12378
0.05091
-0.1596
-0.04355
-0.04727
-0.12021
-0.0236
-0.07068
-0.04118
-0.06382
-0.07144
-0.06861
-0.12469
-0.00615
-0.12335
0.08196
-0.09202
-0.06444
-0.12387
-0.04284
-0.191
-0.08471
-0.08595
-0.08718
-0.03971
-0.07056
0.1157
-0.05939
-0.14495
-0.05452
-0.12527
-0.12579
-0.07369
-0.12455
0.06777
-0.086
-0.05646
-0.08456
-0.04144
-0.06858
-0.14681
-0.12162
-0.08466
-0.08662
-0.0814
-0.05456
0.06787
-0.0732
-0.1214
-0.14328
-0.1107
0.01322
-0.064
-0.08473
