#Average flux [c/s]: 15338.554461257037
#                                   T_start= 0 s
#                                   T_end= 1 s
#                                   CCF campionation= 1e-6 s
#                                   Fit amplitude= 111 s
#                                   Variable bin size= 10 ph/bin
0.00285
0.00241
-0.00365
-0.00436
0.00895
-0.01137
0.00295
0.03435
0.03368
-0.01187
-0.03105
-0.00656
-0.01902
0.00158
-0.01136
-0.00076
-0.04196
0.00871
-0.0089
0.00213
-0.00415
-0.01843
-0.01748
-0.00535
-0.00119
-0.00084
0.00208
-0.00074
-0.01155
-0.00097
0.02265
0.05699
0.0346
0.00337
-0.01928
0.0331
-0.00942
0.03796
0.0376
-0.01686
-0.01846
0.01087
-0.0007
0.00427
0.02261
-0.02005
-0.02716
-0.01774
0.00242
-0.00927
-0.01921
-0.01964
0.01612
-0.00995
-0.00874
0.00284
-0.02043
-0.00938
-0.01097
0.01135
0.00238
0.00878
-0.01871
-0.00868
-0.01929
-0.01956
0.00296
-0.01913
0.00277
-0.01162
0.01011
0.00246
0.01089
-0.00594
-0.01158
0.02297
-0.01897
0.03404
-0.00822
-0.00059
-0.00797
-0.00592
-0.01193
-0.02743
-0.00796
-0.00833
-0.01915
-0.04436
-0.01687
-0.04425
-0.02058
0.04533
0.02211
-0.0204
-0.0194
0.04268
-0.01157
-0.0115
-0.02375
-0.00709
