#Average flux [c/s]: 11260.425397093037
#                                   T_start= 0 s
#                                   T_end= 1 s
#                                   CCF campionation= 1e-6 s
#                                   Fit amplitude= 111 s
#                                   Variable bin size= 10 ph/bin
4e-05
-0.00032
-4e-05
0.0001
2e-05
0.00014
3e-05
-0.00021
-4e-05
-6e-05
0.0001
-4e-05
-3e-05
-1e-05
0.0
5e-05
-0.00026
-0.00032
0.0
2e-05
3e-05
-0.00019
0.00023
9e-05
0.00016
-0.00012
-0.00012
0.00021
0.0
0.00018
0.0001
6e-05
-0.00023
0.00013
0.00012
-0.00022
0.00026
3e-05
-0.0001
7e-05
0.00012
8e-05
9e-05
1e-05
-0.00018
0.00011
-0.0001
-0.00013
3e-05
-0.00012
7e-05
0.00021
-4e-05
4e-05
-6e-05
-0.00011
0.00026
0.00012
7e-05
-3e-05
-6e-05
5e-05
-0.00025
9e-05
-9e-05
-5e-05
7e-05
-0.00017
-0.00015
9e-05
9e-05
6e-05
8e-05
-5e-05
-5e-05
0.00026
-7e-05
-0.00023
-0.00017
0.0
6e-05
-6e-05
0.00019
0.00011
-5e-05
2e-05
-0.00022
0.00015
-3e-05
-0.00011
-0.00018
-0.0001
-0.00021
-5e-05
0.00011
-1e-05
7e-05
0.0
0.0
2e-05
