#Average flux [c/s]: 14583.345375300742
#                                   T_start= 0 s
#                                   T_end= 1 s
#                                   CCF campionation= 1e-6 s
#                                   Fit amplitude= 0.1 s
#                                   Variable bin size= 10 ph/bin
0.0058275
-0.00634881
#999
0.00825756
0.0134045
0.01138228
0.01715545
0.02832682
0.01038333
0.0029646
#999
0.0176394
-0.00086273
-0.00870452
0.00073848
-0.00242168
0.00856804
-0.00106147
-0.00277492
#999
0.01501968
-0.00119611
0.00289458
#999
0.00156311
0.00923619
0.00997058
#999
#999
0.00043373
-0.00467515
0.00605204
-0.00033755
0.01175251
0.00795352
0.01139739
0.01017164
0.00951533
-0.00112308
0.01749078
0.01375814
0.00598655
0.00493127
#999
0.00874852
0.01081158
0.01180662
-5.836e-05
0.00551136
-0.00634261
0.00827421
0.0032783
0.0077216
0.01643737
0.00098168
-0.0084659
0.00475255
0.00159464
#999
0.01500566
0.01336428
-0.00550523
0.00352108
0.00819102
0.00419708
0.00134005
0.00659992
0.00789638
#999
-0.00025875
0.00439587
0.00425708
0.01743048
-0.00059007
-0.00026974
0.00609466
0.00415627
0.00842992
0.00201941
0.00336766
-0.00655041
0.00778833
0.00982708
#999
0.01551767
-0.00807516
0.00653718
0.00013138
#999
#999
0.0058985
0.01791778
-0.0020657
#999
0.00717731
0.012903
0.00409943
-0.00306762
0.01465676
0.0113932
