#Average flux [c/s]: 5218.752709442667
#                                   T_start= 0 s
#                                   T_end= 1 s
#                                   CCF campionation= 1e-6 s
#                                   Fit amplitude= 0.1 s
#                                   Variable bin size= 10 ph/bin
3.666e-05
0.00036218
0.06687316
0.01067564
0.00118115
0.02536892
0.00901888
-0.00018178
0.01964744
-0.01383711
-0.06750052
-0.00036
-0.00093866
0.01571884
-0.0116303
-0.00584857
-1.831e-05
-0.01577934
-0.02719711
0.00135495
0.0057224
0.00023895
-0.01105753
0.00117132
-0.00013461
0.00340982
-0.02296897
0.00317591
0.01025224
-3.618e-05
-0.04093905
0.00359064
0.01178023
-0.00079169
9.719e-05
-0.06872327
-0.00107266
0.00081717
7.987e-05
0.00035348
0.07757948
-0.01379382
0.00028837
-8.172e-05
-0.07952493
-0.02224565
0.02335196
-0.0098295
-6.107e-05
-0.00039292
-0.02123586
-9.087e-05
-0.00284618
0.07505194
0.00836703
0.07315037
0.01170363
0.06710376
-0.01430766
5.683e-05
-2.374e-05
-0.01213328
0.01335154
-0.0004633
-0.0097019
-0.01777616
-0.00108555
-0.09126973
0.02711893
-0.00232019
-0.00999982
0.0054045
0.01021434
0.00075198
-0.00048604
-0.01019022
-7.647e-05
0.01263993
0.00017488
-0.01219995
0.00032878
-0.02223987
0.0002692
0.07048115
-0.01551613
-0.00070907
0.0204237
0.04512919
4.713e-05
0.01574371
-0.00843912
-0.00070456
0.0139073
0.00833957
-0.01682679
0.00220043
-0.00063069
0.08269979
0.00581394
0.01803169
