#Average flux [c/s]: 8390.630870459112
#                                   T_start= 0 s
#                                   T_end= 1 s
#                                   CCF campionation= 1e-6 s
#                                   Fit amplitude= 0.1 s
#                                   Variable bin size= 10 ph/bin
-0.00132449
0.00452367
-5.236e-05
0.01945429
0.00997916
-0.01620755
0.00911624
0.00250193
0.00233491
0.00054623
0.003161
-0.00034678
0.01105085
0.00038448
0.00362815
-0.00951628
-0.00278516
0.02040803
0.01568269
0.03589158
0.00354324
0.01254469
-0.00881619
0.0071705
0.00077842
-0.00129522
0.00294263
-0.00738675
-0.00895387
-0.00351145
0.00300207
-0.01223055
-0.00674653
0.00224699
0.00018281
-0.00361129
-0.0027767
0.0001136
-0.01030306
-0.0223261
-0.00320835
-0.00041443
0.00061201
-0.0034381
-0.00827779
0.01541914
-0.02723516
0.0110183
-0.0178938
-0.00048777
0.01470815
-0.00053979
-0.00696516
-0.0001779
0.0002831
-0.01357446
-0.00215327
-0.00793361
-0.00237174
-0.01438195
-0.01953668
0.00032603
0.00104463
-0.00628036
0.00359329
0.00772548
0.00338194
-0.01484509
0.01409076
0.00562426
0.00907194
0.00913196
-0.01710208
-0.0014177
0.0054691
0.0052068
-0.00042877
-0.00628593
0.00034961
-0.00726391
-0.02663122
-0.01866876
0.00396758
0.01082953
-1.714e-05
0.00019848
-0.0087227
0.02410623
0.00022767
-0.00807168
0.00982322
-0.00902723
-0.00790825
0.00159751
-0.00918736
0.00444309
-0.00919849
-0.00505448
-0.10145172
0.00239392
