#Average flux [c/s]: 3104.167268765037
#                                   T_start= 0 s
#                                   T_end= 1 s
#                                   CCF campionation= 1e-6 s
#                                   Fit amplitude= 0.1 s
#                                   Variable bin size= 10 ph/bin
-0.00185058
-0.05554804
-0.07943784
0.00034596
#999
-0.05544446
0.0005686
0.03832826
0.00081512
0.0485901
0.00096307
0.03089732
0.00060876
0.01270201
-0.02594091
0.00885551
-0.00058321
0.0006836
0.05850439
-0.00940985
-0.05519551
0.02911466
-0.0494539
-0.00047227
0.08757443
0.00113357
-0.0501355
0.00996733
-0.03934004
0.00119143
0.00916395
-0.22522445
0.0007314
0.00079264
0.00064049
-0.05369398
-0.03411483
0.00100738
-0.00112689
0.00016841
8.147e-05
0.03583856
-0.06670394
-0.00059495
0.00131981
0.00058566
0.05736822
0.0816482
-0.01741754
0.04282476
-0.04021883
-0.00018652
-3.71e-05
-0.0182762
-0.04204045
-0.04403503
-0.00152855
0.00318923
0.11901084
-0.00115811
-0.0005669
-0.03247202
-0.03182785
0.06035169
0.05631187
-0.0469744
#999
-0.07357771
-0.00032864
0.00683495
0.00124244
0.06846479
-0.0771528
0.00049516
-0.05823963
0.05396473
0.05189081
#999
0.00092564
-0.0016576
-0.00051848
0.02956673
-0.14846711
-0.08813058
0.00144684
0.05720668
-0.0371141
-0.00030668
0.00100726
0.00131258
0.00028916
0.05791682
0.07162985
-0.00072915
0.05482869
-7.554e-05
0.00171587
0.04587023
-0.00147916
-0.04871905
