#Average flux [c/s]: 4161.459989103852
#                                   T_start= 0 s
#                                   T_end= 1 s
#                                   CCF campionation= 1e-6 s
#                                   Fit amplitude= 0.1 s
#                                   Variable bin size= 10 ph/bin
0.00068242
-0.00068065
0.0101128
0.01897693
-3.158e-05
0.00089767
0.00030477
-0.00104761
0.00080065
0.00900018
-0.00032583
-0.00380262
0.00086757
-0.02130587
-0.00011214
0.01580559
-9.207e-05
0.0013029
-0.00029604
-0.01371113
0.00479278
-0.00455089
-0.02020881
0.06668157
0.0234778
0.00393684
0.02003291
-0.00027354
-0.00292819
-0.00014284
-0.00045759
0.0232547
-0.00052785
-0.0282875
0.0074813
0.00085861
0.00012308
-0.00051577
0.00032595
0.00042137
0.00063166
0.01489031
-0.00180108
-0.00012956
-0.00017042
0.00113826
0.00076685
0.01760688
-0.00013354
0.00728189
0.06722449
-0.02099914
0.00035134
-0.06947351
-0.01349157
0.01409444
0.00040453
-0.00050162
0.00069276
-0.00163433
0.06186621
0.00045848
0.01450741
0.00091458
-0.05402271
-0.01870951
0.00784885
-0.04249219
-0.00060238
-0.00091084
-0.07787821
0.05293409
-0.00070514
-0.00017672
0.01662796
0.00032384
-0.00092834
7.189e-05
0.00185213
0.00022244
0.0003562
0.00140186
-0.00175325
0.00718284
-0.00958635
-0.00059066
0.01276676
-0.08073119
-0.01595198
-0.00271439
-0.00056865
0.00435627
-0.01627199
0.00561004
0.05350693
0.0004656
-0.00130975
0.00492638
-0.14963833
0.00083154
