#Average flux [c/s]: 8088.5472360765925
#                                   T_start= 0 s
#                                   T_end= 1 s
#                                   CCF campionation= 1e-6 s
#                                   Fit amplitude= 0.1 s
#                                   Variable bin size= 10 ph/bin
-0.01225587
-0.03451845
-0.03418486
-0.02794684
-0.02892661
-0.03428529
-0.02497667
-0.02353472
-0.02317122
#999
-0.03332207
-0.02220301
#999
-0.03633742
-0.03110896
-0.03414972
-0.00287308
-0.03064755
-0.02483825
-0.01400978
-0.03603154
-0.03264398
-0.01867175
-0.0302151
-0.03783206
-0.00668908
-0.00914367
-0.0183093
-0.03188898
-0.01273288
-0.02107112
-0.02185142
-0.01837459
-0.04172272
-0.01239217
-0.02412644
0.00165103
-0.02832518
-0.01343702
-0.04263765
-0.05253668
-0.02676798
0.0055067
-0.03206224
-0.00745064
#999
-0.01033814
-0.0184671
-0.03067139
-0.03571398
-0.01063507
#999
-0.01664521
-0.02436495
-0.02159373
-0.01433238
-0.03674016
-0.00931747
-0.03951391
-0.03523475
-0.01288209
-0.01390168
-0.01092332
-0.05302666
-0.06127752
-0.00201008
-0.00579175
-0.01798739
-0.03870385
-0.02363945
0.00238089
-0.02646733
-0.0280704
0.00053098
-0.05177141
-0.03361397
-0.03500808
-0.02666721
-0.01830921
-0.03010773
-0.03150133
-0.02662508
-0.0172965
-0.0205036
-0.02349954
-0.03477159
-0.00907264
-0.01864442
-0.04589682
-0.02399312
-0.03912751
-0.01433588
-0.03160898
-0.01734852
-0.03262495
-0.02189357
-0.0174145
-0.00018103
0.00297854
-0.0317175
