#Average flux [c/s]: 2500.0
#                                   T_start= 0 s
#                                   T_end= 1 s
#                                   CCF campionation= 1e-4 s
#                                   Fit amplitude= 0.1 s
#                                   Variable bin size= 10 ph/bin
-0.27423357
-0.47978669
-0.08635951
-0.33585725
0.18162867
0.12282666
-0.49100133
0.05682054
-0.10758528
-0.2964465
-0.48292276
-0.48688936
-0.4308182
-0.46936616
0.35612035
-0.2653933
-0.13282825
-0.11284818
0.08891855
0.33876871
-0.11646678
0.19812597
-0.27447955
-0.2879736
0.3799319
-0.23145039
-0.04705655
-0.39759817
-0.02042024
-0.49242948
-0.14683721
0.37605698
-0.33488504
0.37400986
-0.33007533
-0.07750979
-0.16257063
-0.0232302
0.37981418
-0.17808111
-0.27418392
-0.26834036
0.11089466
0.31487254
-0.16551569
-0.48550323
-0.4296565
-0.48584012
0.31489257
-0.03499139
0.31364643
#999
-0.06833694
-0.03004382
0.32407067
0.18009389
0.305382
-0.28193778
#999
0.07642563
-0.48738642
-0.30725687
-0.27633533
0.00367462
-0.26731487
-0.07555768
0.48740958
-0.07480698
-0.46965488
-0.35440698
-0.30465519
-0.41434088
-0.1782703
-0.28978008
-0.26875918
0.19953137
-0.10856273
-0.27133328
-0.21279868
0.12205769
-0.00522179
-0.47675503
-0.49705915
-0.19266098
0.32347401
-0.08661293
-0.26097469
0.48063828
-0.19542635
0.4890637
-0.48595834
-0.38318882
-0.0891098
-0.25920146
-0.20483092
-0.30001705
-0.20346406
-0.08862593
0.50856394
0.46484164
