#Average flux [c/s]: 2802.083634382519
#                                   T_start= 0 s
#                                   T_end= 1 s
#                                   CCF campionation= 1e-6 s
#                                   Fit amplitude= 111 s
#                                   Variable bin size= 10 ph/bin
-0.13835
0.20898
-0.28837
-0.15956
-0.06642
-0.3874
0.22077
-0.30054
-0.09507
0.44893
0.47586
0.3547
-0.03347
0.07069
0.49674
0.3617
-0.02357
-0.43781
-0.09427
0.46615
0.37682
0.38331
0.07131
-0.14731
0.16707
0.07142
0.41835
0.21942
0.3695
0.36821
0.4714
0.47493
0.45687
0.37503
-0.01538
-0.09152
-0.00737
-0.14065
0.4698
-0.26988
0.17275
-0.1028
0.36647
0.24155
-0.30426
-0.09174
0.08198
0.4762
-0.2941
0.37549
0.3669
-0.29473
0.38111
0.34821
0.05629
-0.29775
0.4169
0.02675
0.35474
-0.29318
0.31502
0.06732
0.04237
0.36664
-0.14404
-0.0874
-0.42525
-0.05223
-0.24254
0.36916
0.42212
0.469
0.3744
0.37228
0.4779
-0.15832
0.08922
-0.15255
-0.48
-0.02691
-0.07128
0.03879
-0.44713
0.00188
-0.23415
0.07302
-0.05501
0.49401
0.22355
-0.08685
0.22751
-0.4347
0.37173
0.04949
0.3476
0.47766
0.47557
-0.15925
-0.29401
-0.29406
