#Average flux [c/s]: 4463.54362348637
#                                   T_start= 0 s
#                                   T_end= 1 s
#                                   CCF campionation= 1e-6 s
#                                   Fit amplitude= 111 s
#                                   Variable bin size= 10 ph/bin
0.00028
0.00011
0.00033
-0.00046
0.00046
0.00088
0.00034
-0.00031
-0.00026
0.0
-4e-05
0.00116
0.00152
-5e-05
-0.0004
5e-05
-0.00046
0.00013
0.00084
-0.00045
0.0
0.0006
0.00092
-0.00026
-0.00063
0.00071
-0.00076
-0.00053
0.00068
-0.00024
0.00069
0.0009
-0.00011
0.00016
0.00037
-0.00032
0.00037
5e-05
-7e-05
-0.00038
0.0001
-0.00025
-8e-05
-4e-05
0.00092
-0.00033
0.0005
-0.00065
0.00016
0.00066
-0.00039
-0.00049
0.00051
-0.0001
0.00038
0.00028
0.00028
-0.00083
0.00034
-0.0001
-0.0002
-0.00052
-0.00073
0.0003
-0.00092
-6e-05
4e-05
-0.00029
-0.00052
0.00063
0.00031
-0.00012
-0.00067
0.00019
-0.00012
-0.00021
-0.00036
0.00039
0.0006
-0.00019
0.00012
0.00071
0.00071
0.00032
-0.00019
-0.00075
0.00022
0.00032
-0.00046
-0.00029
0.0006
0.00046
-0.00038
0.00033
2e-05
-0.00031
0.0
0.00118
-0.0008
0.00072
