#Average flux [c/s]: 15791.679912830816
#                                   T_start= 0 s
#                                   T_end= 1 s
#                                   CCF campionation= 1e-6 s
#                                   Fit amplitude= 0.1 s
#                                   Variable bin size= 10 ph/bin
-0.00260676
0.02472656
0.00940982
-0.00661595
-0.00173179
0.00213414
0.00601229
0.00348333
-0.00301779
0.01106826
0.0026365
-0.00996293
-0.00436853
0.00831927
0.00408314
0.01724344
-0.00461382
0.00571874
-0.00295992
-0.00470661
0.00774757
0.00594335
-0.00906369
-0.00162528
0.00066993
-0.00502436
-4.729e-05
-0.0089108
0.00561427
0.00635012
-0.00065547
0.00060773
0.00561927
-0.0108109
0.00249074
-0.00500115
-0.01085112
0.00516505
0.00703167
-0.006183
0.00738798
-0.00448701
-0.00072127
0.00080366
-0.01271508
0.00398755
0.00907888
0.00247239
0.01025734
-0.00219583
0.01399308
-0.00845917
-0.00088182
0.01041243
0.00020266
0.00090021
0.01058034
0.00621779
0.00019388
-0.01300597
0.00095272
-0.01442269
-0.00532981
-0.01230666
0.0063258
-0.00354926
-0.00634199
0.01322206
0.0062449
-0.00452394
0.00279804
0.0007322
-0.00289465
0.00125684
0.00569041
-0.00012186
0.001987
0.0027692
-0.00472483
0.00276145
-0.00126177
-0.0060101
-0.01309171
-0.00482826
0.0006257
-0.00489549
-0.01006376
0.00389162
-0.00260573
-0.00326749
0.01240863
0.00556429
-0.00752397
-0.00307484
0.00610503
0.00610413
0.00519315
0.00351556
0.00299844
0.01124661
