#Average flux [c/s]: 4010.4181719125927
#                                   T_start= 0 s
#                                   T_end= 1 s
#                                   CCF campionation= 1e-6 s
#                                   Fit amplitude= 111 s
#                                   Variable bin size= 10 ph/bin
-0.00149
0.00048
-0.00045
-0.00038
-0.00032
-0.00066
0.00131
0.0008
0.00086
0.001
0.00012
0.00085
-0.00011
0.00014
0.00044
-1e-05
-0.00068
-0.00202
0.0001
-0.00087
0.00077
0.00055
0.00018
0.00011
-0.00023
-0.0012
-0.00122
-0.00013
6e-05
0.00011
-0.00122
-0.00047
0.00023
0.00014
-0.0008
0.00026
-0.08232
-0.00116
0.00052
-0.00072
-0.00024
-0.00063
-3e-05
-0.00013
-0.00032
-0.00036
0.00067
0.00046
-0.00109
0.00174
0.00107
0.00033
-0.00086
-5e-05
0.00095
0.00077
0.00141
-0.00062
0.00072
-0.00029
0.00075
-0.00102
-0.00088
-0.00141
-0.00011
-0.00051
0.00038
-0.00021
0.00105
-0.00073
0.00185
-0.00033
0.00058
0.00062
9e-05
-0.00014
-0.0002
0.00106
0.00021
0.00014
-5e-05
-0.00037
0.00048
-0.00046
0.00037
0.00034
0.00095
-0.00081
-0.00035
-0.00025
0.00107
-0.00012
0.00021
-0.00012
0.00048
0.00057
0.00035
0.00103
-0.00037
-0.00104
