#Average flux [c/s]: 10958.34176271052
#                                   T_start= 0 s
#                                   T_end= 1 s
#                                   CCF campionation= 1e-6 s
#                                   Fit amplitude= 111 s
#                                   Variable bin size= 10 ph/bin
3e-05
0.00019
0.00022
9e-05
-5e-05
-6e-05
6e-05
-0.00038
6e-05
4e-05
-0.0001
-1e-05
0.00021
0.00016
-0.00017
-4e-05
5e-05
-0.00021
0.00014
2e-05
0.00016
-0.00017
-6e-05
-9e-05
5e-05
0.00031
2e-05
-6e-05
-0.00016
8e-05
0.00028
-2e-05
-0.00044
-2e-05
-4e-05
5e-05
0.00023
3e-05
-0.00018
0.00011
-0.00025
8e-05
0.00022
-5e-05
-6e-05
0.00018
2e-05
0.00013
6e-05
-3e-05
-0.00025
-8e-05
-0.00012
4e-05
-5e-05
-0.00018
-0.00012
2e-05
-6e-05
0.00011
0.0002
8e-05
0.00051
-3e-05
-7e-05
4e-05
0.0003
0.00018
-8e-05
0.0
-0.00017
-0.0001
-0.0001
-0.00054
0.0
4e-05
0.0
-9e-05
-0.00014
-8e-05
0.00014
0.0003
-0.0001
0.00023
4e-05
-6e-05
-0.00016
5e-05
3e-05
0.00022
-3e-05
8e-05
8e-05
0.00025
-8e-05
7e-05
4e-05
-0.00014
2e-05
-0.00013
