#Average flux [c/s]: 8625.003612590222
#                                   T_start= 0 s
#                                   T_end= 1 s
#                                   CCF campionation= 1e-6 s
#                                   Fit amplitude= 111 s
#                                   Variable bin size= 10 ph/bin
0.000118
-0.000234
-3.4e-05
-0.000208
-2.8e-05
0.000383
-4.8e-05
-0.0008
3.7e-05
-0.000322
-0.000228
0.000479
0.000123
7.4e-05
-0.000126
-0.00014
9.1e-05
-0.000106
0.000262
-0.000324
-8e-06
-0.000301
0.00046
0.000409
-8.5e-05
-0.000334
0.000508
-0.000316
0.000315
0.000314
1.1e-05
-0.000179
0.000162
0.000222
-0.000336
0.000471
0.00018
-0.00015
0.000192
-0.000322
-0.000108
2.7e-05
-0.000152
-0.000475
1.1e-05
0.000297
0.0001
8e-06
-2.9e-05
0.000337
-0.000247
0.000344
-9.5e-05
0.0
-0.000249
0.000241
-0.000185
8e-05
5.6e-05
0.000122
9.6e-05
-0.000452
0.000241
-0.000137
-0.000306
-0.000214
5.9e-05
-6.1e-05
-2.1e-05
-0.000197
-0.000444
-0.000547
0.000569
-2.8e-05
0.000394
-3.7e-05
-0.000449
-0.000166
-8.9e-05
0.000206
-0.000121
-0.000582
0.000142
0.000433
0.000114
5.1e-05
0.000321
3.6e-05
-0.000598
0.000114
-1.2e-05
-3.9e-05
0.000113
-0.000205
-2e-05
-8e-05
0.000182
-0.000189
0.000219
0.000104
