#Average flux [c/s]: 18895.84718159585
#                                   T_start= 0 s
#                                   T_end= 1 s
#                                   CCF campionation= 1e-6 s
#                                   Fit amplitude= 111 s
#                                   Variable bin size= 10 ph/bin
-0.001075
-0.040313
-0.00115
-0.017821
-0.047826
-0.013316
-0.009152
-0.029698
-0.001562
-0.056396
-0.018957
-0.049816
-0.012552
0.020007
0.018898
-0.049761
-0.010796
-0.008588
0.002118
-0.042714
0.012349
-0.011667
-0.001673
-0.001333
-0.009162
-0.001198
-0.031133
-0.014067
0.020744
0.02455
0.001056
-0.023123
-0.048446
0.002256
-0.029176
-0.010528
0.036787
0.021042
0.019511
0.025125
0.020789
-0.009368
-0.008864
0.010551
0.01939
-0.001436
-0.060001
-0.047816
0.020901
-0.010061
0.024797
-0.008338
-0.059413
-0.029077
-0.037828
0.008791
-0.001901
-0.036962
-0.008777
-0.018408
-0.048421
-0.001166
-0.007972
-0.006688
-0.047812
0.048098
-0.047508
-0.04901
-0.009717
-0.009244
-0.011189
0.02509
0.037243
-0.002889
-0.041008
0.021157
-0.003955
0.037295
-0.013582
0.010888
-0.037315
-0.002883
-0.001916
-0.001779
-0.010883
-0.001572
0.001893
0.020339
-0.002286
-0.006336
0.018413
-0.000611
-0.041718
-0.008576
-0.018205
-0.001945
0.00408
-0.048604
-0.03664
0.020871
