#Average flux [c/s]: 16781.261740918224
#                                   T_start= 0 s
#                                   T_end= 1 s
#                                   CCF campionation= 1e-6 s
#                                   Fit amplitude= 0.1 s
#                                   Variable bin size= 10 ph/bin
-0.00584761
-0.02516601
-0.00615664
-0.00967278
-0.00548666
-0.01653059
#999
-0.0235253
-0.01354755
#999
-0.00267889
-0.00847773
#999
-0.00990791
-0.01373645
-0.02011573
-0.01129373
-0.0165301
-0.01410152
-0.00951248
-0.00444697
-0.00269608
-0.00858196
-0.00918325
-0.00155055
-0.01061587
0.00551896
-0.01305619
-0.01831495
#999
-0.01398898
-0.01509601
4.256e-05
#999
-0.00637862
0.00102611
-9.344e-05
-0.01032349
0.00321394
-0.01289635
-0.01508883
-0.01198093
0.00449893
-0.00404756
-0.0188158
0.00812545
-0.01599298
#999
-0.01379295
-0.00074852
-0.01914444
-0.01060821
-0.00556183
-0.02299526
-0.00877083
-0.01138899
-0.00160112
-0.01528988
-0.01365585
-0.01407075
-0.01496899
-0.00624261
-0.00896991
-0.00822007
-0.01178253
-0.00628838
-0.02255345
-0.01123272
-0.00133803
-0.011656
-0.01443261
0.00062048
-0.0061539
-0.01201988
#999
-0.00439882
-0.00860831
-0.01158478
-0.01468958
-0.0087728
-0.00969793
-0.00633253
-0.0035257
-0.01912945
-0.01328339
-0.00982535
-0.00024799
-0.02461282
-0.00836111
-0.01272152
-0.00827785
#999
-0.00569473
0.01525567
-0.01205628
-0.00318146
0.00877703
0.00061924
-0.01037915
-0.0068147
