#Average flux [c/s]: 6812.50180629511
#                                   T_start= 0 s
#                                   T_end= 1 s
#                                   CCF campionation= 1e-6 s
#                                   Fit amplitude= 0.1 s
#                                   Variable bin size= 10 ph/bin
0.00856652
-0.00083301
-0.00340002
0.01430071
-0.00489847
-0.02142176
0.01360631
0.0702145
0.03584452
7.396e-05
0.00027015
0.0003739
0.01449384
0.01865212
-0.01795499
7.256e-05
0.00048625
-0.01306908
-0.12135973
0.05033087
0.0005359
0.00023857
0.00493802
-0.00400353
0.07468324
-0.00057877
0.0713164
0.00028919
0.02557447
5.94e-06
-0.08100367
0.00023965
0.0666524
-0.01369892
4.821e-05
0.03915863
0.00015557
0.00036046
8.684e-05
-0.00129667
-0.02839814
0.00528723
0.00051822
0.02370117
0.03723155
0.05398043
0.0004585
0.00995322
0.01483963
-0.08621222
-0.00039616
-0.01660878
0.01542625
-0.00523715
-0.01271344
-0.00068708
-0.02684995
7.727e-05
-0.01660395
0.0497299
-7.73e-05
0.01802656
0.00033646
7.678e-05
-0.0061335
-0.05046341
0.00845419
-0.01176322
-0.01652275
0.0001885
-0.0138909
-0.01741939
-0.00310749
0.02533497
-0.01447786
0.00986646
-0.00062453
-0.00610464
-0.0054619
-0.00837325
0.00752029
-5.776e-05
-0.00024523
-0.00942346
-0.00446766
-0.03401636
-0.0293994
-0.00012768
0.07490552
-0.00050672
-0.01317755
-0.00286514
-0.01593506
0.03359248
-0.00015345
0.0330573
3.541e-05
0.01148046
-0.00063505
8.137e-05
