#Average flux [c/s]: 10135.421784502812
#                                   T_start= 0 s
#                                   T_end= 1 s
#                                   CCF campionation= 1e-6 s
#                                   Fit amplitude= 0.1 s
#                                   Variable bin size= 10 ph/bin
6.2e-05
0.00209819
-0.0112562
0.001836
-0.00050623
-0.00071342
-0.00777633
0.00187447
0.00567298
0.00324537
-0.00315328
0.00707512
0.09724356
-0.00020183
-9.748e-05
0.00203989
-0.00015676
0.0127109
0.00757608
-0.00636442
0.08841298
-0.01733437
-0.00183354
-0.0074845
-0.00061732
0.01281571
-0.00619061
-0.01251694
0.01406097
-0.00543193
-0.00867405
0.01176952
0.00571732
0.00410178
0.01141668
0.00424126
-0.01860219
0.00064413
0.00236092
6.023e-05
-0.02037681
0.00032319
-0.01276291
0.00110215
-0.0113909
-0.00673523
-0.00606179
-0.00019581
-0.0098504
-0.00019943
-0.00239601
0.01078127
-0.0024243
0.01856669
0.01912765
0.00014795
-0.00756992
-0.00877232
0.08824005
0.01123626
-0.00948455
-0.00147775
0.00857194
0.00013906
-0.01522118
-0.01765679
0.00030786
-0.00013132
-0.17110371
-0.01227169
-0.01333891
-0.00078742
-0.0174743
0.00093654
0.00209603
-0.00344603
-0.00580862
0.0047787
0.00505566
-0.00024232
-0.00150696
-0.00022546
-0.01251823
0.00015604
0.02513087
0.00563462
-0.00521222
-0.00140453
-0.0192263
-0.00681308
0.02137889
-0.00010777
-0.0003111
0.01134466
0.00346894
-0.0170276
-0.03314576
-0.00018507
0.00881019
-0.00536616
