#Average flux [c/s]: 16177.094472153185
#                                   T_start= 0 s
#                                   T_end= 1 s
#                                   CCF campionation= 1e-6 s
#                                   Fit amplitude= 0.1 s
#                                   Variable bin size= 10 ph/bin
0.01294977
-0.00103157
0.00325018
0.00558128
0.01293658
#999
-0.00561721
-0.00935464
0.00170063
0.00951862
-0.00619568
0.00670835
-0.00621453
0.00847512
0.00357224
-0.00983187
-0.0120414
0.00828645
0.00430122
0.00438962
-0.00143134
-0.00819326
0.00089866
0.00270386
-0.00127029
0.01086475
-0.00317187
-0.01003349
0.00191236
0.00607139
-0.00902606
-0.00544171
0.00405039
-0.00076079
-0.00354876
-0.00157254
-0.0004193
0.00311927
0.02626845
0.02115906
-0.00178539
0.01007955
#999
0.00903957
0.00369447
#999
0.00366215
0.0027752
0.01412913
-0.00122826
0.01266528
-0.01149486
-0.00271935
0.00534198
-0.01155657
-0.01374138
0.00914158
0.01279073
0.01141149
-0.00128711
-0.00319217
0.00196055
0.0022488
0.00176285
0.01086067
-0.0010972
-0.00816483
0.00354891
0.01275076
-0.00044943
0.00739336
-0.01026364
-0.0055873
-0.00800938
0.00965256
-0.0031653
-0.00793518
-0.00284946
-0.00242141
0.0101105
0.00290113
-0.00571006
0.0072037
0.00367816
0.00960412
0.00479127
0.0093024
-0.00100556
-0.00350457
0.01387036
0.00225822
#999
0.00579261
-0.00028538
0.01074148
0.01429788
0.01501677
-0.01976485
0.01358268
0.0066861
