#Average flux [c/s]: 11343.756322032887
#                                   T_start= 0 s
#                                   T_end= 1 s
#                                   CCF campionation= 1e-6 s
#                                   Fit amplitude= 0.1 s
#                                   Variable bin size= 10 ph/bin
0.03411537
-0.01415836
0.02347563
-0.01601753
-0.01322729
-0.00813457
0.00646196
0.00702041
0.00524978
-0.0042799
0.00291227
0.02026726
0.0170395
0.00948484
0.01343249
0.00636064
0.00771634
-0.01258216
-0.01053039
0.01883708
0.00573964
-0.01421761
-0.01745731
-0.00356442
-0.01345943
0.03779679
-0.00721494
-0.00333624
0.00589141
-0.00775484
0.0077418
0.02193316
-0.00662412
0.01582419
0.01283349
0.01903015
0.03590769
0.0340708
0.00720724
-0.02091916
-0.00179011
0.00657209
-0.00336096
0.02448905
0.02785389
0.00560596
0.0377659
0.01832965
0.02793723
0.01745792
0.00781546
-0.00606401
0.00663569
0.00120535
0.02696036
0.0007258
0.00870399
-0.0268472
0.02010835
0.00341754
0.00314602
0.01040022
0.00421805
0.00077913
0.04043892
-0.01910701
-0.00317544
0.0240199
-0.02478667
0.00162587
0.02672773
0.01968483
-0.01331928
0.02156714
-0.01192846
0.02357499
-0.00206754
#999
0.02057444
0.01534897
-0.00485149
0.02212259
0.01590563
-0.00405847
0.00409538
0.034845
0.03236365
-0.01379938
0.00904306
0.01244123
0.0214628
0.01753022
0.02382167
0.00119529
-0.03517557
0.01012629
0.02059262
0.03056355
0.03009247
0.0292001
