#Average flux [c/s]: 10739.58905326785
#                                   T_start= 0 s
#                                   T_end= 1 s
#                                   CCF campionation= 1e-6 s
#                                   Fit amplitude= 0.1 s
#                                   Variable bin size= 10 ph/bin
0.0010826
0.00089567
0.00936333
-0.00758223
0.00236922
0.00827157
0.0115186
0.00753971
0.0
-0.00960487
0.00304303
0.00058607
-0.00072416
-0.00473157
-0.00232824
-0.0035248
-0.01908115
0.00271951
-8.516e-05
0.00394397
0.0048284
0.05099348
-0.00808109
0.00894673
0.01692743
-0.00035323
0.00084483
-0.0006383
-0.0014646
-0.001149
-0.01267745
-0.00174092
-0.00092414
0.0068553
0.00710472
-0.01283492
-0.00040793
0.0075719
0.01269689
0.08133051
0.01870554
-0.00992512
0.00719446
0.00782493
0.00257517
0.00319796
0.00053608
-0.01130877
-0.00443622
0.00028577
0.00033866
-1.233e-05
-0.00340977
-0.0015494
-0.01235487
-0.01838948
1.659e-05
0.005795
0.00717087
-0.00155119
0.00604487
-0.00493173
0.00016971
0.01366332
0.00062323
-0.02848832
-0.0074716
-0.01239779
-0.00454143
-0.00568538
-0.01104349
-0.01189962
-0.01490371
0.08355833
0.00014306
-0.00047809
-0.00611111
-0.00675594
0.00523893
0.00036773
0.00057258
-0.00266692
-0.00390831
-0.00068934
8.718e-05
0.00024797
-0.00014764
0.00055046
-0.02120611
0.00641138
-0.00696899
0.00973055
-0.02780291
-0.00294543
9.051e-05
2.692e-05
-0.00021195
-0.01245955
0.00814501
2.599e-05
