#Average flux [c/s]: 8322.919978207705
#                                   T_start= 0 s
#                                   T_end= 1 s
#                                   CCF campionation= 1e-6 s
#                                   Fit amplitude= 111 s
#                                   Variable bin size= 10 ph/bin
-0.000102
-0.000182
-0.000283
0.000235
-9.1e-05
-2.6e-05
9.8e-05
0.000186
-0.000103
9e-05
-0.000376
7e-06
3e-06
1.8e-05
1.2e-05
-0.000198
-2.2e-05
9.5e-05
-6.3e-05
-7.4e-05
0.000133
-9.1e-05
9.6e-05
-2.4e-05
-7.5e-05
-0.000129
1.6e-05
-3.5e-05
0.000122
0.000121
-3.9e-05
-0.000149
0.0002
0.000204
-1.5e-05
2.3e-05
-5.5e-05
0.000171
-0.00017
-0.00011
0.000175
-1.7e-05
6.2e-05
0.000116
6e-06
-4.3e-05
9e-05
-0.000193
1.8e-05
0.000248
-0.000111
-0.000284
0.000195
0.000405
-0.000227
0.000134
-0.000176
-0.000145
0.000415
0.000153
0.000161
-0.000302
0.00022
-7.8e-05
-1.5e-05
-8.3e-05
-0.000262
0.000316
0.000123
-0.000188
0.000193
-0.000336
9.5e-05
-0.000103
0.00061
0.000288
0.000285
-4.6e-05
-0.000399
-0.000436
-0.000284
0.000149
-6.4e-05
-0.000119
-0.00027
-0.000406
-0.000396
-0.00022
0.000409
-4.3e-05
-3.1e-05
-0.000111
-0.00015
1.8e-05
-8.7e-05
-5.8e-05
-0.00024
8.2e-05
0.000205
2.4e-05
