#Average flux [c/s]: 27052.105309923856
#                                   T_start= 0 s
#                                   T_end= 1 s
#                                   CCF campionation= 1e-6 s
#                                   Fit amplitude= 111 s
#                                   Variable bin size= 10 ph/bin
0.002171
0.003134
-0.017205
0.029295
0.013967
0.029784
0.013955
0.024355
0.010615
-0.007298
0.003746
0.003147
0.031598
-0.013898
-0.013858
-0.012205
0.010777
-0.007428
0.003241
0.014196
0.005937
-0.009769
0.003837
0.021663
0.014316
-0.003797
0.014074
0.032413
0.01008
-0.012755
-0.022878
-0.001896
-0.014347
-0.003485
0.023127
0.014459
0.00323
0.008559
-0.01015
-0.021812
0.014218
-0.005833
0.003519
0.008668
0.014614
-0.005262
-0.014326
0.017363
0.003749
0.014596
0.024612
-0.026492
-0.021607
0.022131
0.003025
0.008607
0.002688
0.014402
0.026829
0.035497
-0.004258
0.026483
0.014441
0.010954
0.014433
0.008615
-0.003356
0.000535
-0.012442
-0.012255
-0.013089
0.014631
0.010725
0.014891
-0.014327
0.004101
-0.00435
-0.026294
-0.025722
0.021805
-0.004461
-0.014727
0.008908
0.014273
0.013823
0.014434
-0.001037
0.026761
0.003913
0.017583
0.014358
0.034278
0.021694
-0.006115
-0.025981
-0.013045
0.003485
0.013782
0.02526
0.003888
