#Average flux [c/s]: 7114.585440677629
#                                   T_start= 0 s
#                                   T_end= 1 s
#                                   CCF campionation= 1e-6 s
#                                   Fit amplitude= 0.1 s
#                                   Variable bin size= 10 ph/bin
-0.04139555
-0.14938441
0.0657886
0.00493735
-0.10400952
-0.12710104
0.05425908
0.17500627
-0.13968913
-0.00871455
-0.08921631
-0.0115204
-0.05292537
-0.03514535
0.10805384
0.10891811
-0.01319756
-0.00933871
-0.03975107
-0.0636627
0.17814876
0.09901097
-0.0218953
-0.12662569
-0.00930293
-0.05659353
0.08545307
-0.00754686
-0.0623845
0.08463028
0.07041288
-0.02293714
-0.05710255
-0.06192973
-0.00269608
0.00502649
-0.02290319
-0.01286026
-0.10121858
0.11819275
-0.08694129
-0.03381064
0.00968174
-0.03095551
-0.03217192
-0.03530757
-0.03405644
-0.04504577
0.07930689
#999
0.12659364
-0.15762392
-0.06377686
-0.10141336
-0.09479288
-0.10939283
-0.12100548
0.00588924
0.10404974
-0.04406942
#999
-0.06025118
0.06187294
-0.13166055
0.18154223
-0.05571712
0.1784638
-0.03597917
-0.03148937
0.17061345
-0.02161969
0.13538077
-0.04543993
0.01846265
-0.03460417
-0.10685527
0.01092983
0.07857532
0.02088344
0.09713514
0.1020806
0.0033242
-0.0478639
0.17133596
-0.03854785
-0.11214191
-0.11615327
-0.03792364
-0.00173387
-0.15039288
-0.11844135
-0.07200864
0.11145056
0.11847057
0.09955327
-0.00649309
-0.04427796
0.10961823
0.18188799
-0.02478768
