#Average flux [c/s]: 23125.01806295111
#                                   T_start= 0 s
#                                   T_end= 1 s
#                                   CCF campionation= 1e-6 s
#                                   Fit amplitude= 0.1 s
#                                   Variable bin size= 10 ph/bin
-0.00955747
-0.01040932
-0.0040782
-0.00501527
-0.00868826
0.00927689
0.00224136
0.00985582
0.00413963
0.00818912
0.00077223
-0.00773115
0.00235609
-0.01829124
0.01144143
-0.0006795
-0.00494441
-0.00851835
0.01006396
-0.00091594
-0.0079613
-0.00520225
0.00766884
-0.00885641
-0.00677595
-0.00966393
-0.00077509
-0.01485917
0.00205057
0.00312903
-0.00746949
-0.00033855
0.00992594
-0.00768784
0.00041787
-0.00463759
0.00452101
0.00259296
0.0118443
0.01069531
0.00190685
0.00519269
-0.00690472
-0.00562041
0.00229683
0.00165867
0.00015152
-0.01098142
0.00298421
-0.01086265
-0.00043801
-0.00281356
-0.00555324
-0.00864016
0.00117025
-0.00306212
-0.00860029
0.01472221
-0.00083118
-0.0019158
-0.00711905
-0.00376049
-0.01445204
-0.00272309
-0.00240269
0.00273038
0.00048056
-0.01586051
0.00349975
-0.00085097
0.00125026
-0.00439804
0.00053144
-0.01380153
0.00494627
-0.00105213
-0.00325011
-0.00147979
0.00265181
-0.00491091
0.01424435
-0.0088553
0.00976817
0.00768481
-0.00383559
-0.00770612
-0.00961174
0.00582246
0.00236417
-0.00279752
-0.00296183
0.00418905
0.00463649
0.00287576
0.00356949
0.00745537
0.00330541
0.00855794
-0.00219665
0.01274707
