#Average flux [c/s]: 29770.85801936652
#                                   T_start= 0 s
#                                   T_end= 1 s
#                                   CCF campionation= 1e-6 s
#                                   Fit amplitude= 0.1 s
#                                   Variable bin size= 10 ph/bin
0.00063025
0.00158199
0.00132708
0.00120868
-0.00438141
0.00375785
-0.003616
0.00383026
-0.00038927
-0.00145247
-0.00461101
0.00391495
-0.00098116
0.00195356
-0.00601199
0.0002999
-0.00947227
-2.664e-05
0.00114909
0.00301454
0.00197609
0.00562891
-0.00014358
-0.00278836
#999
-0.00654067
-0.00058357
0.00367115
-0.00286717
-0.0048329
0.00331067
-0.00340362
-0.00313092
0.00182157
-0.00515102
0.00109949
-0.0037802
0.00525973
0.0004103
0.0049566
0.00431303
-0.00426878
0.01064638
0.00018887
-0.00437797
-0.00583942
0.00589455
-0.00604096
-0.01311833
-0.00355351
0.00180208
0.00149363
-0.00225495
0.00623757
-0.00196407
-0.00474652
0.00177923
-0.00354529
0.00170961
-0.00095218
-0.00698934
0.00299107
-0.0037534
-0.00338517
-0.00992742
0.00070119
0.00864605
-0.00152622
0.0028291
0.00802308
0.00203945
0.00396718
-0.00196152
0.00481322
-0.00259977
0.00298489
-0.00255656
0.00270636
-0.00039136
0.00790069
-0.00232425
0.00892419
-0.00526996
0.00315074
-0.00430755
0.00224399
0.00296001
0.00143122
0.00429085
-0.00663707
3.346e-05
0.0018385
-0.00569131
-0.00812014
-0.00133196
0.00511761
-0.0022264
0.00444417
-0.00223405
-0.00337674
