#Average flux [c/s]: 6208.334537530074
#                                   T_start= 0 s
#                                   T_end= 1 s
#                                   CCF campionation= 1e-6 s
#                                   Fit amplitude= 111 s
#                                   Variable bin size= 10 ph/bin
-0.00022
0.00034
-0.00014
-0.00041
-0.00038
6e-05
0.00055
-0.00018
-5e-05
-0.00015
-0.00025
-0.00021
0.00065
0.00031
0.0001
-0.00021
8e-05
-0.00079
4e-05
-0.00014
-0.0003
-0.00037
0.00065
7e-05
-0.00026
-0.00072
-0.00017
-0.00024
8e-05
7e-05
0.00046
0.0
0.00038
0.00106
-0.0005
-0.00021
0.00043
4e-05
0.00031
0.00015
-0.0004
0.00025
-7e-05
-7e-05
0.00051
0.00046
0.00027
-0.0001
-0.00052
0.00027
0.00028
-0.00057
0.00051
0.0001
-5e-05
-0.00047
0.00021
0.0
2e-05
0.00019
0.00012
0.00011
-0.00029
0.00015
0.00024
0.00035
-0.0001
0.00014
-0.0002
0.0002
-0.00015
-0.00105
0.00019
1e-05
-0.00022
2e-05
-8e-05
-0.00022
0.00055
-0.00053
-0.0001
0.00012
0.00015
0.0004
0.00013
0.00017
0.00077
-0.00049
0.00091
-5e-05
0.0005
0.00103
0.0
-0.00012
5e-05
0.0
0.0
0.00019
0.00064
-0.00019
