#Average flux [c/s]: 30375.025288131557
#                                   T_start= 0 s
#                                   T_end= 1 s
#                                   CCF campionation= 1e-6 s
#                                   Fit amplitude= 0.1 s
#                                   Variable bin size= 10 ph/bin
0.00074111
0.00780342
-0.00147971
0.0004621
-0.00611952
0.00772489
0.00435037
#999
0.00222693
0.00081751
0.00474979
0.00382428
0.00087816
0.00102355
#999
-0.00163581
0.00028675
-0.00196228
-0.00335001
0.00485455
9.196e-05
-0.0012578
-0.00175895
0.00256283
0.00836451
-0.00052045
-0.00543244
0.0007893
0.007836
0.00442583
0.00528251
-0.00437059
-0.00588089
#999
-0.00226827
0.00305059
-0.01093896
0.00022025
0.00224539
0.00072565
-0.00325076
0.00088972
0.00485588
-0.00275434
#999
0.01335753
-0.00045705
-0.00884765
#999
-0.00154965
-0.0008879
0.00076912
-0.00259028
-0.00238656
#999
0.00475453
0.00673485
0.01114276
-0.00325975
0.00172478
0.00969399
#999
#999
-0.0008382
0.009322
#999
#999
0.00053346
-0.00152175
0.00444004
-0.00146337
-0.00197769
0.00216466
0.0134377
0.00626801
-0.00119673
0.00093574
0.00314823
#999
#999
0.00805445
#999
-0.00860178
-0.00244306
-0.00585123
-0.00179484
-0.00311928
0.00436442
0.00013393
0.00901078
-0.00215458
#999
0.0011002
-0.00543775
0.00279193
-0.00393863
0.00158313
-0.00045391
0.0075506
0.00112879
