#Average flux [c/s]: 7416.669075060147
#                                   T_start= 0 s
#                                   T_end= 1 s
#                                   CCF campionation= 1e-6 s
#                                   Fit amplitude= 111 s
#                                   Variable bin size= 10 ph/bin
-1.6e-05
-0.000542
0.000124
8.7e-05
-0.000241
0.000219
0.000205
0.001163
-7e-06
-0.000117
0.000104
-0.000283
0.000132
-0.000187
9.7e-05
0.000373
-0.00021
-0.00016
-0.000149
9.9e-05
6e-06
-0.000545
-0.000217
-0.000328
0.000283
-0.000152
0.000189
-9.6e-05
-0.000199
8.1e-05
-0.000144
-0.000592
3.5e-05
0.000471
-0.000162
4.4e-05
-0.000395
0.000344
8.9e-05
7.6e-05
-0.000141
0.000139
-0.000123
-0.000332
-0.000195
1.1e-05
-0.000412
-0.000551
0.000209
0.000174
-0.000191
0.000146
0.000199
-0.000291
-0.000232
0.000545
-6.2e-05
-0.000133
0.00017
6.6e-05
-0.000101
-0.000496
-0.000269
-0.000232
6.3e-05
0.000458
0.000434
0.000428
-0.000151
-0.000324
-0.000261
3.2e-05
0.000242
0.000116
0.000488
-1.1e-05
0.000523
6e-05
-0.000373
-8.6e-05
-0.000201
-0.000145
0.00018
0.00039
-0.000177
-0.000231
0.0
-0.000286
0.000242
0.000553
-0.000582
0.00022
-0.00016
-0.000171
7.3e-05
0.00035
-0.000181
-0.000228
-0.000165
-9.2e-05
