#Average flux [c/s]: 22520.850794186073
#                                   T_start= 0 s
#                                   T_end= 1 s
#                                   CCF campionation= 1e-6 s
#                                   Fit amplitude= 111 s
#                                   Variable bin size= 10 ph/bin
0.006018
-0.006895
0.009831
-0.001734
0.022798
0.014529
-0.023415
-0.009525
-0.011724
-0.023488
0.039362
0.014377
0.011432
0.037507
0.028209
0.033693
-0.002017
-0.024335
-0.029555
0.010453
-0.024049
-0.004111
-0.024354
0.036756
-0.006777
0.000933
0.010894
-0.007473
0.014736
-0.020105
0.015299
0.036457
0.000532
0.025232
0.036445
-0.023614
-0.003945
0.01464
0.026794
-0.012951
-0.016762
0.012395
-0.007383
0.011806
-0.007402
0.028654
-0.023551
-0.025227
0.011811
-0.002235
-0.006636
-0.017492
0.000449
0.007612
0.04162
0.005187
0.010871
-0.041175
0.004006
-0.02457
0.01807
-0.007449
0.019997
-0.007211
-0.012687
0.00802
0.02687
-0.024079
0.03438
0.015122
-0.002109
0.015203
-0.002372
0.007258
0.014307
-0.003912
-0.007816
-0.015897
0.010799
0.050404
0.026558
-0.011634
0.039199
0.017621
-0.004997
0.022606
0.025544
0.036747
-0.013863
-0.007522
0.010724
-0.006482
-0.007435
-0.01392
-0.007192
0.051908
-0.01369
-0.00181
-0.00706
-0.044682
