#Average flux [c/s]: 6208.334537530074
#                                   T_start= 0 s
#                                   T_end= 1 s
#                                   CCF campionation= 1e-6 s
#                                   Fit amplitude= 0.1 s
#                                   Variable bin size= 10 ph/bin
-0.14615142
-0.01137932
-0.06875001
0.17718487
0.10036226
-0.21844955
-0.16957376
0.2694926
-0.04826153
0.0846722
0.0726112
-0.14811345
0.00850105
-0.09166419
-0.07430071
0.12159004
-0.69988089
0.27728251
0.03815931
-0.14816184
-0.0892097
-0.29786353
0.24772282
-0.22520324
-0.03357813
-0.04348285
-0.209355
-0.04365598
0.05275045
-0.15753528
-0.00263846
-0.24205427
-0.04125695
-0.06392265
-0.16821288
#999
0.03283783
-0.17502471
-0.09099859
-0.09730727
-0.19802745
0.35000041
0.01644243
-0.4841502
-0.40025485
0.00572479
-0.27131869
0.3189725
-0.11591533
-0.14665451
0.06068426
-0.05678839
-0.06003225
-0.31042587
-0.49221559
0.05721775
-0.21690959
-0.15537755
-0.20583589
-0.14435337
0.07917766
-0.12348987
-0.00853792
0.14533991
0.21471232
-0.08735149
-0.03991824
0.16641839
0.12134232
-0.20775908
-0.12656052
0.02740441
0.25195162
-0.05658304
0.01171089
-0.10116259
0.01500906
-0.12136552
#999
-0.32217309
0.04814464
0.21071013
-0.35481132
-0.00400129
-0.289844
-0.19518425
-0.193538
0.06479044
0.41985834
-0.18329013
-0.09076418
-0.0229506
-0.17419428
-0.26620101
-0.10157247
-0.14990582
-0.17610726
0.24374719
0.16069947
0.12068964
