#Average flux [c/s]: 31281.276191279107
#                                   T_start= 0 s
#                                   T_end= 1 s
#                                   CCF campionation= 1e-6 s
#                                   Fit amplitude= 0.1 s
#                                   Variable bin size= 10 ph/bin
0.001426
0.00272407
0.00243113
0.00222053
0.00450801
-0.00048505
0.0019611
-0.006548
0.00152483
0.00496188
-0.00391584
-0.00015208
-0.00635435
#999
-0.00500656
-0.00457527
0.00179092
0.00471098
0.00542627
0.00712336
0.0059923
-0.00416667
-0.00077715
-0.00942749
0.00246051
-0.00193338
-0.00294381
-0.00690741
0.00086531
-0.00578748
-0.00120422
0.0051191
-0.00107862
0.0021801
0.00042399
0.00691358
-0.00079419
-0.00201881
0.00554054
-0.00050257
0.00174205
0.00987512
-0.00073163
-0.00104328
0.00162841
0.00104889
0.00658941
0.00493907
0.00391871
-0.00180272
-0.00067068
-0.00417964
0.00383441
0.0041272
-0.00107682
-0.00820427
-0.00210437
-0.00289146
0.00603805
-0.00464952
-0.00743757
0.00248047
-0.00511569
-0.00170663
0.00229104
0.00393038
-0.00550213
-0.0009523
-0.00086074
0.00183015
-0.00223581
-0.00480388
-0.00141516
-0.00228252
0.00583904
0.00438633
0.0038687
-0.00413779
0.00191457
0.00272453
0.00129524
0.0031658
0.00313702
0.00208076
-0.00515294
0.00356134
-0.00698063
0.00243888
-0.00322446
0.00026962
-0.00701905
0.00379631
0.0048533
0.00199066
0.00408872
-0.01387821
0.0003939
#999
-0.00090646
-0.00317966
