#Average flux [c/s]: 5906.250903147556
#                                   T_start= 0 s
#                                   T_end= 1 s
#                                   CCF campionation= 1e-6 s
#                                   Fit amplitude= 111 s
#                                   Variable bin size= 10 ph/bin
0.107764
0.09311
-0.350193
-0.148729
0.156921
0.255141
0.15628
-0.145188
0.106405
0.199414
-0.401667
0.044288
-0.025914
0.23128
0.353382
0.231998
0.28957
-0.085099
0.124123
0.126912
-0.023671
0.156291
0.232265
0.127119
-0.048771
0.215011
0.044839
0.068074
0.140578
0.329129
0.184484
0.104847
-0.084529
0.1579
-0.012165
0.105398
0.047625
0.23258
0.157335
0.179829
-0.026646
0.232826
0.121898
0.228823
-0.019938
-0.021014
0.229652
-0.273602
-0.02138
-0.018859
0.04761
0.147578
0.13667
0.027648
0.157164
0.281847
0.139975
0.126083
0.090128
-0.144098
0.230822
0.136906
0.005743
0.137158
0.13544
0.247866
0.136627
-0.085295
0.048385
0.231225
0.00861
0.185181
0.043664
0.15822
-0.467497
0.422415
0.14561
0.249282
0.028212
0.130227
0.126063
0.334021
0.290437
0.049932
0.392828
-0.014625
-0.011795
0.125751
0.270023
0.232462
0.125205
0.387254
-0.029355
0.178104
0.14187
-0.07206
0.234027
-0.020277
0.481706
0.233627
