#Average flux [c/s]: 10135.421784502812
#                                   T_start= 0 s
#                                   T_end= 1 s
#                                   CCF campionation= 1e-6 s
#                                   Fit amplitude= 111 s
#                                   Variable bin size= 10 ph/bin
0.03362
0.035733
0.029225
0.05421
0.005648
0.017488
0.036267
0.00709
-0.004948
0.083119
0.008281
0.04019
-0.046504
0.009978
0.033967
0.034353
0.007654
0.013301
0.034136
-0.024735
0.015678
0.016373
0.029047
0.015837
0.034237
0.050576
0.03543
0.012094
0.035113
0.077889
0.03384
0.005866
0.033399
0.001286
0.012949
0.090729
0.012331
0.011676
-0.007977
-0.021021
0.014901
-0.006895
0.034699
-0.029373
-0.051061
0.035817
0.105327
0.035106
0.014224
0.035265
0.083592
0.084329
0.032154
-0.018167
0.034282
0.012898
0.03112
0.002762
0.035566
0.034458
0.007111
-0.05105
-0.028092
0.050439
-0.031373
0.009809
-0.029613
0.017033
0.028875
0.07556
0.051568
0.008068
0.091175
0.03626
0.033936
-0.02791
0.068414
0.062301
-0.00972
0.040762
0.082872
-0.006596
0.010997
0.005768
0.013723
0.01335
0.031721
0.067934
0.031658
0.01611
0.035082
0.007177
0.040703
0.00328
0.006472
0.016218
0.011001
0.034348
0.097565
0.034173
