#Average flux [c/s]: 5000.0
#                                   T_start= 0 s
#                                   T_end= 1 s
#                                   CCF campionation= 1e-6 s
#                                   Fit amplitude= 111 s
#                                   Variable bin size= 10 ph/bin
0.00045
-0.00086
-0.00044
2e-05
-0.00021
0.00042
-0.00019
-0.00036
-0.00024
3e-05
-0.00016
-6e-05
-0.00059
-0.00043
-0.00024
0.00126
0.00038
0.00126
0.00041
-0.00058
5e-05
-0.00072
7e-05
0.00018
-0.00058
-0.0002
-0.00055
0.00055
-0.00066
-0.00043
-0.001
0.0001
-0.00124
-0.00017
-0.00026
0.00084
0.0004
0.00075
0.00014
-0.00094
0.00024
0.0
-0.00037
-0.00077
-9e-05
0.00052
-0.00068
-0.00083
0.00016
-0.00099
7e-05
-0.00058
-0.00035
-0.00054
-9e-05
-0.0004
-0.0009
-0.0001
-4e-05
0.00012
-0.00019
-0.00071
-0.00101
-2e-05
-0.00021
0.00037
-0.00013
0.00067
0.0006
-8e-05
0.00033
1e-05
0.0003
-0.00124
0.00012
0.00021
0.00052
0.00069
0.00011
-0.00012
0.00044
0.00053
-0.0006
-0.00015
-0.00032
0.00014
-0.00027
-5e-05
-5e-05
0.00044
-0.00056
-9e-05
0.00011
0.00029
-9e-05
0.00141
5e-05
1e-05
0.0002
0.00062
