#Average flux [c/s]: 14062.509031475554
#                                   T_start= 0 s
#                                   T_end= 1 s
#                                   CCF campionation= 1e-6 s
#                                   Fit amplitude= 0.1 s
#                                   Variable bin size= 10 ph/bin
0.00178624
0.02352123
0.02471147
0.02096778
0.03735528
0.00973338
0.00137139
0.02764911
0.01482806
0.00769871
0.01867817
0.02189289
0.0029687
0.01696633
0.00463156
-0.00571398
0.01359068
0.00608638
0.02613289
0.03448379
0.03071986
0.0325877
0.0098469
0.01947695
0.01260967
0.00238255
#999
-0.0040716
0.01435355
0.0218112
0.03231517
0.0282723
0.01799487
0.01437109
0.0205347
0.03104938
0.01605635
-0.0051428
0.01653449
0.03623773
0.03767604
0.03291703
0.00804419
0.02915556
0.02269976
-0.00954758
0.00560386
0.02430347
0.01849935
#999
0.0058524
0.01971596
0.01797989
0.01693407
0.02184431
0.0171351
0.036034
0.01038808
0.02844951
0.00733641
-0.0007059
0.00797851
0.01108242
0.02861364
0.00222807
0.00931746
0.02099492
0.02802397
0.0114366
0.02576266
0.02467482
0.04155239
0.02717586
0.02464533
0.03023712
0.01436842
0.00554865
0.02949626
0.01512245
-0.00528631
0.0212017
0.02336941
0.02715297
0.0277307
0.01434798
0.01145922
0.01142357
0.01839018
0.02271806
0.01020246
0.02160006
0.00753458
0.01471762
0.03414913
0.03835034
0.01767488
0.0087722
0.016563
0.01660209
0.0207429
