#Average flux [c/s]: 22822.93442856859
#                                   T_start= 0 s
#                                   T_end= 1 s
#                                   CCF campionation= 1e-6 s
#                                   Fit amplitude= 111 s
#                                   Variable bin size= 10 ph/bin
-0.0136
-0.00696
0.03779
-0.00446
-0.0054
0.00952
-0.00033
0.00209
-0.02815
-0.01616
0.0019
-0.00514
-0.02804
0.01611
-0.02202
-0.00476
0.01585
0.00908
-0.03657
0.02792
-0.00168
-0.00851
0.01624
0.04152
0.01705
-0.04629
-0.00198
0.00444
0.00379
-0.00123
-0.00235
0.01797
0.03912
0.02438
0.00133
-0.00475
-0.00198
-0.00237
-0.00629
-0.02621
0.0142
-0.02039
0.01173
-0.00452
0.0179
0.01688
-0.00454
-0.00433
0.01122
0.02524
0.02794
-0.04635
0.00921
0.01531
-0.02854
-0.00696
0.01767
-0.00407
0.01793
0.00198
0.00861
-0.03425
0.01521
-0.00452
0.03771
0.01574
-0.00212
0.00908
-0.00241
-0.03194
0.00042
-0.00706
0.00938
-0.03899
-0.03085
-0.01922
-0.02856
0.02358
-0.02174
0.00292
0.01708
0.00015
0.01667
-0.01653
0.00679
0.01673
-0.03734
-0.01486
-0.01347
-0.00024
0.01803
0.0161
-0.00168
0.00253
0.03163
-0.02792
0.0168
0.01588
0.00952
0.0316
