#Average flux [c/s]: 34604.19616948681
#                                   T_start= 0 s
#                                   T_end= 1 s
#                                   CCF campionation= 1e-6 s
#                                   Fit amplitude= 111 s
#                                   Variable bin size= 10 ph/bin
3e-05
0.0
0.0
-1e-05
3e-05
2e-05
3e-05
3e-05
-2e-05
-2e-05
1e-05
1e-05
5e-05
-5e-05
-2e-05
-4e-05
6e-05
3e-05
1e-05
-1e-05
3e-05
2e-05
3e-05
-4e-05
1e-05
3e-05
2e-05
-1e-05
1e-05
1e-05
1e-05
5e-05
2e-05
1e-05
0.0
-3e-05
-5e-05
0.0
4e-05
-1e-05
-1e-05
-2e-05
4e-05
1e-05
-2e-05
-6e-05
2e-05
-3e-05
0.0
2e-05
3e-05
3e-05
7e-05
0.0
-5e-05
0.0
-1e-05
3e-05
0.0
-1e-05
-5e-05
0.0
-4e-05
-2e-05
0.0
0.0
1e-05
2e-05
-1e-05
-4e-05
1e-05
-3e-05
1e-05
-1e-05
2e-05
2e-05
1e-05
1e-05
2e-05
-2e-05
1e-05
-2e-05
6e-05
-4e-05
-1e-05
2e-05
3e-05
-2e-05
2e-05
2e-05
-1e-05
-1e-05
2e-05
-4e-05
-2e-05
0.0
1e-05
2e-05
1e-05
1e-05
