#Average flux [c/s]: 11947.923590797924
#                                   T_start= 0 s
#                                   T_end= 1 s
#                                   CCF campionation= 1e-6 s
#                                   Fit amplitude= 111 s
#                                   Variable bin size= 10 ph/bin
-0.001634
-0.082823
0.012045
-0.037665
0.005524
-0.020689
0.045204
0.002703
-0.008786
-0.017845
-0.04638
-0.036394
-0.017462
-0.012229
-0.04716
-0.045666
0.005921
0.025263
0.016182
-0.018337
-0.024592
-0.013939
-0.030852
0.045137
0.025533
0.025456
-0.038022
0.009592
-0.024066
-0.023186
0.026027
-0.011677
0.006115
-0.018784
-0.078301
-0.024129
0.005358
-0.015036
-0.046779
-0.038401
-0.011675
-0.008534
-0.007669
0.035927
0.033066
-0.018058
-0.048924
-0.022462
-0.024671
-0.008588
0.048163
-0.016794
-0.03824
-0.028351
0.049148
0.001233
0.025078
0.053784
0.024506
-0.024555
0.006184
-0.025347
0.054172
-0.061759
-0.018358
-0.097751
-0.039835
-0.035998
-0.035746
0.054361
-0.062848
-0.020835
-0.031609
-0.017287
-0.023873
0.011753
-0.019609
0.017483
0.025174
0.005809
0.025881
0.011414
-0.003533
0.05409
-0.046633
-0.023808
0.009988
-0.058384
-0.023426
-0.001736
0.004383
0.031707
0.04595
-0.009994
-0.020548
-0.04775
0.002425
-0.024636
-0.016302
0.005535
