#Average flux [c/s]: 7416.669075060147
#                                   T_start= 0 s
#                                   T_end= 1 s
#                                   CCF campionation= 1e-6 s
#                                   Fit amplitude= 111 s
#                                   Variable bin size= 10 ph/bin
0.07208
-0.009491
0.118466
-0.011473
-0.053031
0.131993
0.018968
0.037096
0.070917
-0.114609
0.002734
0.071022
0.068741
-0.111863
0.054036
0.004917
0.018143
0.077243
0.05588
0.019
0.023556
0.037868
0.145042
0.015675
-0.038694
0.017827
0.048104
0.071001
-0.065322
0.121201
-0.024521
-0.012484
0.017358
0.016829
0.036428
0.050743
0.020559
-0.015163
0.018493
-0.010064
0.064144
-0.153434
0.076139
0.002862
-0.083385
0.058019
-0.021743
-0.009117
0.059295
0.077175
0.00334
0.035403
-0.090327
-0.009154
0.065026
-0.026135
0.069472
0.059469
-0.090318
0.021625
0.070676
-0.008736
0.042318
-0.013609
0.080169
0.137478
-0.009245
0.019558
-0.01056
0.069423
0.081715
0.022327
0.018799
0.021299
0.069769
0.05519
0.019457
0.078014
0.038778
-0.009048
0.058563
0.078068
-0.009763
0.055938
0.054848
0.069332
0.075724
0.071077
-0.083666
-0.041782
-0.072902
0.016465
0.022378
0.018509
0.037699
-0.08848
-0.089357
0.038933
0.079712
0.066083
