#Average flux [c/s]: 21614.599891038517
#                                   T_start= 0 s
#                                   T_end= 1 s
#                                   CCF campionation= 1e-6 s
#                                   Fit amplitude= 0.1 s
#                                   Variable bin size= 10 ph/bin
0.00126275
0.00380999
0.00555553
0.00804085
-0.00246893
0.00301014
-0.00822663
0.00639267
0.00090958
0.00283994
0.00207202
-0.00408663
0.00619479
0.00821005
-0.00204903
-0.00741909
-0.00180519
-8.082e-05
0.00245635
9.195e-05
-0.00575712
0.00238002
0.00418708
-0.00048642
-0.00696072
0.00461541
-0.00155728
0.00136896
3.57e-06
-0.00460969
-0.00031894
-0.00333231
0.00121838
0.00143391
-0.00835136
-0.0028256
0.00472529
-0.00581747
-0.00380335
-0.00492593
0.01250961
-0.00321246
-0.0040273
-0.00818555
0.0069713
-0.00335703
0.0074648
0.00747033
-0.0001149
0.00119965
0.0049486
0.00353832
-0.00277542
-0.00688099
0.00790713
0.01208869
0.01296496
-0.00592331
0.00563712
0.00378279
#999
-0.0027554
-0.01127227
-0.00550809
-0.01499284
#999
0.00522782
-0.00048094
-0.00056271
-0.00037377
-0.00727882
0.00489122
0.00510182
0.00109573
-0.00621988
-0.00120039
-0.00393496
#999
-0.00141469
-0.00392235
0.00159654
0.01392603
0.00326549
0.00401813
-0.00015238
-0.00859629
0.00091633
-0.00069462
0.00309691
0.00532882
3.814e-05
-0.00721272
0.00166971
0.00169037
-0.00801682
0.00564274
-0.00049208
0.00079564
-0.00417044
-0.00238287
