#Average flux [c/s]: 31583.35982566163
#                                   T_start= 0 s
#                                   T_end= 1 s
#                                   CCF campionation= 1e-6 s
#                                   Fit amplitude= 111 s
#                                   Variable bin size= 10 ph/bin
0.02066
0.02062
-0.00017
-0.00061
0.02082
0.02248
-0.00598
0.00846
0.00385
-0.00022
0.01225
0.0168
0.02057
0.0017
0.00249
0.03515
0.01264
0.00907
-0.0128
-0.01952
-0.00573
-0.02657
0.02341
0.0079
0.03675
-0.0001
0.01439
0.02714
0.00818
0.01661
-0.00026
-0.03065
-0.02101
0.0077
-0.03016
0.0231
-0.01596
0.02047
0.00444
0.00745
0.00697
-0.01594
-0.00896
0.01066
0.02025
-0.02687
0.02048
-0.02099
-0.02126
0.00985
-0.01739
0.02306
0.02062
0.00808
0.02772
0.0041
0.00695
-0.00035
0.01935
0.02217
-0.01849
-0.03577
0.02341
0.02693
-0.03072
-0.00024
0.01372
-0.0133
0.00177
0.00781
0.0269
0.02799
0.008
-0.02679
0.02643
0.02293
0.02038
0.00238
-0.01553
0.02671
-0.03001
-0.02149
0.02663
0.00841
-0.00045
0.02051
0.02261
-0.01835
0.01663
0.034
0.00366
-0.01952
0.00866
-0.01105
0.02279
0.01302
0.00751
0.00771
0.00407
0.02033
