#Average flux [c/s]: 14364.592665858072
#                                   T_start= 0 s
#                                   T_end= 1 s
#                                   CCF campionation= 1e-6 s
#                                   Fit amplitude= 111 s
#                                   Variable bin size= 10 ph/bin
-1e-05
0.00011
-4e-05
8e-05
0.00023
-3e-05
8e-05
0.00014
1e-05
-7e-05
8e-05
7e-05
-5e-05
0.00018
-0.00011
-8e-05
0.00017
2e-05
7e-05
0.00013
0.00015
-3e-05
-9e-05
-7e-05
-0.00012
-8e-05
4e-05
0.00019
-0.00011
-0.00011
0.00024
0.00013
6e-05
0.0
2e-05
1e-05
3e-05
-4e-05
3e-05
-8e-05
3e-05
0.0001
-9e-05
6e-05
0.00011
0.00018
0.00012
-4e-05
9e-05
-1e-05
0.00015
0.00016
-4e-05
-8e-05
8e-05
3e-05
2e-05
2e-05
-0.00011
-0.00014
8e-05
7e-05
2e-05
0.00012
3e-05
0.0001
1e-05
0.0002
1e-05
-4e-05
0.00011
-3e-05
-4e-05
0.00014
-8e-05
-5e-05
-4e-05
0.00012
0.0001
-1e-05
7e-05
-0.0001
-0.00011
4e-05
-0.00017
-7e-05
-3e-05
-7e-05
-6e-05
-8e-05
-1e-05
-3e-05
-0.00016
-2e-05
1e-05
5e-05
-0.00018
-0.00013
4e-05
5e-05
