#Average flux [c/s]: 10739.58905326785
#                                   T_start= 0 s
#                                   T_end= 1 s
#                                   CCF campionation= 1e-6 s
#                                   Fit amplitude= 111 s
#                                   Variable bin size= 10 ph/bin
-0.00017
-0.00029
-0.00016
-0.00015
0.00014
-2e-05
-1e-05
5e-05
-0.00015
0.00021
-0.00018
-0.00015
3e-05
5e-05
-7e-05
0.00028
-0.00038
-0.00023
4e-05
0.0002
3e-05
-0.00015
0.00026
7e-05
-8e-05
-8e-05
0.00016
5e-05
-9e-05
8e-05
3e-05
-2e-05
-0.00023
0.00046
-0.0001
-6e-05
0.00015
-0.00021
-0.00018
-0.00033
-0.00015
-0.00018
0.00015
-0.00022
0.00012
-4e-05
-2e-05
0.00013
-0.00012
-0.00015
4e-05
-0.00033
0.00028
0.00016
0.00016
8e-05
-9e-05
-8e-05
4e-05
-0.00027
5e-05
0.0002
-0.00015
-0.00012
0.0
-0.00016
2e-05
-8e-05
-0.00019
7e-05
-0.00021
-1e-05
0.00018
0.0002
-9e-05
-7e-05
-0.00053
-5e-05
-0.0001
0.00021
0.00018
9e-05
-0.00021
-4e-05
8e-05
-0.00016
0.00012
0.00031
-0.00031
-2e-05
-0.00017
-0.00032
-0.00019
0.00015
0.00016
0.00019
0.0
0.0001
-0.00021
-0.00025
