#Average flux [c/s]: 12250.007225180445
#                                   T_start= 0 s
#                                   T_end= 1 s
#                                   CCF campionation= 1e-6 s
#                                   Fit amplitude= 0.1 s
#                                   Variable bin size= 10 ph/bin
-0.00140921
-0.0009857
-0.01518954
0.0065392
#999
-0.02055
-0.01680073
0.00702473
0.02933757
-0.00129916
-0.01601182
-0.00363238
0.00838095
-0.00426238
-0.02242743
0.0027063
-0.01819708
0.0027202
0.00266687
-0.00058814
-0.01622442
-0.01512346
-0.00707358
0.00187351
-0.00660207
-0.01857612
0.01549752
0.00110329
-0.02322008
0.0085777
-0.01054957
-0.01013214
-0.00017053
0.0165738
-0.01788967
-0.0079169
-0.02086543
-0.00075273
-0.02261852
0.00229187
-0.00170831
-0.01158673
-0.02696224
-0.01162795
-0.01149515
-0.01201356
-0.00383458
-0.01054905
-0.00857591
-0.00873802
-0.0003465
-0.00024798
-0.01807129
-0.02509435
-0.00332839
-0.00847326
-0.00535575
0.01282103
-0.03408657
-0.01713068
-0.02687621
-0.01316032
-0.0138659
0.01266564
0.0001056
-0.01354366
-0.00352004
-0.0118417
0.00993104
-0.02184962
-0.00930558
-0.00135539
-0.01129035
0.00228496
-0.0130001
0.00197278
-0.01395489
-0.0229767
-0.00603139
0.00046436
-0.01074679
-0.01865266
0.00985678
-0.00760519
-0.0184955
0.02089761
-0.02053338
-0.01287759
-0.00519019
-0.00533924
-0.02936576
-0.00190442
-0.00485807
0.00047786
-0.00225422
-0.00584112
0.00632685
-0.00195322
0.00174176
-0.01804668
