#Average flux [c/s]: 21312.516256656003
#                                   T_start= 0 s
#                                   T_end= 1 s
#                                   CCF campionation= 1e-6 s
#                                   Fit amplitude= 0.1 s
#                                   Variable bin size= 10 ph/bin
0.00825203
0.00522546
-0.00362906
0.00439749
-0.00849704
-0.00377988
-0.00258025
0.00551894
0.00020534
0.01176043
-0.00388548
-0.01531106
0.00070308
-0.00335328
0.00627359
-0.00330697
-0.00594998
-2.382e-05
-0.00576604
-0.00508445
#999
-0.01025832
-0.00587727
-0.00094051
0.00784122
0.00216412
-0.00510949
-0.01092981
-0.00370376
-0.00164276
0.00159096
0.0088214
0.00246987
-0.00400393
-0.00475544
-0.00240866
0.00658001
-0.0025323
0.0030879
0.00113137
-0.00553118
-0.0077452
-0.0032716
0.00726693
0.00476586
-0.00458681
0.0028095
-0.00371083
0.00497636
-0.00276866
-0.0031998
-0.00413278
-0.0010751
0.00211205
0.01016876
0.0062262
-0.01254178
#999
0.00239241
#999
-0.00433046
0.00492322
-0.0040286
0.01115773
-0.00492302
0.0065271
-0.00614062
0.00043075
0.00106083
-0.00802075
0.00240692
-0.00484091
0.00480771
-0.00201181
0.00235647
0.00607604
0.00108841
0.01340775
-0.00193151
7.315e-05
0.01018039
0.00514399
0.00392221
0.00067442
0.00672573
0.00453714
-0.00331791
0.01122447
0.00488917
-0.00632771
-0.0050727
-0.01052516
0.00348642
0.00040916
0.0003352
0.01193942
-0.00625932
0.00117871
-0.01014302
0.00169502
