#Average flux [c/s]: 23427.10169733363
#                                   T_start= 0 s
#                                   T_end= 1 s
#                                   CCF campionation= 1e-6 s
#                                   Fit amplitude= 111 s
#                                   Variable bin size= 10 ph/bin
0.009004
0.00078
0.012276
-0.00961
0.005664
-0.019961
0.044937
-0.01227
0.02242
0.005122
0.023712
0.017628
0.02191
0.012259
-0.030655
0.010771
0.004564
0.037735
-0.00614
0.025956
0.033418
0.004215
-0.019965
-0.021005
0.012748
-0.028033
0.017533
-0.013394
-0.009211
-0.014222
-0.006799
-0.005379
0.028928
0.037528
0.000999
0.008266
-0.008248
-0.006574
-0.005943
-0.009711
0.010082
-0.008268
0.024003
-0.006345
0.017262
0.009697
-0.006645
0.027633
0.011633
0.003433
-0.00691
-0.022411
0.004638
0.012394
0.010965
0.010428
-0.009437
-0.017357
0.055562
0.026538
0.016939
0.010465
0.055581
0.009158
0.017814
-0.031926
0.030266
-0.009716
0.017487
-0.024254
-0.032959
0.017866
-0.02339
0.010586
0.010434
-0.005593
-0.018119
0.012622
-0.009232
-0.023711
0.000577
-0.004775
-0.035717
0.025036
-0.023813
-0.021007
0.007255
-0.021169
0.010247
-0.018742
-0.021136
0.018602
0.000438
-0.006821
0.012113
0.009021
0.04397
-0.005055
0.002705
0.017973
