#Average flux [c/s]: 15572.927203388148
#                                   T_start= 0 s
#                                   T_end= 1 s
#                                   CCF campionation= 1e-6 s
#                                   Fit amplitude= 0.1 s
#                                   Variable bin size= 10 ph/bin
0.00857121
0.02740612
0.01203977
0.02087005
-0.00167739
0.01790771
#999
0.00941165
#999
0.01577938
0.01107554
0.00331893
0.02320876
0.03596292
#999
0.01592692
0.02235856
0.01756269
0.02444779
0.01496725
0.01323516
0.02163962
0.01841313
0.00860928
0.00663273
0.03038684
0.00935267
#999
0.00825431
#999
0.002236
0.00564812
#999
-0.00485593
0.0233936
0.02134854
#999
0.02216033
0.00895867
-0.00243882
0.02616334
-0.00245423
0.02826476
0.01313102
0.00242654
#999
0.00581691
0.00322444
0.01443843
0.01998535
0.00862035
0.01851318
0.01925811
0.01528092
0.00464757
0.01278953
0.02481732
0.01741569
0.0119032
0.00531806
0.00590819
0.02906138
0.01322107
#999
0.01519635
0.01010775
0.01367814
0.01476893
0.01819961
0.00555442
-0.0026255
0.02352947
0.03284035
0.02523015
0.01208865
0.01032942
0.0206933
#999
0.00366646
0.02931489
0.01176142
0.02319494
0.00124858
0.00738238
-0.00678969
0.01528085
0.00239784
0.01320988
0.00946695
0.01493866
0.0118986
0.01678444
0.01338839
#999
0.01945801
0.00322
0.0027763
0.02754539
0.02445891
0.02528088
