#Average flux [c/s]: 20708.34898789096
#                                   T_start= 0 s
#                                   T_end= 1 s
#                                   CCF campionation= 1e-6 s
#                                   Fit amplitude= 111 s
#                                   Variable bin size= 10 ph/bin
6.2e-05
-8e-06
1.2e-05
0.0
-1.6e-05
0.00015
-8.3e-05
7e-05
6.3e-05
1.8e-05
5.5e-05
-5.9e-05
2.1e-05
2e-05
1.8e-05
9e-05
5e-05
1.2e-05
-9.9e-05
-5e-05
0.0
4e-06
-8e-05
3.3e-05
-7.3e-05
8e-05
-6.4e-05
2.7e-05
2e-05
-4.4e-05
-5.8e-05
7.8e-05
-1e-06
1.8e-05
5.8e-05
3.4e-05
-8.8e-05
-4.1e-05
-4.8e-05
-4e-06
-7.9e-05
4e-06
-9e-06
-6e-06
-5.2e-05
4.1e-05
2e-06
4.4e-05
-4e-05
1.5e-05
7e-06
6.5e-05
-0.000133
-2.1e-05
-8.5e-05
-8.9e-05
-2.4e-05
2.9e-05
1.6e-05
1.5e-05
-0.000105
-4.1e-05
-7.3e-05
-2.3e-05
7.9e-05
-3e-06
4.5e-05
3.9e-05
6.1e-05
4e-06
0.000101
3.3e-05
-3.2e-05
1e-06
-1e-05
-4.7e-05
-6e-05
-5.9e-05
-5e-06
6.7e-05
2.7e-05
-2.3e-05
2.2e-05
1.2e-05
4.1e-05
1.3e-05
7.6e-05
2e-05
-6e-06
0.000111
6.3e-05
2.9e-05
-5.9e-05
5.2e-05
7.9e-05
-6.6e-05
6e-05
-1e-06
1e-05
2.2e-05
