#Average flux [c/s]: 24031.26896609867
#                                   T_start= 0 s
#                                   T_end= 1 s
#                                   CCF campionation= 1e-6 s
#                                   Fit amplitude= 0.1 s
#                                   Variable bin size= 10 ph/bin
0.00236927
0.00235719
0.00488121
-0.00980195
-0.00625048
-0.00141266
0.00947043
0.00242939
0.01328012
7.647e-05
-0.00388675
0.00671758
-0.00286674
0.00353568
0.00508101
-0.00922873
-0.00037381
0.00011926
0.00271098
-0.01347163
0.00425471
0.00650314
0.00328802
-0.00480803
-0.00020998
-0.00794298
0.0109754
-0.00742765
0.00283609
-0.00153214
0.01191062
#999
0.00395984
0.00476975
0.00141794
0.00034469
-0.00111164
-0.00682444
0.00286548
0.00122081
0.00528443
0.00206011
0.00263936
0.00100282
0.00355157
-0.00519512
-0.00139719
0.00695385
0.00145006
-0.01386363
0.00064311
0.00392225
0.01216515
-0.00483293
-0.01198657
0.00117785
-0.00534551
-0.00223383
0.00270957
0.00084034
0.00774427
-0.00160717
0.00530561
-0.00609077
-0.00158351
0.00113978
-0.00029775
#999
-0.00568086
-0.00719101
-0.00256914
0.00460624
-0.00630681
0.00217398
-0.00032633
-0.00817688
0.00094363
-0.00663612
-0.01516194
0.00056286
-0.00508544
0.00213036
0.01246043
0.00687541
0.00171609
0.00723302
-0.00464527
-0.00563784
-0.00356859
-0.01001921
-0.0013617
-0.00955068
0.00053498
-0.00351096
0.00188819
0.00252578
-0.00606658
-0.00841328
-0.00780044
0.0024457
