#Average flux [c/s]: 5302.083634382518
#                                   T_start= 0 s
#                                   T_end= 1 s
#                                   CCF campionation= 1e-6 s
#                                   Fit amplitude= 111 s
#                                   Variable bin size= 10 ph/bin
-0.00033
9e-05
0.00032
0.00025
0.00015
0.00039
-1e-05
0.00025
-8e-05
-0.00049
0.00035
0.00063
0.00016
-6e-05
0.00034
0.00016
-9e-05
0.00019
-3e-05
-0.00044
-0.00019
0.00024
0.00021
0.00013
0.00031
-0.00019
-0.00015
-0.00013
-0.0008
0.00081
0.00045
0.00064
0.00094
5e-05
0.00035
0.00016
0.00024
0.00018
-0.00023
-0.00015
0.0003
-0.00076
0.00012
-0.00065
-0.00026
-3e-05
-0.00017
5e-05
-0.00034
9e-05
0.00018
-0.00031
-0.00031
0.00035
-0.0001
-0.0003
0.00031
9e-05
-0.00016
0.00023
2e-05
0.00037
0.00032
0.00047
0.00066
-0.00041
-0.00025
0.00048
0.00054
0.00079
0.00032
-0.00016
-7e-05
2e-05
0.00059
-0.00029
-3e-05
9e-05
-0.00036
0.00031
-0.00045
-0.00061
-0.00025
-0.00021
-0.00037
-0.00032
-0.00025
-4e-05
-0.00027
-0.00047
-0.00066
0.00037
-9e-05
-0.0003
0.00058
-0.00026
0.00027
0.00044
0.00016
0.00046
