#Average flux [c/s]: 19500.014450360886
#                                   T_start= 0 s
#                                   T_end= 1 s
#                                   CCF campionation= 1e-6 s
#                                   Fit amplitude= 111 s
#                                   Variable bin size= 10 ph/bin
-2.5e-05
9e-06
0.000117
-7.3e-05
-0.000143
-4.1e-05
-2.7e-05
4.7e-05
5.5e-05
-4e-06
5.8e-05
4.7e-05
8.7e-05
-9.4e-05
-3.8e-05
1.8e-05
-3.7e-05
2.9e-05
3.8e-05
-4.4e-05
-5e-05
1.9e-05
3e-06
-0.000104
-5e-06
-5.3e-05
7e-05
-6e-05
-3.2e-05
5.9e-05
-4.4e-05
-7e-06
-1.5e-05
1e-06
-1.9e-05
-2.6e-05
-1.4e-05
1e-05
-4.3e-05
-4.5e-05
0.000107
5.7e-05
-3.6e-05
-5.8e-05
-7.3e-05
3.7e-05
4.1e-05
7e-05
1e-05
2.9e-05
-2.1e-05
1.2e-05
-3.7e-05
7.6e-05
0.000118
-6e-05
-0.000118
-8e-06
4e-05
-0.00011
-8e-06
9.3e-05
4.9e-05
-3e-05
6.9e-05
-4.5e-05
-2.5e-05
0.000107
-6.8e-05
-2.2e-05
7e-05
-3.2e-05
-4e-05
3e-05
0.000111
6.2e-05
-7.2e-05
4.4e-05
-1.5e-05
2.3e-05
-5.4e-05
8e-05
3.1e-05
-4.7e-05
2.6e-05
5.7e-05
-5e-05
8e-06
1.9e-05
2.6e-05
7e-06
-3.9e-05
9.6e-05
-1e-05
6.4e-05
-2.6e-05
1.2e-05
9e-06
-0.000112
-2.1e-05
