#Average flux [c/s]: 25239.60350362874
#                                   T_start= 0 s
#                                   T_end= 1 s
#                                   CCF campionation= 1e-6 s
#                                   Fit amplitude= 111 s
#                                   Variable bin size= 10 ph/bin
2.9e-05
-2.4e-05
5.9e-05
6e-06
-5e-05
6.3e-05
3.2e-05
-2.2e-05
-2e-06
2e-06
-1.3e-05
2e-06
7e-06
2e-05
2.4e-05
-5.6e-05
-2e-06
2e-06
3.7e-05
-6.4e-05
2e-06
-1.6e-05
-3.4e-05
2e-06
-2.6e-05
1.6e-05
-6.5e-05
1.7e-05
1.1e-05
6e-05
5.4e-05
-0.000107
-3e-05
7e-06
-3.2e-05
-2e-06
-3.2e-05
-1.5e-05
3e-06
8e-06
2e-06
-4.3e-05
8e-06
-5.2e-05
4.3e-05
-2.8e-05
-4.4e-05
-9e-06
-8e-06
-1e-05
-5.6e-05
0.000104
-1.8e-05
-7e-06
2.5e-05
-2e-06
4.2e-05
-2.8e-05
-5.2e-05
1.2e-05
6.1e-05
4e-06
3.7e-05
-2.7e-05
-2e-06
8e-06
-4.5e-05
-7e-06
1.1e-05
-1.5e-05
4.4e-05
1.1e-05
2.6e-05
-1.2e-05
-0.000181
2.5e-05
3.3e-05
6.2e-05
3.2e-05
8e-06
-3e-05
4.1e-05
3.5e-05
-7.8e-05
1.1e-05
-2e-05
7e-06
4.1e-05
-5.2e-05
-5.7e-05
-9.1e-05
2e-05
-6.2e-05
6e-06
-3.7e-05
-1.1e-05
-1e-05
2.3e-05
-1.8e-05
-1.5e-05
