#Average flux [c/s]: 12552.09085956296
#                                   T_start= 0 s
#                                   T_end= 1 s
#                                   CCF campionation= 1e-6 s
#                                   Fit amplitude= 0.1 s
#                                   Variable bin size= 10 ph/bin
0.02078436
-0.00571578
0.00361896
0.0158272
0.01011194
-0.00515546
-0.00387864
0.00133816
-0.01148869
-0.00153595
-0.00364533
0.00124694
0.02432774
0.00305832
0.01827049
0.01319822
0.01345623
-0.02121199
0.02328533
0.00268602
-0.00293653
-0.0074076
-0.03138774
-0.0032784
-0.00147218
0.01802518
-0.01106185
0.01870885
0.01017753
0.0145889
0.00495756
0.01329251
0.020526
0.01443609
0.00930244
-0.00049877
-0.00645314
-0.00305141
-0.00663752
-0.01846943
-0.01441665
-0.00742955
-0.0018579
0.00082713
0.00892852
0.01141955
0.01452621
0.00138084
0.00649147
0.00793669
-0.00767322
-0.00994
0.01076388
#999
-0.02434406
0.0127448
0.00929406
-0.00703543
0.00155502
0.00939758
#999
0.00739162
4.615e-05
0.00579859
0.00969296
0.00382617
-0.00359065
0.00959451
#999
#999
0.01820278
0.00977539
0.01431472
0.00117004
-0.00340212
0.00456961
0.00728501
-0.01777881
-0.00254733
-0.00252776
0.00742153
0.0113223
0.01557909
0.00661981
0.01725423
-0.00177135
-0.00682383
0.01769742
#999
0.01650327
0.01200654
-0.00821104
-0.00982261
0.0021637
#999
-0.01156549
0.03487909
0.00975192
0.01161909
0.03212994
