#Average flux [c/s]: 8927.08724697274
#                                   T_start= 0 s
#                                   T_end= 1 s
#                                   CCF campionation= 1e-6 s
#                                   Fit amplitude= 111 s
#                                   Variable bin size= 10 ph/bin
0.044671
-0.01819
0.063989
-0.062881
0.010791
-0.009258
-0.034241
-0.043479
-0.062251
-0.073013
0.070592
0.022932
-0.06601
0.073709
0.019459
-0.037747
0.033694
0.007811
-0.053359
-0.037461
-0.072416
-0.078764
-0.06249
0.026365
0.005718
-0.009435
0.020583
-0.06258
-0.036084
0.034605
-0.009327
0.023509
0.064065
0.04887
0.008876
-0.037108
0.089767
0.007551
-0.016341
0.072473
-0.018135
0.035024
-0.078046
-0.063402
0.006875
-0.062919
-0.040642
0.071977
0.061081
0.049439
-0.084163
-0.019452
0.010661
-0.00676
0.045039
-0.074212
-0.062797
0.070118
0.091468
0.049621
-0.051091
0.049741
0.046853
-0.039703
0.072019
0.00429
0.027246
0.033964
0.02999
-0.016203
0.034553
0.022436
0.060438
-0.068662
0.010763
-0.007456
0.005125
0.056868
0.083486
0.044955
0.004734
-0.062445
-0.016148
0.003209
0.129586
0.048683
0.073047
-0.017804
-0.037452
-0.042743
-0.022101
-0.022286
-0.022003
0.040976
0.006302
0.003799
0.065508
0.026696
-0.079546
-0.008978
