#Average flux [c/s]: 12250.007225180445
#                                   T_start= 0 s
#                                   T_end= 1 s
#                                   CCF campionation= 1e-6 s
#                                   Fit amplitude= 111 s
#                                   Variable bin size= 10 ph/bin
-0.00035
-1e-05
0.00018
0.00011
6e-05
9e-05
5e-05
-0.0001
0.00011
-6e-05
0.0
-8e-05
-4e-05
-5e-05
0.00019
-5e-05
3e-05
-0.00013
-3e-05
-0.00013
0.00018
0.00013
-0.00033
-3e-05
-0.00023
-6e-05
9e-05
3e-05
0.00023
0.00024
-7e-05
0.00016
0.00013
-0.0001
-0.00012
7e-05
-0.0002
2e-05
-2e-05
4e-05
8e-05
-0.00034
-5e-05
0.00012
-0.00015
0.0
-5e-05
-0.00014
0.00012
-1e-05
-0.00019
-7e-05
7e-05
-0.0001
0.00017
-0.00018
-2e-05
5e-05
-8e-05
-6e-05
1e-05
-1e-05
4e-05
-9e-05
-0.00024
0.00017
0.00034
-0.00015
0.00033
-1e-05
6e-05
0.00015
8e-05
-1e-05
-0.00015
-8e-05
0.00017
-0.00011
0.0001
0.00016
1e-05
2e-05
-0.00013
0.00018
-6e-05
0.0002
-5e-05
-8e-05
1e-05
0.00029
-7e-05
-0.00014
-6e-05
-6e-05
6e-05
-7e-05
-0.00016
6e-05
0.00013
-9e-05
