#Average flux [c/s]: 17687.512644065777
#                                   T_start= 0 s
#                                   T_end= 1 s
#                                   CCF campionation= 1e-6 s
#                                   Fit amplitude= 111 s
#                                   Variable bin size= 10 ph/bin
-0.0202
0.00611
-0.02872
0.01257
0.04046
-0.0378
-0.01811
-0.00812
-0.03875
-0.02562
-0.0272
-0.02753
-0.02419
-0.00763
0.01013
-0.0272
-0.02876
0.02895
0.06151
-0.02525
-0.00659
-0.03867
0.01185
0.02662
-0.00831
-0.02847
0.00796
-0.00776
-0.03315
0.00311
0.01156
0.01913
0.03115
-0.02189
-0.00199
-0.02567
0.05625
0.03409
-0.02684
-0.01454
0.01809
-0.01469
-0.00827
-0.02908
0.0274
0.00281
-0.02717
-0.03155
0.01114
-0.02866
-0.00828
0.0476
0.00614
0.01906
0.01829
-0.01489
-0.0048
-0.02235
0.03437
-0.01252
0.03429
-0.03937
-0.02918
-0.01642
-0.03965
0.01269
-0.0016
-0.02293
-0.02574
-0.00795
-0.0286
-0.06168
-0.00746
0.00624
-0.00523
0.03708
0.02973
-0.00962
-0.02169
-0.02968
-0.05713
-3e-05
-0.00825
0.01256
-0.03846
-0.03025
0.06385
-0.00834
-0.02697
-0.03992
-0.00761
-0.02524
-0.02792
0.02917
0.00337
-0.01984
0.02254
-0.039
0.01242
-0.05126
