#Average flux [c/s]: 27656.27257868889
#                                   T_start= 0 s
#                                   T_end= 1 s
#                                   CCF campionation= 1e-6 s
#                                   Fit amplitude= 111 s
#                                   Variable bin size= 10 ph/bin
-0.0047
-0.01442
-0.01228
-0.00233
0.00814
-0.02454
0.0037
0.01471
-0.00857
0.0423
-0.01619
0.0135
0.00488
0.00302
-0.00502
-0.00868
0.00472
0.00887
-0.03911
-0.01608
0.00325
0.01036
0.021
-0.0164
-0.0108
0.01281
0.02963
0.00378
0.01099
0.01219
-0.00561
-0.00878
-0.01604
0.01317
-0.01641
-0.00868
-0.01397
-0.00879
-0.01892
0.00927
0.00364
-0.00344
-0.01668
-0.00858
-0.03222
-0.03299
0.01228
-0.01852
-0.01286
0.01329
0.01319
-0.02323
-0.01224
0.01112
0.01119
0.00459
-0.016
-0.01567
0.00867
0.00331
-0.01593
0.01093
0.01324
0.00476
-0.00324
0.00293
-0.01662
0.00864
-0.00538
0.01524
-0.02361
0.02115
-0.01579
0.01315
0.01309
0.01417
0.01343
-0.00899
-0.02552
0.00453
-0.01618
-0.0089
-0.02127
-0.03008
0.00673
0.0073
0.01332
0.0046
0.0051
0.00511
0.00432
0.00826
0.00396
-0.01661
-0.01683
0.0041
0.01618
-0.01388
0.01409
0.04215
