#Average flux [c/s]: 22822.93442856859
#                                   T_start= 0 s
#                                   T_end= 1 s
#                                   CCF campionation= 1e-6 s
#                                   Fit amplitude= 0.1 s
#                                   Variable bin size= 10 ph/bin
0.00056354
0.00299327
-0.00881787
-0.00294712
0.00294403
0.00910574
-0.00232844
0.00086724
0.01087049
0.00044909
0.00950429
0.00112727
0.00801904
0.00707738
0.00184303
0.00477812
0.00847396
0.00247307
-0.0003496
-0.00838257
-0.00518307
-0.00217741
-0.00141877
-0.00106713
-0.0033193
0.00097463
-0.0157536
-0.00425306
-0.00116344
0.0032762
0.00402236
0.00496378
-0.00047583
-0.00111907
-0.00457328
0.00384479
-0.00487809
-0.0033902
-0.0025466
-0.00815666
-0.00042356
0.01546404
-0.00297404
0.0018077
0.00197404
0.01407753
-0.00016252
0.00152069
0.00086885
-0.01052461
-0.01221525
-0.00591729
-0.002558
0.00615977
0.00757812
0.0058951
-0.00331107
-0.00156429
-0.00625715
0.00542893
-0.00749651
0.00468601
0.00405496
0.00053609
0.00631998
-0.00597533
-0.00160564
-0.00573111
-0.00246355
-0.00162687
-0.00040019
-0.0045321
-0.00473274
0.00762428
-0.00421892
-0.01875206
0.00019481
0.00422831
-0.00156015
-0.00325131
0.00782231
-0.01222905
0.01144626
0.00139609
0.00551588
-0.00450721
0.00306801
-0.01257985
-0.00666034
0.0055131
0.00411844
-0.0051658
0.00299111
-0.00855481
-0.00366194
-0.00486235
0.00791988
-0.0076763
-0.00961263
0.00229554
