#Average flux [c/s]: 12552.09085956296
#                                   T_start= 0 s
#                                   T_end= 1 s
#                                   CCF campionation= 1e-6 s
#                                   Fit amplitude= 111 s
#                                   Variable bin size= 10 ph/bin
-0.00873
0.04059
-0.01157
-0.01726
-0.00425
-0.00457
-0.02365
-0.00806
0.01404
-0.01707
0.01659
0.04609
0.02023
0.03478
-0.00806
0.04553
0.01924
-0.03016
0.00217
-0.0505
-0.00705
-0.00351
-0.01137
0.01654
0.06002
0.0203
-0.00829
-0.02353
-0.07462
0.03352
0.0458
-0.00668
0.05629
0.01608
-0.01077
-0.00758
0.03469
0.02451
0.00714
-0.04137
0.04426
0.00929
0.03256
0.00849
0.01364
0.01748
-0.05066
0.00218
-0.00288
-0.0038
0.02117
-0.01191
-0.00709
-0.00466
0.00691
-0.00493
0.03957
0.03068
0.08412
0.02002
0.00844
0.03449
-0.01063
0.00818
0.03024
0.02565
-0.01196
0.05012
0.03498
-0.00378
0.06676
0.05459
0.05433
-0.04219
-0.00238
0.04346
0.00894
-0.02347
-0.02319
-0.02335
0.00779
-0.0105
-0.02441
-0.03427
-0.0229
-0.00963
0.02462
0.0434
-0.04443
-0.04965
0.02602
0.00118
0.01249
-0.05038
0.01097
-0.00492
-0.02731
-0.04194
-0.00445
0.01625
