#Average flux [c/s]: 14666.67630024059
#                                   T_start= 0 s
#                                   T_end= 1 s
#                                   CCF campionation= 1e-6 s
#                                   Fit amplitude= 0.1 s
#                                   Variable bin size= 10 ph/bin
-0.00376393
0.01744946
-0.0026901
-0.001314
-0.01388751
-0.00209351
-0.00180489
-0.00399067
0.00367839
-0.00812011
0.01511787
-0.0063262
#999
-0.01725175
-0.0077007
-0.00159899
-0.00223261
-0.00302625
-0.00093584
-0.0036425
-0.00028478
0.00209583
-0.00350036
0.00255152
-0.00514991
-0.0057164
-0.00976778
0.0067742
-0.00580849
-0.00660138
0.00347716
0.00316485
-0.00265883
-0.00739088
0.01126701
-0.0102006
0.01385309
0.00565871
-0.01764042
-0.00467042
0.00291748
-0.00510264
0.00796393
0.00040199
-0.00392074
0.00087765
0.00514611
0.01378636
0.00798905
#999
0.0018839
-0.00131346
-0.00446001
0.00147724
0.01854539
0.00492223
-0.00973326
0.0039159
#999
-0.00969882
0.00052125
-0.00894362
-0.00216598
0.00316834
0.00373265
-0.00169836
0.0001982
-0.00061983
0.00929842
-0.01043096
-0.01718703
0.00591168
-0.01145361
0.00468538
0.00286543
0.0058727
-0.00842062
-0.02629526
0.00564786
0.00159195
-0.00107746
-0.00207936
0.00942417
0.00552367
-0.01303138
-0.00114436
0.00309973
-0.00113156
0.01092377
0.00572847
-0.00307225
0.00857414
0.00330735
0.00704146
0.00333047
-0.00497388
-0.00619443
#999
0.00447899
-0.00256173
