#Average flux [c/s]: 30677.108922514075
#                                   T_start= 0 s
#                                   T_end= 1 s
#                                   CCF campionation= 1e-6 s
#                                   Fit amplitude= 0.1 s
#                                   Variable bin size= 10 ph/bin
-0.00745898
-0.00303347
0.00099636
0.00412594
-0.00139832
0.00375024
-0.00137603
0.00058942
0.00116122
0.00082289
-0.00395657
0.00139038
-0.00081319
-0.00321775
0.00355445
0.00163158
0.00443782
0.00125352
#999
0.0028286
-0.00882104
0.00262832
-0.00276914
0.00441266
0.00880612
0.00274089
0.00039565
-0.00069501
-9.457e-05
-0.00013695
-0.00235047
0.00221207
-0.00011985
0.0108124
0.00561144
-0.00500697
-0.00388388
-0.00507764
-0.00253774
0.00503634
0.00012199
0.00293277
0.0077461
0.00043961
0.00206352
-0.00380403
-0.00638845
0.01301327
-0.00106112
8.499e-05
0.00191606
-0.00294283
-0.00632139
-0.00184115
-0.00348912
-0.00750497
-0.00636812
-0.00551414
0.00306053
-0.00105621
0.00474356
0.0023878
-0.00153781
-0.0066724
-0.00154958
-0.00991642
0.00246017
-0.00756561
-0.00329264
-0.00346036
0.00135583
0.00182191
0.00381593
0.00237162
-0.00258567
0.00564523
-0.00588404
0.01103861
-0.00178688
-0.00717189
0.00187406
-0.00573736
-0.00518658
0.00783881
-0.01107992
0.00082094
-0.0012489
0.00446088
-0.00360924
-0.00580922
0.00254269
-0.00436069
-0.00152884
0.003538
0.00017164
-0.00594585
-0.00898122
-0.00112106
0.00238961
0.00372274
