#Average flux [c/s]: 34604.19616948681
#                                   T_start= 0 s
#                                   T_end= 1 s
#                                   CCF campionation= 1e-6 s
#                                   Fit amplitude= 0.1 s
#                                   Variable bin size= 10 ph/bin
-0.00393181
-0.00063085
0.00121694
0.00402286
0.00558352
0.00441007
0.00163341
-0.0007117
0.00503418
-0.00285184
-0.00788997
-0.00037968
0.00692719
-0.00231117
-7.19e-06
0.00141592
-0.00440341
-0.00415655
-0.00073174
-0.00390741
-0.00293694
0.00771416
0.00871615
0.00442792
0.0014703
-0.0061274
-0.00103165
-0.00351898
#999
-0.00251856
-0.0040006
-0.00216934
0.00059448
-0.0028228
-0.00232241
0.00866368
#999
0.0028733
-0.0003344
-0.00050222
0.00327838
0.00958329
-0.00235447
0.00735443
-0.00052891
0.0031572
0.00236611
-0.00322678
0.00302405
-0.00633812
-0.00361468
0.00294506
-0.00076823
-0.00067671
0.00617117
0.00632207
0.00224811
0.00590407
-0.00279904
-0.0043635
-0.00323713
-0.00289135
-0.00358167
0.00488235
-0.00111725
-0.00233364
0.00527188
-0.00167928
-0.00046086
-7.597e-05
0.00679959
0.0037733
0.00337132
0.00998916
0.00335532
-0.00264127
0.00052039
0.00304639
0.01354474
-0.00730883
-0.00226402
-0.00243576
0.00055166
-0.0038315
-0.00282011
0.00405811
0.00553425
0.00296766
0.00478139
0.00312841
0.00551483
-0.0021035
-0.00500571
0.00845044
-0.00360649
-0.00416142
-0.00502863
0.00084833
0.00280766
0.00327521
