#Average flux [c/s]: 16479.178106535703
#                                   T_start= 0 s
#                                   T_end= 1 s
#                                   CCF campionation= 1e-6 s
#                                   Fit amplitude= 111 s
#                                   Variable bin size= 10 ph/bin
2.7e-05
6.4e-05
0.000189
5e-05
1e-05
8.5e-05
4.1e-05
9.9e-05
2.4e-05
4.8e-05
-4e-06
2.4e-05
3.3e-05
-0.000109
-1.3e-05
4.6e-05
-1.7e-05
-1e-06
-0.000123
5.3e-05
0.000128
-0.000201
4.7e-05
-5.6e-05
-0.00013
3.8e-05
-1e-06
2.7e-05
1.3e-05
-0.00014
4e-06
-3e-06
-0.000168
2.1e-05
-8.3e-05
-1.3e-05
-9.2e-05
-0.000128
8.7e-05
0.00015
-6.1e-05
7.8e-05
0.000179
-2.7e-05
9e-05
-4.3e-05
6.2e-05
-2.1e-05
-5.5e-05
-3.1e-05
-8.9e-05
5e-05
4.2e-05
-3e-05
3.8e-05
9e-05
1.2e-05
-7.8e-05
0.000121
-5.2e-05
7.4e-05
-4.5e-05
-3.7e-05
4.6e-05
1.3e-05
-1e-05
-3e-06
6.7e-05
2.1e-05
5.5e-05
-0.000136
9.7e-05
0.00023
-0.000121
-2.3e-05
9.7e-05
2.7e-05
1.4e-05
2.6e-05
0.0
8.2e-05
-1.8e-05
-8.6e-05
-7.8e-05
-8.3e-05
-6.3e-05
-9.2e-05
3.2e-05
5.4e-05
-9.6e-05
0.000105
-0.000104
0.000176
-8.2e-05
-2.8e-05
6e-06
-1.8e-05
4.5e-05
-2.4e-05
-2.7e-05
