#Average flux [c/s]: 22218.767159803552
#                                   T_start= 0 s
#                                   T_end= 1 s
#                                   CCF campionation= 1e-6 s
#                                   Fit amplitude= 0.1 s
#                                   Variable bin size= 10 ph/bin
-0.00418104
-0.00634702
0.0009164
0.00100698
0.00561006
0.00376231
0.00015433
0.00083242
0.01251548
6.888e-05
-0.00561523
0.0083984
-0.00533765
-0.00757256
0.0065505
-0.00476747
-0.01460612
0.0015438
-0.00511156
-0.00780706
0.00118463
-0.00708536
-0.00215741
-0.00327739
0.00395998
-0.0026727
-0.00755247
0.00685183
0.00432244
-0.00629114
-0.00215005
-0.00306727
0.00049863
-0.00450157
-0.00510066
0.0158254
0.00971356
-0.01304976
0.00554943
-0.00734334
0.00169777
-0.00161179
0.00801466
0.00752305
0.00265382
-0.0043207
0.00095239
-0.00409034
-0.00226878
0.00659455
0.01382001
-0.00044107
0.00280938
8.824e-05
0.00640284
0.00395284
0.00786401
0.0072168
0.00963876
-0.00418093
0.00194486
-0.00831314
-0.01296468
-0.00201701
-0.00011784
0.0035941
0.00117511
0.0094933
-0.0094867
0.00125182
-8.71e-05
-0.00823001
-0.00914439
0.00126857
0.0069186
0.00019087
0.00446617
0.00793068
-0.00678251
-0.01067722
-0.00200933
0.00095889
-0.00423732
-0.00383027
0.00243889
0.00849487
0.01495209
0.01769783
0.00169577
-0.00769124
-0.00343155
0.00744105
0.00173032
0.00558847
-0.00150027
0.00673691
-0.0027124
0.00366623
0.01172292
0.00188382
