#Average flux [c/s]: 18593.763547213333
#                                   T_start= 0 s
#                                   T_end= 1 s
#                                   CCF campionation= 1e-6 s
#                                   Fit amplitude= 111 s
#                                   Variable bin size= 10 ph/bin
-7e-05
6e-05
0.00011
2e-05
-3e-05
0.00013
5e-05
0.00013
7e-05
7e-05
0.00016
8e-05
-0.00011
3e-05
3e-05
-6e-05
-4e-05
0.0
3e-05
-3e-05
-5e-05
-5e-05
-8e-05
-0.00013
1e-05
-4e-05
-3e-05
3e-05
-6e-05
-0.00012
3e-05
-1e-05
4e-05
-6e-05
2e-05
0.0
5e-05
-3e-05
-8e-05
-5e-05
-0.00015
-1e-05
-4e-05
6e-05
0.0001
-0.00016
-5e-05
4e-05
6e-05
3e-05
-4e-05
-8e-05
-0.00014
-0.00015
6e-05
-2e-05
-8e-05
5e-05
2e-05
2e-05
4e-05
1e-05
0.0
-3e-05
0.0
2e-05
8e-05
7e-05
-3e-05
2e-05
5e-05
-8e-05
-9e-05
-1e-05
-3e-05
1e-05
-8e-05
-0.00011
0.00011
-9e-05
-2e-05
-0.00012
5e-05
-1e-05
-0.00012
-0.00014
-6e-05
-0.00023
9e-05
-7e-05
-1e-05
-6e-05
3e-05
-0.00014
7e-05
-1e-05
0.00013
7e-05
0.0002
-2e-05
