#Average flux [c/s]: 11645.839956415406
#                                   T_start= 0 s
#                                   T_end= 1 s
#                                   CCF campionation= 1e-6 s
#                                   Fit amplitude= 0.1 s
#                                   Variable bin size= 10 ph/bin
-0.01451659
-0.03797589
-0.0201346
-0.01245174
-0.00564612
-0.01923311
-0.00412843
-0.00892317
-0.02593308
-0.00827759
-0.0225656
-0.01707782
-0.01573482
-0.02872018
-0.02297201
-0.0002704
-0.00417218
-0.00286847
0.00095537
0.00106993
-0.00254454
-0.02811779
-0.00069307
-0.02070725
-0.03111439
-0.00444119
-0.01564045
0.009249
-0.0085958
-0.01091759
-0.02079464
-0.01776404
-0.01503429
-0.00260744
-0.00131459
-0.00998481
-0.0028032
-0.00628996
-0.00213996
-0.01129201
0.0065183
-0.00642607
-0.025691
0.00127812
-0.02381204
-0.00021544
-0.02294927
0.00799404
-0.0314868
-0.00508259
-0.00219846
0.00453547
0.00436117
-0.00259622
-0.02056389
-0.00330449
-0.02045987
-0.04472017
-0.00014264
-0.01498861
0.00027433
-0.01622031
-0.01710843
0.0030667
-0.03286605
-0.01853147
-0.00245189
0.01375534
-0.02088248
-0.00379024
0.00408862
0.00944792
-0.00946983
-0.00895708
-0.00892543
-0.00837373
-0.00840984
-0.02509224
0.00571139
-0.00494284
-0.01833673
0.00034334
-0.01184256
-0.00295662
-0.02935773
-0.04150008
-0.01183874
-0.02575183
0.0006808
-0.01996818
-0.01247586
0.00444183
-0.01250851
-0.02006008
-0.01819719
0.00249148
0.00163387
-0.01574147
-0.01555784
-0.00055074
