#Average flux [c/s]: 15572.927203388148
#                                   T_start= 0 s
#                                   T_end= 1 s
#                                   CCF campionation= 1e-6 s
#                                   Fit amplitude= 0.1 s
#                                   Variable bin size= 10 ph/bin
0.01693054
0.00819516
-0.00595004
0.00410725
-0.02024579
0.00960546
0.00832339
0.00219982
0.00918176
0.01322503
0.00050105
-0.00139877
-0.01351137
0.00902287
0.00484562
-0.00051853
0.01390235
0.01197782
0.00240767
0.00495417
0.00758947
0.0085191
0.00108334
0.00852492
0.00638393
0.00704219
-0.00606009
0.00583438
-0.00153402
0.00236573
-0.0049056
-0.00522353
0.00936783
0.01354543
0.01131497
-0.00491365
-0.00888783
0.01009646
0.01070668
0.00146812
0.0123202
0.00108188
0.00160511
-0.00121526
-0.00560756
0.01296767
0.01167226
0.00501298
-0.00482619
-0.00787437
-0.0066427
-0.01533248
9.25e-06
-0.00214092
-0.00122368
-0.00963767
-0.00271307
-0.00581171
0.00246159
-0.00240485
0.00289063
-0.00996489
0.01071545
-0.00083737
0.02245992
-0.01802064
-0.00423236
-0.00488755
0.00125447
0.00179124
0.00323534
-0.0044446
0.00167646
0.00186999
0.00180936
-0.00667835
0.01678156
0.00078509
0.00865296
0.00999753
0.01061678
0.00882394
0.00729295
0.00951738
0.00767871
-0.00410433
0.01011791
0.00672649
-0.00808233
0.0056571
-0.00015354
-0.00047836
-0.01152179
-0.01516877
-0.00225555
-0.01065869
-0.0048832
0.01077754
0.00076538
7.5e-07
