#Average flux [c/s]: 11041.67268765037
#                                   T_start= 0 s
#                                   T_end= 1 s
#                                   CCF campionation= 1e-6 s
#                                   Fit amplitude= 111 s
#                                   Variable bin size= 10 ph/bin
-0.02285
-0.03394
-0.03744
0.01998
-0.01557
0.00472
0.00459
0.05157
0.05268
-0.01318
-0.05306
-0.01552
-0.03452
0.029
-0.01483
0.00748
-0.01263
-0.01718
-0.016
-0.04321
-0.00442
-0.04738
-0.01404
-0.00443
0.02866
-0.03731
0.03342
-0.00613
0.01248
-0.09741
-0.09904
-0.02784
0.03241
0.03202
-0.04622
-0.01548
-0.04503
-0.04454
0.01409
-0.04741
-0.00488
-0.02084
-0.01421
0.01337
-0.03038
-0.06736
-0.04711
-0.02371
-0.00472
-0.00133
0.01362
-0.04541
-0.02449
0.0285
-0.0173
-0.04818
0.06249
-0.07253
0.03167
-0.03419
-0.01681
-0.07115
-0.03092
-0.01695
0.0867
0.01881
-0.03394
-0.00482
-0.03
0.0291
-0.01784
0.02751
-0.00163
0.01784
-0.01843
-0.03031
-0.01528
0.03048
-0.00367
0.03212
-0.02362
-0.06775
-0.0137
-0.02192
-0.00458
0.03087
-0.07233
-0.00667
-0.03127
-0.0174
-0.03494
-0.01698
-0.01315
0.01714
0.05019
0.01885
-0.01363
-0.0037
0.02477
-0.02144
