#Average flux [c/s]: 32187.527094426663
#                                   T_start= 0 s
#                                   T_end= 1 s
#                                   CCF campionation= 1e-6 s
#                                   Fit amplitude= 111 s
#                                   Variable bin size= 10 ph/bin
-0.011004
0.016376
-0.012333
-0.012675
-0.012329
0.004154
0.008712
-0.025931
-0.026844
-0.016012
-0.022264
-0.032528
0.01622
-0.033015
-0.001487
-0.011821
-0.032033
-0.001435
-0.007827
-0.012496
-0.017716
-0.016022
0.01618
-0.012187
-0.012216
0.00304
0.025612
-0.012329
0.00346
-0.001138
-0.012397
-0.000687
-0.012042
-0.017345
-0.012185
-0.011808
-0.012884
0.002877
0.002861
0.009289
0.014141
-0.003551
-0.052411
-0.026869
-0.026001
-0.00118
-0.016476
0.016294
-0.01074
-0.021564
-0.001646
-0.001181
-0.016253
-0.015408
-0.027693
-0.022238
0.003185
0.01278
0.001705
0.005389
-0.016775
0.008989
-0.015625
-0.021606
0.003537
-0.014671
-0.015289
-0.000403
-0.001238
-0.012985
-0.001518
-0.00189
-0.021534
0.008714
-0.010925
-0.001106
-0.010612
-0.017348
-0.000582
-0.022475
0.008661
0.010337
-0.000944
0.016102
-0.00092
-0.017577
-0.016387
-0.030563
-0.052418
0.004636
0.009911
0.025187
-0.015567
-0.010711
0.016487
-0.028245
-0.001108
-0.016825
-0.022336
0.010178
