#Average flux [c/s]: 26447.938041158817
#                                   T_start= 0 s
#                                   T_end= 1 s
#                                   CCF campionation= 1e-6 s
#                                   Fit amplitude= 111 s
#                                   Variable bin size= 10 ph/bin
0.021913
-0.027537
-0.001855
-0.038404
0.004985
0.034089
0.019173
0.00016
-0.024287
0.000584
-0.005099
0.038668
0.004447
0.038931
0.004288
0.011041
0.015316
-0.007546
0.004321
-0.00354
-0.003321
0.022137
-0.015217
-0.008111
-0.032035
-0.003361
0.017725
-0.007495
0.031485
-0.027591
0.002169
0.010189
-0.007335
0.042296
-0.016483
-0.000703
-0.028298
-0.014779
-0.027332
0.001994
0.002384
-0.001648
0.016938
-0.003544
-0.005087
-0.00115
-0.00452
0.017916
0.017205
-0.004633
-0.003665
0.01679
0.017373
0.027522
-0.014811
0.033045
0.000364
-0.000785
-0.014911
0.034944
0.000574
0.010165
0.028027
-0.005354
0.016959
-0.003603
-0.002483
-0.027578
0.017327
0.034467
-0.027435
-0.027606
0.000542
-0.003265
-0.02555
0.021101
0.003843
-0.035336
0.003753
-0.003709
-0.003279
-0.006354
0.000257
3.8e-05
0.001373
-0.000961
0.005081
0.027888
0.002478
-0.003089
8e-06
-0.007572
0.039113
-0.003237
-0.007524
-0.003863
-0.015038
0.011432
-0.007525
-0.000451
