#Average flux [c/s]: 25239.60350362874
#                                   T_start= 0 s
#                                   T_end= 1 s
#                                   CCF campionation= 1e-6 s
#                                   Fit amplitude= 0.1 s
#                                   Variable bin size= 10 ph/bin
-0.01208755
-0.00621952
0.00184517
-0.01132802
-0.00682779
-0.00527573
0.00378642
0.00052558
-0.00191344
0.00849748
0.00375673
0.00458282
-0.00425232
0.00532828
-0.0034861
-0.0058821
-0.005241
-0.01127149
0.00496271
0.00827315
0.00915013
-0.00471378
0.00114318
-0.00078788
-0.0144224
-0.00512878
-0.01141857
0.00212961
-0.0036625
0.00019515
-0.01342761
-0.00637403
-0.00319893
#999
0.00035441
0.00141979
0.00816348
-0.00576299
0.00025895
-0.0036529
0.00336975
-0.00438342
-0.0062796
-0.00254155
-0.00149583
-0.00670345
0.00375913
-0.00934664
0.00218848
0.00290884
0.00015285
0.00433238
-0.01213308
0.00444396
-0.00178688
0.00152569
-0.00155484
0.0082976
0.00863854
0.00731872
0.00687322
-0.00178529
0.01096963
0.00022199
0.00694895
-0.00119306
-0.00497066
0.00707067
0.00102585
-0.00278041
0.00857306
-0.01039211
-0.00111436
-0.00047414
0.00217854
0.00423371
-0.00113789
0.00547619
-0.00735439
-0.00154418
-0.00086409
0.00139257
-0.00632246
0.00128217
0.00726573
0.0042492
0.00514273
-0.00120467
-0.00667737
0.00709156
0.00110843
-0.0014565
-0.00259175
-0.01176027
-0.01542634
-0.00139088
-0.00544491
-0.00079067
-0.00258292
-0.00189789
