#Average flux [c/s]: 14666.67630024059
#                                   T_start= 0 s
#                                   T_end= 1 s
#                                   CCF campionation= 1e-6 s
#                                   Fit amplitude= 111 s
#                                   Variable bin size= 10 ph/bin
0.00665
-0.01572
-0.00616
-0.02829
0.01103
0.00112
0.03556
0.00152
0.0019
0.00194
0.04122
-0.04511
0.01342
-0.05448
-0.01288
0.01034
0.01192
0.00148
0.03859
0.00525
0.00193
-0.02862
0.02534
0.0046
0.00254
0.00205
-0.01629
0.02088
0.00125
-0.03472
0.00181
0.01453
0.02997
-0.02826
0.00223
-0.04392
-0.0396
-0.01702
-0.01435
-0.03733
0.00181
-0.04327
0.00574
-0.03342
0.00195
-0.02874
0.0116
0.02025
-0.03458
-0.04508
0.0211
0.02609
0.00844
-0.01608
-0.01334
-0.04376
0.00269
-0.04365
0.00195
0.00193
0.00158
-0.03771
0.00206
0.02139
0.0059
-0.05258
0.0022
-0.01633
-0.03916
0.01847
0.00543
0.00233
-0.01611
0.00141
0.01051
0.01124
-0.05966
0.00545
-0.02878
-0.01453
0.01163
0.01076
-0.04389
0.00611
-0.02677
-0.04232
0.00278
0.00606
-0.03806
-0.02862
-0.01436
-0.03402
0.01201
-0.03462
0.00289
0.00262
-0.01376
-0.02925
-0.06036
-0.03849
