#Average flux [c/s]: 9229.170881355258
#                                   T_start= 0 s
#                                   T_end= 1 s
#                                   CCF campionation= 1e-6 s
#                                   Fit amplitude= 0.1 s
#                                   Variable bin size= 10 ph/bin
-0.05418155
0.10294056
0.00935252
-0.00930691
-0.0153111
-1.54e-06
-0.01817343
-0.02157928
-0.10340364
-0.02197434
-0.00950633
-0.03639458
-0.02773166
-0.03681606
-0.01145805
-0.00102015
-0.00886929
-0.01920176
-0.03357663
-0.03397734
-0.04111248
-0.00512628
-0.01125792
0.00852032
-0.01846989
0.00669201
-0.01168668
-0.01477533
0.02121079
-0.03211179
-0.00596525
-0.03198183
-0.02108534
-0.03971497
-0.03025135
-0.0131395
-0.0269923
-0.01795627
-0.04619326
-0.05681577
0.00651715
-0.03126539
-0.01613743
-0.0396051
-0.02514456
0.00130592
-0.01436712
-0.15548267
-0.00421169
-0.04396645
-0.00719312
-0.29927884
-0.01086332
-0.01899573
-0.04236439
-0.02726048
-0.02029917
-0.00702223
-0.00723336
0.01981881
0.01796078
0.02040103
-0.17832325
-0.01691362
-0.01330189
-0.00956047
0.00108429
-0.0110486
0.10217457
-0.03106398
0.01440243
0.07908323
-0.02195569
-0.07434319
-0.04200426
0.11206194
-0.01854078
-0.05222541
-0.0368571
-0.06194894
0.00194984
-0.03276604
-0.00308658
-0.03973183
-0.02690843
0.00603293
0.00461773
-0.01040073
0.00306756
-0.04304994
-0.00021869
-0.02345795
-0.03193192
-0.01629216
0.00272513
-0.05156002
-0.01887444
-0.06763268
0.01629194
-0.07110661
