#Average flux [c/s]: 17989.596278448294
#                                   T_start= 0 s
#                                   T_end= 1 s
#                                   CCF campionation= 1e-6 s
#                                   Fit amplitude= 0.1 s
#                                   Variable bin size= 10 ph/bin
-0.00723857
-0.00103712
0.00590726
-0.01292124
-0.01123439
-0.01206411
-0.00480077
0.01298344
0.00264281
0.01010863
0.0084305
-0.0090763
0.00764361
-0.00715072
-0.00387789
0.01373208
#999
0.00976072
0.00628768
-0.00495017
-0.00948446
0.01268437
-0.00638561
0.01499533
-0.00565731
0.00333194
-0.0023818
0.00099868
-0.00119171
0.00655232
0.00638623
-0.00270507
0.01116995
0.00211636
-0.00545944
-0.00630593
0.00362826
-0.0106488
0.00630393
-0.00405991
0.01275585
-0.00931428
0.00180991
0.01398595
-0.00760248
0.00089985
0.00434403
0.00075152
-0.00612996
0.00516368
0.008024
-0.00817695
-0.00347824
0.0138583
-0.0113624
-0.00277914
0.00162381
-0.00863064
-0.00115967
0.00423119
0.00540064
0.00953111
-0.00984189
-0.00381624
-0.00892004
0.00274655
0.00054779
0.00544893
0.01210193
0.00684698
0.004142
-0.00806866
-0.0057596
-0.00388547
0.00135008
0.00765064
0.00371728
0.00912957
0.00072335
0.00151116
-0.00829956
0.00805393
0.00698089
-0.00571158
-0.00066849
0.00779621
0.00339629
0.00584057
-0.00433125
0.00162604
-0.00501296
0.01076362
-0.01008171
0.00993158
0.00104322
0.00447068
0.00094593
0.01078267
0.01507832
0.0001667
