#Average flux [c/s]: 11041.67268765037
#                                   T_start= 0 s
#                                   T_end= 1 s
#                                   CCF campionation= 1e-6 s
#                                   Fit amplitude= 111 s
#                                   Variable bin size= 10 ph/bin
5e-05
5e-05
-1.4e-05
9.3e-05
2.7e-05
-8.7e-05
-0.000149
0.000219
-0.000205
1.3e-05
3e-05
-8.7e-05
-3.8e-05
3.5e-05
0.000141
-0.000136
0.000164
9.7e-05
3.2e-05
6.2e-05
8.2e-05
-8.6e-05
-0.00015
-8.6e-05
0.000181
0.000183
-2.7e-05
4.1e-05
-7.2e-05
-3.1e-05
0.00021
-0.000149
-0.000135
-5.4e-05
0.000127
-0.00012
-7.7e-05
-7.1e-05
8.5e-05
4.8e-05
0.000258
9e-06
8e-05
2.4e-05
4.3e-05
0.000337
-2.8e-05
-8.4e-05
-0.000186
-0.000104
-0.000166
0.000138
0.000127
-4.6e-05
1.7e-05
6.9e-05
-6.8e-05
5.7e-05
0.000116
-7.8e-05
-0.000181
0.000275
-8.1e-05
-3.9e-05
-0.000124
0.000269
-0.000265
-6.1e-05
-0.000351
0.000122
-0.000227
3.1e-05
4e-06
-2.8e-05
4.7e-05
-7.1e-05
-0.000143
-0.000277
-6.1e-05
-0.000185
-0.000195
0.000124
8.7e-05
-4.1e-05
-9.5e-05
-0.000128
-0.000173
-8.5e-05
-0.000231
3.5e-05
-0.000158
0.0001
-1.7e-05
-9.7e-05
0.000223
-5e-06
-2.6e-05
9.5e-05
-5.4e-05
2.4e-05
