#Average flux [c/s]: 21916.68352542104
#                                   T_start= 0 s
#                                   T_end= 1 s
#                                   CCF campionation= 1e-6 s
#                                   Fit amplitude= 0.1 s
#                                   Variable bin size= 10 ph/bin
0.00142895
0.00363337
0.00817574
0.00029749
0.00764179
0.00354387
#999
-0.005802
0.00531628
-0.00549818
-0.00186402
0.00469336
#999
0.00232129
-0.00418814
-0.00259505
0.00165538
0.00141725
0.00635872
-0.00132022
0.00027696
-0.01677049
-0.00193109
-0.01081063
-0.01154906
#999
-0.00493897
0.01084637
0.00524848
0.00045144
0.00284233
-0.00350773
0.00367929
-0.00601053
-0.00736396
0.00258677
-0.00360959
0.01096667
-0.01522116
#999
0.0037677
-0.00732966
0.00220964
#999
-0.00610403
0.00451209
0.00088149
0.00426199
0.00093818
0.00342018
0.00323255
-0.00105087
0.0030559
-0.00172797
0.00635051
#999
-0.0092059
-0.00715267
-0.00409534
-0.00415942
-0.00691189
-0.00606415
0.00121258
0.00098268
0.00562167
-4.614e-05
0.00256567
#999
-0.00443664
-0.00188973
0.00115326
0.00049525
0.00350754
-0.00291955
0.00311875
-0.00014363
0.00049018
0.00076425
-0.00081842
-0.00211771
0.00101097
-0.00460396
0.00017601
0.01365415
0.00129326
#999
-0.00551938
-0.00475357
-0.00470766
0.00450413
0.00018213
0.0064326
-0.00365444
0.00138234
#999
#999
0.00622943
0.00306799
0.00104706
0.00114278
