#Average flux [c/s]: 14968.759934623109
#                                   T_start= 0 s
#                                   T_end= 1 s
#                                   CCF campionation= 1e-6 s
#                                   Fit amplitude= 0.1 s
#                                   Variable bin size= 10 ph/bin
-0.00105884
-0.000284
-0.00058562
0.01407674
-0.00247931
0.00654772
-0.00136225
-0.01617739
-0.00196726
-0.00259089
8.364e-05
0.02517395
0.00033406
-0.0071998
6.72e-05
-0.01562779
0.00329488
-0.00224682
-0.00566778
-0.01233782
0.02032069
0.02218642
-0.00098458
0.00893681
0.00687112
-0.00775771
-0.00117059
-0.0148692
0.00676352
-0.0008954
0.01901057
-0.00222831
-0.00799114
0.01283534
-0.00807761
-0.00339133
0.00824894
0.00024906
0.00174132
0.00705379
-0.00147017
0.00599867
0.00604322
0.00657426
-0.00034848
-0.00195065
0.01617662
0.00233634
-0.01323006
0.00249367
-0.00652024
0.00705061
-0.00469167
0.01186524
0.00089692
-0.0072096
-0.00537918
-0.00432024
-0.00013935
-0.01362964
0.00051833
-0.00344427
-0.00376633
-0.00344407
0.00388441
0.00033518
0.0073471
0.00573639
-0.00131706
0.00190087
-0.00232861
0.01057166
0.00679081
-0.00585966
0.00997984
0.00562791
0.01826312
-0.00555991
-0.0042935
0.0076498
0.01899242
0.00360549
-0.00089705
-0.00140793
0.00692054
-0.0027828
-0.01038524
-0.00232988
-0.00104205
0.0056847
0.0108425
-0.00249366
-0.00821536
-0.00312497
0.0104684
0.00328041
-0.00992572
0.00826515
0.00481587
-0.00164227
