#Average flux [c/s]: 28864.607116218962
#                                   T_start= 0 s
#                                   T_end= 1 s
#                                   CCF campionation= 1e-6 s
#                                   Fit amplitude= 0.1 s
#                                   Variable bin size= 10 ph/bin
-0.00039331
0.00589796
#999
0.00512162
-0.00099669
-0.00108781
-0.00257446
-0.00145059
-0.01242137
0.00462675
-0.00261828
0.00800326
-0.00464816
-0.00073252
0.00070762
0.002226
0.00094403
0.00529034
0.00056793
-0.00066657
0.00805506
#999
0.0077098
-0.00514725
-0.00088296
-0.0020807
-0.0031225
0.00579785
-0.0020437
0.00084202
0.00122994
-0.0074081
0.00240601
0.0030641
#999
0.00099241
-0.00673189
0.00238615
0.00478535
-0.01078309
-0.00021859
0.00748184
-0.00459021
#999
-0.00065377
-0.00625726
#999
0.00690832
0.00287919
-0.00160401
0.00014642
0.0111576
-0.00595853
0.00198044
-0.00427022
0.00467402
-0.00176664
0.00185637
-0.00659714
0.00456131
0.00168135
0.00790102
0.00066094
#999
#999
-0.00607614
0.00176864
#999
-0.00178426
0.00813627
#999
#999
-0.00054687
-0.00190639
0.0044886
-0.00438581
-0.01282331
-0.00385346
0.00547251
-0.00282664
-0.00036252
0.00622444
0.00218933
0.00114368
0.00887709
-0.00603752
-0.00444168
0.00090119
0.0041126
0.01114508
0.0016342
#999
0.00439913
-0.00146527
0.00128199
0.00418379
-0.00026787
-0.00030535
#999
0.01126665
