#Average flux [c/s]: 32489.610728809177
#                                   T_start= 0 s
#                                   T_end= 1 s
#                                   CCF campionation= 1e-6 s
#                                   Fit amplitude= 0.1 s
#                                   Variable bin size= 10 ph/bin
1.688e-05
-0.00518484
-0.00159484
-0.00309945
-0.00600954
-0.00029947
0.00252311
-0.00138995
-0.00245831
-0.00793699
0.00082952
0.00139861
0.00428257
0.00013922
0.00291743
-0.00613599
-0.00321007
-0.00284965
0.00165631
-0.00954242
0.00077552
-0.00619089
-0.00089159
-0.00095954
-0.00221411
-0.00680324
0.00446558
0.00842527
-0.00019133
-0.00062422
-0.0008156
0.00321397
#999
0.00332072
0.00210537
0.00433127
-0.00667114
-0.00436918
-0.00301254
0.003289
-0.00111352
0.0016438
-0.00831649
0.00066319
0.00549648
-0.00017335
-0.00452775
0.0002074
-0.00199198
-0.00634357
-0.00397451
0.00049116
0.00629345
-0.00064621
-0.00678461
0.00199526
-0.00021711
-0.00689152
0.00726555
-0.00252561
-0.00285758
-0.00262877
0.00537615
0.00310597
0.00095434
-0.00161078
0.00273678
0.00330166
0.00804418
-0.00253875
-0.00015295
0.00359996
-0.00298622
1.509e-05
0.00254125
0.00059604
-0.00308105
0.00488466
-0.00490387
0.00299605
-0.00356523
-0.00746664
0.00180852
0.00370068
-0.00699958
0.00940986
-0.00331192
-0.00321427
0.00355149
0.00571561
-0.00038944
-0.00781748
0.00413585
0.00055128
0.00321732
#999
-0.00297473
-0.00808085
-0.00792557
-0.00148256
