#Average flux [c/s]: 19197.930815978365
#                                   T_start= 0 s
#                                   T_end= 1 s
#                                   CCF campionation= 1e-6 s
#                                   Fit amplitude= 111 s
#                                   Variable bin size= 10 ph/bin
0.038215
-0.011057
0.007672
-0.010358
0.019827
-0.024072
-0.044001
-0.030719
0.007308
-0.018858
-0.010277
-0.013289
-0.000579
-0.023385
-0.023744
-0.030665
0.008696
0.035778
-0.013533
-0.044345
-0.013052
-0.000247
-0.043903
0.018907
-0.01312
-0.044321
-0.044205
-0.02024
0.018718
-0.014693
-0.011055
-0.024878
0.017886
0.007497
0.017288
-0.019248
0.013098
-0.020645
0.001174
0.046372
0.006232
-0.010744
-0.040117
-0.00555
0.019673
0.018326
-0.013056
-0.024983
-0.025322
-0.019588
-0.014762
-0.013462
-0.018822
-0.018462
0.017101
-0.043984
-0.005521
-0.02531
-0.013475
-0.004692
-0.023811
-0.019423
0.005849
-0.023985
-0.009728
-0.010415
0.008436
-0.009772
-0.024661
0.010591
-0.02475
0.006006
0.009507
-0.012263
-0.024941
-0.025759
0.004505
-0.019744
-0.010851
-0.014256
-0.001244
-0.010676
0.000925
-0.023617
-0.00108
-7.3e-05
0.020485
0.006324
-0.043076
0.027269
0.05402
0.008371
-0.019479
-0.018704
-0.018726
-0.004843
0.008055
0.004693
6.6e-05
-0.01319
