#Average flux [c/s]: 26447.938041158817
#                                   T_start= 0 s
#                                   T_end= 1 s
#                                   CCF campionation= 1e-6 s
#                                   Fit amplitude= 0.1 s
#                                   Variable bin size= 10 ph/bin
-0.00066059
0.00034455
0.00199766
0.00077548
0.0041562
-0.00554392
0.00677765
-0.00331168
0.0057021
-0.00109308
#999
0.00915767
-0.00420141
0.00235043
0.00081651
-0.00461475
0.0015575
-0.00742002
0.00824019
-0.00410221
-0.00364412
0.00342164
0.01264748
0.00109547
-0.00849084
-0.00640674
0.00187792
0.0066462
0.00243556
-0.00028711
-0.00017059
-0.0055273
-0.00299191
0.00080521
-0.00511108
-0.00118061
0.00178579
0.01481044
-0.0018889
-0.00082686
0.0025903
-0.00646174
-0.01395948
-0.00015081
-0.00326147
8.531e-05
0.00232641
0.00832902
-0.00310119
0.00091036
-0.0046332
#999
0.00474244
0.0005737
0.01146047
0.00226789
#999
0.00050893
-0.00139881
-0.00244326
0.00274823
#999
-0.00266625
0.00153819
0.00851335
-0.0036587
0.0033174
#999
0.00475116
-0.00241737
0.00241081
0.0020763
0.00245585
-0.0001611
-0.00336885
0.00398142
0.00519076
#999
#999
-0.00410612
0.00023384
-0.00494611
-0.00933298
0.0042644
-0.0020671
0.00237173
-0.003318
0.0023395
0.00454328
0.00504603
0.00243415
-0.00429152
0.00372771
0.00835618
-0.00042435
0.00764713
-0.00063897
0.00911076
0.00184845
0.00382716
