#Average flux [c/s]: 8020.836343825185
#                                   T_start= 0 s
#                                   T_end= 1 s
#                                   CCF campionation= 1e-6 s
#                                   Fit amplitude= 0.1 s
#                                   Variable bin size= 10 ph/bin
-0.00593006
0.31524112
-0.04588118
0.08387834
0.01036465
0.06158291
-0.14267554
0.07513691
0.01905282
0.04425419
0.03936457
-0.24218377
0.08338721
0.01856589
-0.01372401
0.0022816
0.19572456
0.02668726
-0.14670993
-0.01908763
0.01201937
0.09635738
0.09498167
0.0461686
0.007969
0.00792551
-0.15329022
0.20168705
0.01786055
0.13175881
0.01243502
0.0153954
0.01606634
0.02215441
-0.01524132
-0.0216561
0.03255636
0.13268714
0.0266303
0.03112063
-0.06252751
-0.06169758
0.05925984
0.04647417
-0.00343773
0.03470473
-0.01881541
0.02200332
0.03402774
0.02148591
0.01807357
0.04950675
-0.0452717
-0.08677456
-0.01096888
0.18667311
-0.04400116
0.06599414
0.10311892
-0.02689194
-0.00403606
-0.0150832
0.00388174
0.07741847
0.00652829
-0.0125378
0.06657313
-0.00042441
#999
0.20489909
-0.05769866
-0.0036591
0.02678188
0.06782501
-0.13437097
0.09982546
0.00323201
-0.00100511
-0.0031038
0.00612082
0.00894819
0.04427875
0.01902259
-0.00300699
0.01790968
-0.00385062
0.02815423
0.20666297
0.00701406
-0.03336258
0.10385155
-0.03428995
-0.00240897
0.02879836
-0.01194175
0.01359938
-0.01449169
-0.00986628
-0.03640193
0.03450385
