#Average flux [c/s]: 13760.425397093035
#                                   T_start= 0 s
#                                   T_end= 1 s
#                                   CCF campionation= 1e-6 s
#                                   Fit amplitude= 111 s
#                                   Variable bin size= 10 ph/bin
-0.02008
0.01079
0.03825
-0.025
-0.07958
-0.01813
0.022
0.0381
0.0202
-0.01874
-0.03532
0.0508
-0.01946
-0.01084
-0.07666
0.05095
0.02575
-0.01073
-0.01568
-0.01363
-0.08539
0.00757
-0.05666
-0.05092
-0.01073
0.02368
-0.05442
-0.05299
-0.02048
0.02284
-0.03312
-0.0148
-0.02088
0.00144
0.0379
0.05899
-0.02387
-0.01126
0.03672
-0.01996
-0.01043
0.02268
-0.05058
0.03196
-0.03496
-0.02793
-0.05368
-0.00859
-0.01947
0.02539
-0.00193
0.04647
-0.02759
0.03587
0.02032
0.02147
0.02273
-0.01052
0.01899
-0.02989
0.0374
-0.01381
0.02138
0.00322
0.01647
-0.01633
-0.01254
-0.02162
-0.02461
-0.02614
0.00028
0.03857
0.06865
0.02866
-0.01389
0.02713
-0.02113
-0.03369
0.02874
0.01971
0.03347
-0.01079
0.03961
0.0368
-0.0049
-0.0763
-0.02677
0.02664
-0.00953
-0.02271
0.0469
-0.00808
-0.03626
0.0369
0.0206
-0.01087
0.0543
-0.00114
-0.01067
-0.02072
