#Average flux [c/s]: 16177.094472153185
#                                   T_start= 0 s
#                                   T_end= 1 s
#                                   CCF campionation= 1e-6 s
#                                   Fit amplitude= 111 s
#                                   Variable bin size= 10 ph/bin
3.8e-05
-3e-06
-3.3e-05
4e-05
-4.3e-05
-6e-06
-4.2e-05
-3.2e-05
-2.7e-05
6.3e-05
-4e-06
-3.8e-05
-3.3e-05
-4.6e-05
-4.4e-05
4.4e-05
0.000141
0.000116
-3e-06
9.4e-05
-0.000141
-6.1e-05
-2.8e-05
-5e-05
2.1e-05
-5.2e-05
5.8e-05
-0.000125
3.7e-05
0.00012
-1e-06
7.1e-05
-6.5e-05
7.2e-05
-3.4e-05
-1.8e-05
6.5e-05
1e-05
6e-05
5.7e-05
-2.5e-05
5.8e-05
2.7e-05
-0.000115
-4.3e-05
-8.2e-05
2.5e-05
4.7e-05
-5e-06
-9e-06
0.000168
4.6e-05
0.000104
-0.000108
0.000177
9.6e-05
0.0
-9e-06
7.3e-05
2.1e-05
3.3e-05
-0.000125
-6.8e-05
0.000133
0.000137
4.5e-05
0.000107
0.000102
6.5e-05
-2.9e-05
5e-06
-3.7e-05
2.8e-05
-1.8e-05
-2.3e-05
6e-05
1.9e-05
-3.1e-05
3.8e-05
2e-06
3.6e-05
5.2e-05
-5.9e-05
0.000123
-2.4e-05
0.000117
-0.000123
-0.000178
-9.9e-05
3.5e-05
-4e-06
-4.6e-05
-2.6e-05
1.7e-05
-8.8e-05
3e-05
0.000167
2.5e-05
-8e-06
0.000137
