#Average flux [c/s]: 27354.18894430637
#                                   T_start= 0 s
#                                   T_end= 1 s
#                                   CCF campionation= 1e-6 s
#                                   Fit amplitude= 111 s
#                                   Variable bin size= 10 ph/bin
0.00422
-0.01796
0.03837
0.02106
-0.01925
0.01246
0.00018
-0.00943
0.01072
-0.02226
-0.00161
0.01052
0.01739
-0.00418
-0.00162
-0.01844
-0.01476
0.00431
0.01214
0.02013
0.00887
0.00335
0.01054
-0.01846
-0.00142
-0.01043
0.02025
-0.00434
-0.04185
-0.00916
-0.01901
0.02011
0.02051
-0.01836
-0.03195
7e-05
0.0104
-0.00058
-0.01589
0.01178
0.01152
-0.0018
0.01474
0.02103
-0.00581
0.02096
0.00413
-0.01052
-0.01835
0.04736
-0.00014
0.01005
-0.00927
-0.00187
0.00491
-0.00192
0.01067
-0.02647
0.01449
0.01412
-0.01492
-0.04008
-0.0403
0.0326
0.02106
0.02003
-0.03666
0.01069
-0.01905
-0.00327
-0.01769
-0.00417
0.01043
-0.01367
-0.02899
0.03648
-0.00296
-0.00595
0.02409
-0.00168
-0.00474
0.01022
-0.02607
-0.01494
-0.01489
0.00969
0.02227
0.02013
-0.01939
0.0102
0.03576
-0.03747
-0.00617
0.01042
-0.01371
0.01292
0.01327
-0.0143
0.01597
-0.04111
