#Average flux [c/s]: 8625.003612590222
#                                   T_start= 0 s
#                                   T_end= 1 s
#                                   CCF campionation= 1e-6 s
#                                   Fit amplitude= 0.1 s
#                                   Variable bin size= 10 ph/bin
-0.02520943
-0.15551939
-0.02532125
0.0181782
-0.0281835
0.01331249
-0.01721717
-0.00822185
-0.04593181
0.00213083
-0.05179066
-0.03183676
-0.02186354
-0.01396571
-0.02364386
0.03095865
0.14987971
-0.00952791
0.00317181
-0.13556412
-0.01279611
-0.01008768
-0.02197951
-0.01957914
-0.01751368
-0.11343971
-0.02174265
0.0102591
-0.00071487
-0.14088521
-0.00800998
-0.00638402
0.01309778
-0.02342775
-0.01815107
-0.01690666
-0.01488739
-0.00608168
-0.04354442
0.00148051
-0.02994148
-0.01887297
0.02925892
-0.00398901
-0.00679455
-0.0089126
-0.02451744
0.00818129
-0.00724724
0.03431835
-0.02523618
0.11081054
-0.05227053
-0.03042927
0.0363876
0.04446643
0.00621706
0.00891928
0.02050965
0.14661342
0.02072143
0.0468665
-0.00156163
-0.02371884
0.0010487
-0.00084983
-0.01169239
0.00870598
-0.01182897
-0.00037524
-0.10951288
-0.00025726
-0.00053684
0.01094641
-0.00897471
0.02462752
-0.00678994
-0.01427577
0.01729621
0.11364462
0.01075363
-0.04046076
-0.01655936
-0.00447157
-0.03452458
0.00174512
-0.00854755
-0.00731963
-0.03330209
-0.04198222
-0.02648671
0.00839169
-0.02397944
-0.04406186
0.01082155
0.00245664
-0.03793076
0.15187131
-0.00061416
-0.00642882
