#Average flux [c/s]: 14666.67630024059
#                                   T_start= 0 s
#                                   T_end= 1 s
#                                   CCF campionation= 1e-6 s
#                                   Fit amplitude= 111 s
#                                   Variable bin size= 10 ph/bin
1.8e-05
9.7e-05
-3.7e-05
0.000126
-2e-05
4.5e-05
0.000177
0.000129
7.2e-05
2.5e-05
9e-06
-5.3e-05
-7.7e-05
3e-05
-3.2e-05
-8.2e-05
9.2e-05
-3.4e-05
0.000273
-4.7e-05
-0.000151
1e-05
-6.6e-05
-6.6e-05
4.2e-05
6.6e-05
0.000221
-2e-06
7.7e-05
-0.0001
3.6e-05
1e-06
0.000114
2.8e-05
0.000112
3.5e-05
-8.3e-05
1.6e-05
0.000125
-0.000109
0.000113
-0.000153
-3.9e-05
4e-05
-8.4e-05
-1.8e-05
-3.8e-05
8.1e-05
0.000113
-0.000273
-0.000143
-0.000123
3.3e-05
-1.9e-05
-7e-06
-0.000118
-7.6e-05
1e-05
-4.9e-05
0.000132
1e-06
-1e-05
6e-05
9.1e-05
-4.7e-05
1.2e-05
0.00017
5.6e-05
5e-05
0.000153
-0.000164
-6e-05
9e-06
-9e-06
1.2e-05
0.000169
6.9e-05
0.000107
-4.6e-05
1.2e-05
-2.4e-05
4e-06
0.000166
-7.1e-05
-6.5e-05
-4e-05
4e-05
1.4e-05
-0.000129
-0.000186
7e-05
-7.6e-05
9.8e-05
-4.7e-05
2.9e-05
-4.4e-05
8.1e-05
8.5e-05
-5.3e-05
4.7e-05
