#Average flux [c/s]: 30375.025288131557
#                                   T_start= 0 s
#                                   T_end= 1 s
#                                   CCF campionation= 1e-6 s
#                                   Fit amplitude= 111 s
#                                   Variable bin size= 10 ph/bin
0.00254
0.02825
-0.02103
-0.02519
-0.00018
-0.02209
0.00245
-0.0296
-0.02293
-0.02176
-0.02851
-0.0153
-0.03004
0.00017
-0.02912
0.00188
0.00607
0.00053
-0.02204
0.01248
-0.0123
7e-05
0.01399
-0.05086
-0.01939
0.00209
0.01332
-0.02464
-0.02194
0.00229
-0.0119
-0.00659
-0.03638
0.01025
-0.02299
0.00179
-0.02274
-0.02056
-0.01722
0.00846
-0.00923
-0.03061
0.01317
0.02393
-0.0153
0.00857
-0.01702
-0.01523
-0.00951
-0.01145
0.00271
-0.02198
0.03571
-0.0073
-0.00683
0.00871
-0.02822
-0.02839
-0.02525
0.00678
9e-05
-0.0508
-0.02586
0.00043
-0.00994
-0.02914
-0.01171
-0.0213
0.01364
-0.02602
-0.00956
0.00083
-0.02511
6e-05
-0.01016
-0.0002
-0.02847
-0.02249
-0.00305
0.03878
0.01299
0.00865
0.03635
-0.00632
0.00566
0.02806
0.00239
-0.00658
0.00135
0.01348
0.00171
-0.01745
0.00297
0.01332
-0.0065
-0.01784
-0.00712
0.00024
-0.02807
0.00214
