#Average flux [c/s]: 20406.265353508443
#                                   T_start= 0 s
#                                   T_end= 1 s
#                                   CCF campionation= 1e-6 s
#                                   Fit amplitude= 0.1 s
#                                   Variable bin size= 10 ph/bin
-0.00660828
0.01057958
-0.0123709
-0.00077584
0.00522443
-0.0077803
-0.00102689
-0.00824189
-0.00517339
-0.00503173
0.00683894
-0.0043242
-0.00900343
0.00460785
-0.01085866
-0.00728721
-0.00651558
-0.01063983
-0.00640302
-0.00383089
0.00929704
0.00922889
0.00213591
-0.00294372
0.0080135
-0.00370169
0.0015542
-0.00293031
0.00844209
0.00146013
0.0087212
-0.00965123
-0.00819843
0.00188698
-0.00057093
#999
-0.00728905
-0.00580709
0.00730218
#999
0.00301027
-0.00853916
-0.00787027
-0.00885325
0.00382404
-0.00212691
-0.01092858
0.00461217
0.01176923
0.00333576
3.789e-05
0.00198253
-0.00032539
0.00512046
0.00494439
-0.00822783
-0.00314339
0.00443295
0.0031342
-0.01365468
0.01183336
0.00228098
0.01778254
-0.00452826
-0.00267796
-0.00355933
0.00048523
-0.00219542
0.00725636
0.00223426
0.00036267
-0.00156296
-8.702e-05
-0.0054067
-0.0054399
0.00252239
-0.00117813
0.00303592
-0.0040302
#999
-0.00342355
-0.00016252
0.00999837
-0.00509753
0.00845332
0.00311323
-0.00653444
0.00361745
-0.01744979
-0.0034411
0.00218079
0.00089452
-0.00511396
-0.00689244
-0.00178525
0.00291192
0.00389328
0.003293
-0.0041744
0.00670908
