#Average flux [c/s]: 18291.679912830816
#                                   T_start= 0 s
#                                   T_end= 1 s
#                                   CCF campionation= 1e-6 s
#                                   Fit amplitude= 111 s
#                                   Variable bin size= 10 ph/bin
0.00019
-0.000143
-5.4e-05
-1e-05
-0.000109
-3.6e-05
-0.000103
-3.1e-05
1e-05
4.9e-05
0.000261
7.2e-05
4.6e-05
5e-06
-4e-06
-3.1e-05
5.8e-05
0.000114
-7e-05
4e-06
3.2e-05
-3.1e-05
0.000102
-6.6e-05
1.4e-05
-0.000136
7.8e-05
3e-06
6.4e-05
6.9e-05
-8.5e-05
0.000119
-1e-05
0.000116
-8.2e-05
7.7e-05
-5.8e-05
4e-05
6.7e-05
1.5e-05
4.6e-05
3.8e-05
-3.2e-05
-0.000105
8.7e-05
-2.4e-05
3.5e-05
2.7e-05
3.6e-05
-5.8e-05
-6e-06
2e-06
-1.2e-05
-0.000158
-3.1e-05
-6.3e-05
0.000149
6.2e-05
-9.7e-05
8e-06
-5e-06
3e-06
-5.1e-05
1.4e-05
4.6e-05
5.2e-05
5.8e-05
3.9e-05
-0.000104
2e-06
5.5e-05
-5.4e-05
1.4e-05
9.6e-05
-4.1e-05
6e-06
-0.000126
4.1e-05
0.000115
-3.8e-05
1.6e-05
2.6e-05
0.000142
1e-06
1.5e-05
1.4e-05
7.8e-05
6e-05
5.2e-05
0.000137
3.9e-05
0.000144
-0.000165
3.8e-05
-4.8e-05
-9.4e-05
3.9e-05
7e-06
-5.2e-05
2e-05
