#Average flux [c/s]: 17083.345375300734
#                                   T_start= 0 s
#                                   T_end= 1 s
#                                   CCF campionation= 1e-6 s
#                                   Fit amplitude= 0.1 s
#                                   Variable bin size= 10 ph/bin
-0.00446925
-0.00376629
-0.01500841
-0.01513796
-0.02135986
-0.01307436
-0.00520437
-0.0223504
-0.00896486
-0.02419069
-0.01155143
-0.00980542
-0.01043621
-0.0114821
-0.00540563
-0.01459029
-0.00714678
-0.01059928
-0.01625807
-0.00813944
-0.01469917
-0.01676657
-0.01494287
-0.01581753
-0.01590437
-0.0088519
-0.00991607
-0.01993027
-0.00274586
-0.00719132
-0.0145173
-0.01072673
-0.01128463
-0.00892731
-0.00757169
-0.01526061
-0.00847203
-0.02450821
-0.01763894
#999
-0.02360243
-0.01833053
-0.01712523
-0.02903863
#999
-0.02585014
-0.00583943
-0.01016994
-0.00889096
-0.02752406
-0.02591855
-0.0111662
-0.00571504
#999
-0.02153295
-0.02688855
-0.01572176
-0.00373241
-0.01492508
-0.00837676
-0.02162117
#999
-0.02577138
-0.01242814
-0.02560636
-0.01183915
-0.01893075
-0.02300236
-0.01460252
-0.00747051
-0.0164945
-0.00779717
-0.02394367
-0.01375231
-0.00104795
-0.01157856
-0.00739962
-0.02222142
-0.01410698
-0.01651599
-0.01883322
0.00618384
-0.00895555
-0.01380919
-0.00419741
-0.00615229
-0.00142642
-0.01696802
-0.01336304
-0.01271901
-0.02470854
-0.02576856
-0.02101588
-0.01881016
-0.01914773
#999
-0.01619299
-0.01325193
-0.01460799
-0.02008858
