#Average flux [c/s]: 25541.687138011257
#                                   T_start= 0 s
#                                   T_end= 1 s
#                                   CCF campionation= 1e-6 s
#                                   Fit amplitude= 0.1 s
#                                   Variable bin size= 10 ph/bin
#999
-0.00855606
0.00533739
0.0021765
1.726e-05
-0.00504864
-0.00103684
0.00212845
#999
0.0009566
0.00236322
0.00847006
0.00337372
0.00306978
-0.00292137
0.00662913
0.00614818
-0.00585804
-0.00186987
-0.001675
-0.00353929
-0.00754758
0.00158304
0.00308071
0.00096768
-0.00197657
-0.00211952
0.00230848
-0.00052977
-0.00670153
0.00091734
-0.00377275
#999
0.01031921
0.00554015
-0.0046246
0.00595321
0.0109744
0.00523255
-0.0006023
-0.00785348
-0.00430019
#999
-0.00501798
0.00286115
0.00542312
#999
0.00522402
0.0105726
-0.00505447
-0.00409556
0.0026129
0.00284321
-0.00149807
#999
-0.00032476
0.00349185
0.00110352
-0.00356969
#999
0.00086716
0.00486719
0.0032159
-0.00655411
-0.00516718
-0.00662888
0.00575062
#999
-0.00301472
0.00085068
-0.00091578
-0.00740072
0.01062122
-0.00386454
0.00533432
#999
0.00628984
-0.00740385
0.00850483
#999
-0.00076729
-0.00435188
-0.00542625
-0.00121839
-0.00343989
#999
0.00685991
0.00240284
#999
0.00133119
0.00838439
0.00671319
#999
-0.00482677
0.00447683
#999
-0.00080993
0.00731838
-0.00279413
0.00245485
