#Average flux [c/s]: 20104.181719125925
#                                   T_start= 0 s
#                                   T_end= 1 s
#                                   CCF campionation= 1e-6 s
#                                   Fit amplitude= 111 s
#                                   Variable bin size= 10 ph/bin
1.8e-05
-5.5e-05
-0.000116
3.3e-05
-3.6e-05
-3.5e-05
-2e-06
5.2e-05
-6.5e-05
-3.2e-05
-2.1e-05
2.2e-05
-0.000101
8.3e-05
-9e-05
-1.4e-05
0.000139
3.3e-05
-0.000109
3.8e-05
8.2e-05
-0.0001
0.0
-1.2e-05
-8.9e-05
0.000103
-2.8e-05
-1e-05
5e-06
7.8e-05
0.000115
-4.5e-05
-6e-06
-4.1e-05
0.000121
-5.7e-05
-1.9e-05
-1.3e-05
9e-05
6e-06
1.6e-05
1e-06
-3.3e-05
-2.7e-05
-7.7e-05
7.6e-05
-2.1e-05
5.2e-05
6e-06
1e-05
3.6e-05
-3.5e-05
0.0
0.000118
-6.4e-05
9.3e-05
-8e-06
6.3e-05
5.6e-05
6.5e-05
-1.7e-05
2.8e-05
-5.2e-05
-1.9e-05
-8.5e-05
2.2e-05
-9.6e-05
-3e-05
-2.1e-05
-7.9e-05
-6e-05
-3.6e-05
3.3e-05
5.9e-05
-2.8e-05
2.6e-05
-7.3e-05
-1e-05
-0.0001
-9.1e-05
-4.3e-05
-5.5e-05
-1e-05
7.8e-05
-3.9e-05
-2e-06
-2.6e-05
-2.6e-05
2.5e-05
8e-05
0.00014
-4.2e-05
-3.5e-05
7.1e-05
-1.3e-05
-0.000107
6.9e-05
5.3e-05
-3.3e-05
6.1e-05
