#Average flux [c/s]: 8322.919978207705
#                                   T_start= 0 s
#                                   T_end= 1 s
#                                   CCF campionation= 1e-6 s
#                                   Fit amplitude= 0.1 s
#                                   Variable bin size= 10 ph/bin
0.0516963
0.05096384
0.0800902
0.05729583
0.02741039
0.0435905
0.05033332
0.04363503
0.07036893
0.04332593
0.02880007
0.05285779
0.00212024
0.06882909
0.01047079
0.0963412
0.05057604
0.04336622
0.0511011
0.05441214
0.00878892
0.03443413
0.02994753
0.06280967
-0.00924474
0.06006584
0.04598105
0.19701394
0.13112719
0.13759774
0.06800393
0.0448469
0.05284708
0.03173093
0.04772972
0.04557863
0.06709593
0.05026321
0.0276549
0.05038808
-0.05548766
0.04445859
0.03274079
-0.00259577
0.0331989
0.07261596
0.03284275
0.00974851
0.03763184
0.01602016
0.04577362
0.03087434
0.02471765
0.05563243
0.06555828
0.04240461
0.05906171
0.03828413
0.03779348
0.04901575
0.04534947
0.00244188
0.05849265
0.04602766
0.04442492
0.05722811
0.03299756
0.0584675
0.02912215
0.0173451
0.05347163
0.03247124
0.06112836
-0.02605788
0.05449958
0.0633283
0.01192723
0.04958505
-0.13920817
0.03992519
0.04103562
0.02401606
0.01530118
0.02470841
0.05020769
0.04782271
0.0258961
0.05813238
0.05860601
0.06321527
0.07560657
0.03512106
0.02551146
0.01686025
0.05796549
0.04469568
0.03356999
0.01859149
0.05704975
0.03386323
