#Average flux [c/s]: 5000.0
#                                   T_start= 0 s
#                                   T_end= 1 s
#                                   CCF campionation= 1e-6 s
#                                   Fit amplitude= 0.1 s
#                                   Variable bin size= 10 ph/bin
-0.18345154
0.32068601
0.2085343
-0.3092596
0.07411059
0.15036956
0.43828654
-0.09897926
-0.48795551
0.18230042
-0.22864269
-0.11053007
-0.20361404
-0.14494473
0.61989816
0.39306772
0.01802174
-0.29919009
0.44531998
-0.33625003
0.04857481
0.09243907
-0.33209001
0.2006943
0.46547302
-0.01676918
0.14283757
0.45950885
-0.34678365
0.13410396
-0.00103133
0.04528841
-0.08739632
-0.39522927
0.41877911
-0.09072614
0.26221616
0.36356945
-0.39389295
-0.41319641
0.37386858
-0.33378091
-0.23797628
-0.24536359
-0.18378397
#999
0.47015976
-0.24902397
0.20926302
-0.02529913
0.33027288
0.26300496
-0.63453885
-0.41741395
-0.48783257
#999
0.18214685
-0.16503705
0.4100066
-0.35339003
0.36341188
-0.13670214
0.01028001
-0.00505547
-0.09626106
0.22388915
-0.40796679
0.12274684
-0.20565909
-0.22587614
-0.07157276
-0.15264687
-0.2262875
0.46173026
0.22098547
0.1273428
-0.31113902
-0.23372565
0.1220512
0.23871949
0.25400978
-0.05128086
-0.45902396
-0.17252246
-0.0023148
-0.01201825
-0.30571609
0.09924298
-0.37475091
-0.15200624
0.13459774
0.21447349
-0.05042228
-0.58870843
-0.04886069
0.30613012
0.43046908
-0.37163881
-0.10894241
-0.16636649
