#Average flux [c/s]: 19802.098084743408
#                                   T_start= 0 s
#                                   T_end= 1 s
#                                   CCF campionation= 1e-6 s
#                                   Fit amplitude= 0.1 s
#                                   Variable bin size= 10 ph/bin
-0.01121564
0.00515586
0.00297746
0.00284989
0.00382122
0.00383142
-8.007e-05
-0.00081821
0.00524912
0.01030939
0.00896252
-0.01358376
0.00354316
-0.0023644
0.00899808
-0.00496965
-0.00623194
-0.00339096
-0.00592855
0.00893988
-0.00480616
-0.00195237
0.00063348
-0.00377703
-0.00887969
-0.00130992
0.00283046
0.0073823
-0.00794169
-0.00340652
0.00803984
0.00999498
-0.0124468
0.00336924
-0.00882399
0.00116529
-0.00112803
-0.00325384
-0.00159395
-0.00364168
-0.00197526
-0.00787422
-0.00350766
0.01164622
0.00710781
-0.0062839
-0.00507376
-0.00390495
-0.00757377
0.0042468
-0.00203617
0.00353217
-0.00785819
-0.01340871
-0.00134606
-0.00077946
0.00099917
0.00276478
0.01326936
0.00234631
-0.00687669
0.01519391
0.00038617
0.0071116
0.00597861
0.00600132
0.00046429
-0.00413757
0.0058699
-0.01215165
-0.00147267
-0.01419255
-0.00774195
-0.00010214
0.01432008
-0.00895084
-0.00204577
-0.00655432
-0.01326974
0.00083825
-0.00206255
0.00179779
-0.00237679
0.00276537
-0.00627163
-0.00284049
0.00136823
0.00807029
0.01034976
-0.00233986
-0.00137729
0.00021424
0.00537397
-0.00094638
0.0039989
0.00104449
-0.00368397
0.00154943
-0.00234435
0.00199525
