#Average flux [c/s]: 5302.083634382518
#                                   T_start= 0 s
#                                   T_end= 1 s
#                                   CCF campionation= 1e-6 s
#                                   Fit amplitude= 0.1 s
#                                   Variable bin size= 10 ph/bin
-0.00024224
0.02820029
0.00091963
0.03399616
-0.07064232
-0.00035221
0.00036299
-0.00311116
0.00767161
-0.00010925
-0.01745654
0.00048926
-0.00022276
0.02498871
0.05760469
0.00023708
0.00094755
#999
-0.07563855
0.02181999
0.01669905
-0.00014546
0.00016749
0.00631178
0.0012634
0.00020316
0.06952374
-0.00118528
-0.08324118
0.07568926
0.00057259
-0.00102657
0.01416496
0.00488265
0.00476727
0.01572437
0.00124462
-0.00055117
-0.00021164
-0.0685548
-0.07026339
-0.00014077
0.00050802
0.00061712
0.03876941
0.07262546
0.03358089
0.00017327
0.23375943
-0.00019303
-0.00034145
0.04992676
0.00027272
0.00184984
-0.06323158
-0.00097054
9.54e-06
-5.697e-05
0.05893527
0.00045193
0.00040951
0.01228845
0.00069324
-0.04008853
-0.00126078
0.00064372
-0.00040761
2.03e-05
0.00230951
0.02024001
0.02616032
-0.00093507
0.00013712
-3.01e-06
0.06829776
0.08142639
-0.01211394
-5.718e-05
-0.00099648
-0.00034083
0.03306894
0.00086182
0.0004671
0.06290755
-0.01151176
0.00045224
-0.03929236
6.198e-05
2.5e-06
0.08207277
-0.00051784
-0.00017277
0.09037388
-0.01309692
-0.00034255
-0.06632438
-0.0005222
-0.02213637
-0.00080306
7.796e-05
