#Average flux [c/s]: 17989.596278448294
#                                   T_start= 0 s
#                                   T_end= 1 s
#                                   CCF campionation= 1e-6 s
#                                   Fit amplitude= 111 s
#                                   Variable bin size= 10 ph/bin
-0.00643
-0.03757
0.0076
0.0185
0.00041
0.00843
0.00125
0.02124
-0.0125
-0.04441
0.00093
0.0075
-0.02481
-0.01421
0.00103
0.00071
0.0133
-0.03938
0.00093
-0.01579
-0.01556
0.00203
-0.02461
0.00157
-0.02575
-0.03502
-0.01615
-0.04358
-0.05814
0.00132
-0.0016
0.00085
-0.00135
0.00117
0.00728
0.00011
0.02452
0.00152
-0.0035
-0.01486
-0.03824
0.00119
0.00047
0.00034
0.00114
-0.01308
0.00997
-0.01939
-0.0135
-0.02529
-0.02595
-0.02756
0.02663
-0.02465
-0.03792
-0.02538
-0.03788
-0.01463
-0.00507
-0.01317
0.02325
0.00092
0.00083
-0.02538
0.00802
0.02076
-0.01984
-0.01549
-0.04884
-0.02115
-0.04387
-0.01295
-0.01263
-0.01433
0.04808
-0.01594
-0.03951
0.00116
-0.01626
-0.01747
0.01083
-0.01607
0.00035
0.00569
-0.05581
0.00167
-0.01472
0.00958
0.01137
-0.01265
0.00775
0.00811
0.00207
-0.02535
0.00807
-0.00105
0.00078
0.00773
-0.05788
-0.00607
