#Average flux [c/s]: 9833.338150120295
#                                   T_start= 0 s
#                                   T_end= 1 s
#                                   CCF campionation= 1e-6 s
#                                   Fit amplitude= 0.1 s
#                                   Variable bin size= 10 ph/bin
-0.01184596
-0.01993491
-0.01352742
-0.03155447
-0.14162365
-0.00706313
-0.02294867
-0.03495378
-0.02261767
-0.03125267
-0.02426913
-0.01226606
-0.01327676
-0.02674816
-0.03115898
-0.04239978
-0.02701847
-0.00733891
0.00380676
-0.04915332
-0.0436888
-0.00328788
-0.00276814
-0.00984548
-0.04201354
-0.01953539
-0.02011211
-0.03119473
-0.0075161
-0.02440131
-0.0272666
-0.02792474
-0.04061085
-0.0066202
-0.02063832
-0.01464885
-0.03977455
-0.04474592
-0.0440092
-0.0450374
-0.00950326
-0.01993157
-0.03191122
-0.00053161
0.00493322
-0.02248958
-0.0154694
-0.02705803
-0.03284817
0.01297945
-0.03224704
-0.15155249
-0.01204891
-0.03126723
-0.05009
-0.04956749
-0.03540776
-0.02320554
-0.04441008
0.00121232
-0.04351204
-0.01359761
-0.01923582
0.00075989
0.00171071
-0.03466395
-0.01943222
-0.01639164
-0.00736159
-0.01873767
0.02913045
-0.01774253
-0.03630958
-0.03538065
-0.03176715
-0.02993546
-0.01530845
-0.02907317
-0.01487863
-0.0374374
-0.02532248
-0.00730758
-0.06019881
-0.01639634
-0.0244464
-0.00561068
0.02731192
-0.0327354
0.00155181
-0.03027709
0.00015159
-0.02218765
-0.0347874
-0.03929322
-0.02539862
-0.02067488
-0.04500073
-0.00994722
-0.03624784
-0.022141
