#Average flux [c/s]: 17385.42900968326
#                                   T_start= 0 s
#                                   T_end= 1 s
#                                   CCF campionation= 1e-6 s
#                                   Fit amplitude= 111 s
#                                   Variable bin size= 10 ph/bin
-8.1e-05
2.5e-05
-2.8e-05
4.3e-05
-5.2e-05
1.7e-05
-1.1e-05
-7.3e-05
8.8e-05
0.000161
-3.4e-05
-1.6e-05
-5.2e-05
4.8e-05
-7.4e-05
3.5e-05
-7e-05
5e-06
3.8e-05
-5.1e-05
0.000201
0.0
3.2e-05
-3e-06
-2.5e-05
9.5e-05
-4.5e-05
5.2e-05
-6.1e-05
4.4e-05
5.4e-05
-4.6e-05
-3.9e-05
3.1e-05
-2.7e-05
4.7e-05
0.000113
-7.8e-05
-0.000109
-1.6e-05
5.7e-05
3.8e-05
2.1e-05
0.000201
4.6e-05
4e-05
-9.3e-05
8e-06
0.000108
0.000103
-1.3e-05
-3.2e-05
0.000155
3.5e-05
-1.2e-05
-1.5e-05
4e-05
-0.000117
2.1e-05
5.2e-05
-0.00011
1.8e-05
-2.8e-05
3.3e-05
4.6e-05
3e-05
-7e-06
0.000169
7e-05
9.4e-05
0.000223
1e-06
-6.5e-05
1.2e-05
3.2e-05
1.8e-05
-5.8e-05
-0.00011
-4.6e-05
3.6e-05
-3.3e-05
9e-05
0.0001
-4.4e-05
9e-06
9.6e-05
1.8e-05
-2e-05
0.000113
7.1e-05
0.000221
-3.8e-05
-6.2e-05
-0.000135
-3.3e-05
7.2e-05
0.000103
-9e-06
7.7e-05
-5.2e-05
