#Average flux [c/s]: 7718.752709442665
#                                   T_start= 0 s
#                                   T_end= 1 s
#                                   CCF campionation= 1e-6 s
#                                   Fit amplitude= 0.1 s
#                                   Variable bin size= 10 ph/bin
-4.85e-06
-0.01316318
-0.00528725
0.00371462
-0.00586071
0.00495538
0.00168403
-0.00148664
-0.00445284
0.00693692
0.00071002
-0.00127573
0.00681194
8.343e-05
0.00624392
-0.0046176
-0.01011781
-0.00522293
-0.00025569
0.00975604
-9.574e-05
7.997e-05
-0.01570649
-0.00195289
-0.00122297
0.00369443
0.001074
2.645e-05
0.005609
0.00016917
-0.0136999
0.00800508
-0.00276398
-0.00032837
-0.00257762
-0.01226546
-0.00175704
-0.00083669
0.00676686
0.00853168
5.581e-05
0.00023346
-0.00831941
0.09183575
-0.0061272
0.00543207
0.00153173
0.01713938
-0.00045262
-0.01299081
0.00074502
0.00260326
-0.0087359
-0.00032712
1.796e-05
-0.00081011
0.00252539
-0.00037874
-0.00054746
-0.00138252
-0.00311961
-0.00091721
-0.01392597
-0.00069211
0.00858044
0.00970381
0.00231636
0.00210322
-0.01198732
-0.00296014
0.00341427
-0.00251081
0.01114409
-0.01036207
0.00598948
0.01074343
0.00909686
0.00183775
-0.01995932
-0.00223867
-0.01183735
-0.00489493
-0.00798804
0.00039831
-0.00029916
0.00147112
-0.01963892
0.00026268
-0.00699706
0.01427128
0.00555456
0.00317909
0.00105161
-0.00459633
-0.0041428
-0.0173583
-0.00794227
-0.00304909
-0.00798209
0.0010958
