#Average flux [c/s]: 29468.774384984
#                                   T_start= 0 s
#                                   T_end= 1 s
#                                   CCF campionation= 1e-6 s
#                                   Fit amplitude= 111 s
#                                   Variable bin size= 10 ph/bin
-0.005836
-0.006644
-0.005794
-0.00148
0.015514
-0.002133
-0.020124
0.001446
0.020542
-0.020299
-0.01044
0.009862
0.001243
0.020277
-0.015112
-0.019979
-0.006113
0.001297
0.050177
0.012248
0.016135
-0.005255
-0.015776
0.014737
0.015379
-0.009275
-2e-06
-0.014614
0.034154
-0.000141
-0.026032
-0.00641
-0.007839
-0.002689
0.004948
0.028916
-0.011871
0.011908
0.042718
0.009513
-0.016056
0.018865
-0.020233
0.037996
-0.006406
-0.007495
0.005782
0.015992
0.022693
0.03195
0.011689
-0.007545
0.050048
0.039246
0.012094
-0.010626
-0.007178
0.000676
-0.015782
-0.019296
-0.020208
0.001676
0.001817
-0.007637
0.009717
0.028718
0.034112
-0.006767
0.02863
0.010215
0.015208
0.015421
-0.007456
-0.010664
-0.01208
-0.00723
0.010116
0.014751
0.024496
-0.011594
-0.020194
0.016218
0.02012
0.02493
-0.005882
-0.028062
-0.002585
0.018939
0.011481
-0.018069
-0.005755
0.011787
0.010336
-0.030838
-0.006158
-0.006353
-0.011175
-0.020026
-0.010832
-0.022902
