#Average flux [c/s]: 15875.010837770666
#                                   T_start= 0 s
#                                   T_end= 1 s
#                                   CCF campionation= 1e-6 s
#                                   Fit amplitude= 111 s
#                                   Variable bin size= 10 ph/bin
-0.009155
-0.029166
0.013092
0.017148
0.044163
0.011869
0.019198
0.05176
0.0454
0.025888
0.012305
-0.022291
0.012524
0.033121
0.03645
0.013216
0.012589
0.013629
-0.012898
0.00772
0.013894
0.011488
0.005546
0.048409
0.049247
0.010205
0.010682
0.019954
0.013131
-0.043633
0.00944
0.019741
0.011063
0.052349
0.013326
0.010779
0.019537
-0.018906
0.01888
0.006124
0.010985
-0.023377
0.014004
0.013521
0.013152
0.01412
0.006938
-0.022182
-0.003632
-0.013756
-0.018213
0.015099
-0.019711
-0.022528
0.014021
0.015212
0.01196
0.008802
0.015195
0.019143
0.051536
-0.019345
-0.022802
0.010911
0.014176
-0.017207
0.025504
-0.012974
0.01123
0.011065
0.013861
0.006982
0.009289
0.011839
0.050883
0.019901
0.009657
0.014774
0.006636
0.010758
-0.018531
-0.01866
-0.040185
-0.040209
0.043869
0.013187
0.005929
-0.019577
-0.027889
-0.007847
0.012419
0.014486
-0.032412
0.013786
0.014255
-0.012978
0.014113
0.007607
0.012673
0.011055
