#Average flux [c/s]: 20708.34898789096
#                                   T_start= 0 s
#                                   T_end= 1 s
#                                   CCF campionation= 1e-6 s
#                                   Fit amplitude= 0.1 s
#                                   Variable bin size= 10 ph/bin
-0.00614538
-0.0069972
-0.02176546
-0.00824887
#999
0.00043137
-0.00973216
-0.0121121
0.00703
-0.01336795
#999
#999
0.00072302
-0.00030991
-0.01214822
-0.00512898
-0.01871181
-0.00676828
-0.00866998
#999
0.00419536
-0.00457191
-0.00180259
-0.009982
-0.00480777
0.00288125
0.00011228
0.00294984
-0.00406205
#999
-0.00661268
9.629e-05
-0.00793286
0.00042078
0.00191906
-0.01013828
#999
-0.01099179
-0.00778114
-0.00538571
-0.0042894
-0.01156919
-0.00140131
0.00299778
#999
#999
-0.00382157
-0.00748664
-0.01338841
-0.01027947
-0.00553761
-0.00256343
-0.00070094
-0.00931246
-0.00536445
-0.0030894
-0.00755056
-0.01058724
-0.0039364
-0.00332428
-0.00711956
-0.01038182
-0.00277543
-0.00112041
-0.01114004
0.00147467
-0.01257664
-0.01020205
-0.00360421
0.00553656
0.00059705
-0.0022924
-0.00015132
#999
-0.00882651
-0.00687105
-0.0129282
-0.00892113
-0.00163681
#999
-0.00742967
-0.01006516
-0.00076194
-0.00102465
-0.00307009
-0.00500816
-0.00231182
#999
-0.00697128
-0.00659001
-0.00150657
-0.00823763
-0.00280525
-0.01095691
-0.0049438
-7.646e-05
#999
#999
-0.00556492
0.00061879
