#Average flux [c/s]: 28260.439847453923
#                                   T_start= 0 s
#                                   T_end= 1 s
#                                   CCF campionation= 1e-6 s
#                                   Fit amplitude= 0.1 s
#                                   Variable bin size= 10 ph/bin
-0.0004809
0.00276091
#999
0.00133507
#999
-0.00278398
-0.00632131
-0.00409596
-0.00543079
0.00421222
#999
-0.00443301
0.00093218
0.00208602
#999
0.00654493
-0.00019366
-0.01217869
#999
0.00981238
0.01145301
0.00062767
-0.00463848
-0.00413012
#999
0.00057231
-0.00451234
-0.00135524
-0.00195339
-0.0016508
-0.00478295
-0.00213085
0.00212109
-0.00367825
#999
-0.00528589
-0.00435747
-0.00331602
0.00305133
-0.00226991
0.00016793
0.00303247
0.0017327
0.00267957
0.0023427
-0.00822083
0.00333857
0.00338286
0.00123835
0.00135555
-0.0072708
0.00939324
-0.00695522
-0.00648715
-0.00049285
0.00801269
#999
0.0068598
-0.00273082
0.00517581
0.00307096
0.00668003
-0.007125
#999
-0.00273071
-0.00821456
0.00422509
0.00543593
0.00073811
#999
0.00635565
-0.00479869
-0.00070929
-0.00306314
0.00294966
3.477e-05
-0.00085052
0.00347223
#999
-0.00429289
-0.01220328
#999
#999
0.00260013
0.00326453
0.00322681
0.0070843
#999
-0.00138627
-0.00437592
0.00138371
-0.00236542
#999
-0.00725217
-0.00374788
0.011176
0.00811995
0.00588893
0.00760015
-0.00199029
