#Average flux [c/s]: 31281.276191279107
#                                   T_start= 0 s
#                                   T_end= 1 s
#                                   CCF campionation= 1e-6 s
#                                   Fit amplitude= 111 s
#                                   Variable bin size= 10 ph/bin
0.01164
0.00519
0.01851
0.00636
0.00824
0.00893
0.03252
0.02233
0.02236
0.0092
0.02939
0.00819
-0.01652
-0.00822
-0.02069
-0.00733
-0.01548
0.02279
0.00655
0.00604
0.00917
0.00978
0.00027
0.02249
0.02261
-0.02247
-0.02224
-0.02084
-0.01896
-0.01816
-0.00338
-0.01906
-0.0164
-0.02233
0.0231
0.00843
-0.00739
-0.0206
0.02204
0.02332
0.0225
-0.02065
-0.02895
0.0004
-0.01912
0.01887
0.00855
-0.01644
0.02288
0.02946
4e-05
-0.01391
-0.01884
-0.00818
0.00935
0.00628
0.02035
-0.02955
0.00974
-0.00728
-0.00801
-0.02066
0.02295
0.00028
-0.02085
0.00835
0.00838
-0.00829
0.02174
0.02274
-0.01393
-0.02944
-0.01908
0.00817
-0.01918
0.00835
-0.00715
-0.00751
0.00822
-0.0108
0.01532
0.01018
0.02168
0.0185
-0.01663
0.00943
0.00372
-0.00645
0.00885
0.0292
0.01148
0.00771
-0.01697
-0.01946
0.0005
0.02937
-0.00635
0.00815
-0.01626
-0.01908
