#Average flux [c/s]: 7114.585440677629
#                                   T_start= 0 s
#                                   T_end= 1 s
#                                   CCF campionation= 1e-6 s
#                                   Fit amplitude= 111 s
#                                   Variable bin size= 10 ph/bin
0.04343
-0.11911
0.04892
0.08328
0.12765
0.08198
0.02045
-0.00488
0.05502
0.03862
0.0745
-0.10757
-0.01008
0.0128
0.0117
-0.02185
-0.00118
0.00651
-0.10634
0.12628
-0.01156
0.11644
-0.01257
0.09997
-0.01395
-0.00463
-0.10519
0.10999
0.00192
0.00628
0.06683
-0.0109
-0.0077
0.12547
-0.03211
0.10998
-0.02197
-0.00274
0.08696
0.10199
0.12542
0.03896
-0.00458
-0.02325
0.11533
-0.10459
0.02048
-0.05617
0.02182
0.1163
0.12767
0.11789
-0.00953
0.03018
-0.00703
0.04417
0.03921
0.07447
0.00775
0.04329
-0.01644
-0.00349
-0.0089
0.1162
-0.0321
0.04133
-0.01267
-0.0032
-0.00423
-0.02059
-0.00479
-0.00684
-0.00489
0.01023
-0.00458
0.1172
0.04253
-0.01141
0.08567
0.11607
0.11679
-0.02068
-0.00406
-0.00602
0.04008
0.04267
-0.07811
0.01566
0.08662
-0.01264
-0.03162
0.08833
-0.00467
0.05581
-0.05549
-0.00667
-0.06525
-0.00588
-0.09877
-0.00758
