#Average flux [c/s]: 27958.35621307141
#                                   T_start= 0 s
#                                   T_end= 1 s
#                                   CCF campionation= 1e-6 s
#                                   Fit amplitude= 111 s
#                                   Variable bin size= 10 ph/bin
-0.008875
0.00424
-0.008774
-0.010175
-0.012117
-0.006275
-0.02405
-0.019893
0.017849
0.010716
-0.000135
-0.012141
0.028459
-0.004797
0.044805
-0.018609
-0.012266
0.009428
-0.014658
0.038569
-0.013281
-0.012131
-0.012063
0.011478
-0.010388
-0.012158
0.009986
0.003247
0.018244
0.000211
0.025945
0.030572
-0.010884
-0.010366
0.005456
0.010602
3e-06
-0.043067
-0.018626
-0.013284
-0.011796
0.018023
-0.009965
-0.032437
0.009079
0.008277
0.000625
-0.01192
0.00097
-0.011883
-0.002241
-0.011838
0.018202
-0.001605
-0.006616
0.017337
-0.011787
0.01853
0.017375
-0.011394
0.01121
-0.010948
0.018469
0.009353
-0.024899
0.029072
0.030465
-0.011769
0.017047
0.009273
-0.006843
-0.011663
-0.029261
0.009899
-0.017789
0.018315
0.026321
0.010328
-0.014713
0.018046
0.018818
0.009995
0.030654
-0.013543
0.007117
-0.012579
-0.013885
0.018186
-0.012112
-0.011808
-0.033291
-0.014986
-0.025087
0.017711
0.015679
-0.010145
-0.018195
-0.011749
0.017196
0.001152
