#Average flux [c/s]: 13760.425397093035
#                                   T_start= 0 s
#                                   T_end= 1 s
#                                   CCF campionation= 1e-6 s
#                                   Fit amplitude= 0.1 s
#                                   Variable bin size= 10 ph/bin
0.00734407
-0.01796142
-0.00713817
-0.01428352
0.00645121
0.0108468
0.00464488
0.00332065
-0.00749664
-0.01368309
-0.00033918
-0.00792334
0.01079131
-0.00357512
-0.00910121
-0.00088274
-0.00421713
-0.00297376
-0.00837557
0.01000997
0.01523241
-0.00232178
-0.00292928
-0.00025559
0.0025148
0.00244364
0.01107399
1.365e-05
-0.0037408
-0.00298673
0.00671138
0.00473294
-0.0059949
-0.01105975
-0.00261642
-0.00460305
0.00118053
0.00105029
-0.0046406
0.00026695
0.00973147
0.00418005
-0.00016726
0.003897
-0.00081078
0.01072685
0.00407899
0.00020008
0.01446362
0.00917911
0.00348453
-0.00711057
-0.00917304
-0.00018552
-0.00884783
-0.00111216
9.319e-05
0.0185549
0.01503729
-0.00531184
0.00571589
-0.00618284
0.00150892
-0.00909
0.01679238
-0.00243678
-0.00061482
0.00015943
0.00453322
-0.008472
-0.0029705
0.00932792
-0.00256629
-0.00821594
-0.01399375
0.0047916
0.00580629
-0.01244291
0.00850407
0.00826351
-0.00813683
-0.00245729
0.00707674
-0.00278627
0.00274832
-0.00153133
0.00169815
0.01236992
-0.00021019
-0.00896026
0.00374685
-0.01199934
0.01409686
0.0032744
-0.00546869
0.00873074
-0.01999727
-0.01165469
-0.0131466
-0.00704497
