#Average flux [c/s]: 11947.923590797924
#                                   T_start= 0 s
#                                   T_end= 1 s
#                                   CCF campionation= 1e-6 s
#                                   Fit amplitude= 0.1 s
#                                   Variable bin size= 10 ph/bin
0.01321788
0.00047245
-0.00733637
0.00273198
0.00622028
0.01619405
0.00160965
-0.00582806
0.0058449
-0.00885851
0.01298824
0.01501155
0.01274792
0.00819581
0.00669918
-0.00716756
-0.00217277
0.01664198
-0.00151075
0.01093585
-0.00388901
0.01129734
0.02625389
0.02583585
-0.02163915
0.02576291
0.01910494
-0.00148863
-0.00200054
0.0008429
0.03719187
0.00887093
-0.0143948
-0.00598421
-0.00694193
-0.00359369
-0.00178764
0.01938832
0.0106118
0.01594843
0.01796547
0.00406387
0.0176343
0.01111056
0.00048792
4.191e-05
0.01490968
-0.00292245
-0.01290522
-0.0004168
#999
0.0010611
0.01507591
0.02425878
-0.01029221
0.01498726
0.01399664
0.00486122
0.00683792
0.01578093
0.0093586
0.01655321
0.02335355
0.01172051
0.00157198
0.00973415
0.00492959
0.01345256
0.00815036
0.0179349
0.00573014
-0.00699919
0.00395156
0.00241661
-0.00633198
0.00447455
0.01574668
0.01439541
#999
0.00731447
-0.01331199
0.00657645
0.02034722
0.00849493
0.00577569
-0.00402227
-0.00639419
0.01834769
0.00618298
0.00545484
-0.00054229
0.00754334
0.00426668
-0.00846949
-0.00806757
-0.01124192
0.00910907
0.02901281
-0.00197189
0.00386101
