#Average flux [c/s]: 22822.93442856859
#                                   T_start= 0 s
#                                   T_end= 1 s
#                                   CCF campionation= 1e-6 s
#                                   Fit amplitude= 0.1 s
#                                   Variable bin size= 10 ph/bin
0.00711581
0.00094558
0.0039376
0.01280285
#999
0.01146355
0.0115641
0.00118438
0.00535172
0.00776043
0.00304092
#999
0.01603049
0.01322083
-0.00085197
0.00085234
0.00216779
0.01176744
0.00400916
0.0044535
-0.00158497
#999
-0.00273824
0.01128308
0.01191746
0.00759165
-0.00751747
#999
0.00836288
-0.00040255
0.01848091
0.01446351
0.00807267
#999
0.01300509
0.00293617
0.01516394
0.01250365
0.00237037
-0.00157958
0.00661878
0.01026187
-0.00906983
#999
0.00936084
0.0108379
0.00502894
0.00664837
0.00167037
0.01101915
0.00885994
0.00250282
0.00669493
0.00756554
0.00532226
0.00212189
0.00620109
0.00596921
0.01074429
0.00441572
0.00742647
0.01733473
0.00453053
0.00514086
0.00593446
0.00386264
0.00581183
0.00075101
0.00656401
0.00375728
#999
0.00029154
0.00070186
0.00600924
0.01056135
0.00017761
0.00395715
0.00516907
0.00719539
0.00094028
0.0116455
0.0138481
0.00734969
0.00136212
0.00857996
0.00955726
0.01567326
#999
#999
0.01345823
-0.0130638
-0.00369011
#999
0.00468301
0.0066988
0.00133356
0.01524087
0.00729174
0.00709543
0.00195956
