#Average flux [c/s]: 7718.752709442665
#                                   T_start= 0 s
#                                   T_end= 1 s
#                                   CCF campionation= 1e-6 s
#                                   Fit amplitude= 0.1 s
#                                   Variable bin size= 10 ph/bin
0.03223033
0.15158567
0.06353983
0.11271154
-0.0221145
-0.15634309
-0.0442917
-0.1219945
-0.10630385
0.12679517
0.12150354
0.09714491
-0.01515049
0.01550128
0.13049174
0.00503862
-0.11431353
0.03287936
0.12569715
0.01661167
0.11016255
-0.18246963
0.1134794
-0.1105895
-0.02967825
0.06148385
0.15004241
0.01429241
0.12555635
0.07406668
0.3479599
0.06457455
-0.02706882
0.2547073
-0.05707493
-0.01570179
-0.11060198
0.01526447
-0.02352099
-0.11345447
0.10285151
0.07188862
0.19049413
#999
0.20946606
-0.00789391
0.01386735
0.02167102
-0.11904141
-0.05514325
0.0545096
-0.09506531
0.16729306
0.06834681
0.01374209
-0.04087386
0.06058034
-0.00614734
0.02385284
0.04634137
-0.00602155
0.07344309
-0.01862478
-0.15145183
-0.03262806
0.00831126
0.06083435
-0.10143292
0.15848145
0.03786351
0.04216455
0.02237714
0.02260489
0.00978599
0.09904599
0.03355205
-0.01922758
0.15522588
0.0967621
0.00643541
0.12463329
-0.03362848
-0.00498048
0.08558531
-0.09577338
0.11260743
-0.00951705
0.01661571
-0.0045545
0.08325308
-0.10207464
-0.01768931
0.05811333
0.03588898
0.02848984
-0.07239861
0.05841512
0.02036237
-0.15671118
-0.0255193
