#Average flux [c/s]: 24635.436234863704
#                                   T_start= 0 s
#                                   T_end= 1 s
#                                   CCF campionation= 1e-6 s
#                                   Fit amplitude= 0.1 s
#                                   Variable bin size= 10 ph/bin
-0.00186383
-0.00836181
0.00899899
-0.00264672
-0.00797439
0.0101101
-0.00077996
0.01270064
0.00431962
-0.00341415
-0.01411386
-0.00328279
-0.00316108
-0.00318251
-0.0056001
-0.00795209
0.00981813
-0.00643798
#999
-0.00191591
-0.00082804
-0.00150161
0.00621959
0.0042599
0.00606151
0.00498037
-0.00124732
-0.00403057
0.00951909
0.00969834
0.00501521
-0.00129831
-0.01033622
-0.0043944
0.00010267
0.00423698
0.00061537
-0.0047623
-0.01070839
-0.00465234
0.00191652
0.00452964
0.00143766
-5.135e-05
-0.00545629
0.00531487
0.00904787
0.00100574
-0.00137539
-0.00119629
0.00500728
-0.00366648
-0.00558696
0.00530601
0.00074176
0.00410296
0.00149813
0.00050666
-0.00398552
-0.00032755
0.00122668
0.00840554
0.01068654
-0.00183646
0.0105973
0.0034688
0.00461543
0.00125027
0.0070078
0.00139953
-0.0034839
0.0053869
0.00196896
-0.00454493
0.01516416
0.00315106
-0.00582438
-0.00477569
-0.00308164
0.00420464
0.00394672
-0.00763725
0.00676147
-0.00531545
-0.00204992
0.00597438
0.00172284
0.00107881
0.00496947
-0.00218774
0.00540636
-0.00059516
-0.01126695
0.00876415
0.0076291
-0.00945808
-0.00195976
0.00681515
0.00175434
0.00586929
