#Average flux [c/s]: 7718.752709442665
#                                   T_start= 0 s
#                                   T_end= 1 s
#                                   CCF campionation= 1e-6 s
#                                   Fit amplitude= 111 s
#                                   Variable bin size= 10 ph/bin
-0.10899
-0.0011
-0.1065
0.11062
-0.01015
0.02466
0.10532
-0.06067
0.05026
0.10492
-0.05193
0.02391
0.02261
-0.0535
0.00846
-0.11933
0.02543
-0.00261
0.05154
-0.05164
-0.10603
0.06155
-0.10506
0.10587
-0.0012
-0.10672
-0.00057
-0.10904
0.10651
-0.08413
0.00054
0.06316
0.12815
-0.10974
0.05547
-0.10512
0.10591
-0.03792
-0.08481
0.00155
0.00546
-0.06271
-0.08651
0.06383
0.06341
0.00133
0.03723
0.01009
0.0655
0.10195
0.10497
-0.05074
0.01443
0.0816
0.10537
-0.01123
0.05299
-0.09698
-0.09728
-0.10626
0.10589
0.04257
0.11103
0.06417
-0.05203
-0.05074
0.03792
0.00947
0.10576
-0.06663
0.10723
-0.11138
0.03814
-0.06104
-0.00304
0.06409
-0.08216
0.09573
-0.00542
0.05676
-0.14526
-0.0363
0.07292
-0.0653
-0.04799
0.06437
0.05423
-0.08226
0.10542
-0.09013
0.05647
0.05039
-0.00475
0.01759
-0.00296
-0.00248
0.02717
0.12976
0.05673
0.06437
