#Average flux [c/s]: 15875.010837770666
#                                   T_start= 0 s
#                                   T_end= 1 s
#                                   CCF campionation= 1e-6 s
#                                   Fit amplitude= 0.1 s
#                                   Variable bin size= 10 ph/bin
0.02267534
0.01902034
0.01554734
-0.0045871
0.01324312
-0.00826506
0.00841057
#999
0.0003645
0.00626019
0.0118175
0.00293488
0.01998312
0.02534667
0.00182277
0.00593852
0.00322879
0.0122977
0.0102764
0.01681947
0.0091395
0.00672777
-0.00329507
0.01005104
0.00444009
0.01575067
0.01456333
0.01062348
0.01121358
0.01325479
0.01425926
0.00166412
0.0135865
0.01828199
0.01432514
0.0204171
0.01538098
0.02172805
0.00663069
0.01987236
0.01582205
#999
-0.00824798
0.00126699
0.01043393
0.00425956
0.00930745
0.02401247
-0.00314855
0.02646299
0.01784382
0.00924905
0.00840575
0.00583905
0.01577266
0.01029552
0.01692885
0.01237424
0.021201
0.00084565
0.02073109
-0.00654726
-0.00033879
0.008981
0.02142674
0.02197329
0.00787316
#999
0.0227759
0.01481322
0.00563793
0.01160529
0.02141944
0.0071281
0.00788618
0.02858413
0.00855653
-0.00048303
0.01496449
0.00946621
0.00973619
0.00452341
-0.00380493
-0.00478712
0.01268981
0.00162679
-0.00069182
0.00464674
0.01839197
0.00328493
0.01298821
0.0054465
0.01734184
-0.00465927
0.00022715
0.01530046
0.01454745
0.00994704
-0.00242739
0.00508344
