#Average flux [c/s]: 29166.690750601483
#                                   T_start= 0 s
#                                   T_end= 1 s
#                                   CCF campionation= 1e-6 s
#                                   Fit amplitude= 0.1 s
#                                   Variable bin size= 10 ph/bin
-0.00109607
-0.00613311
#999
0.00016314
-0.00129644
0.003387
0.00541904
-0.00412624
0.00674816
-0.00553995
-0.00021646
-0.01176581
0.00036374
-0.00193768
0.00404161
0.00534413
0.00168039
0.00319945
-0.00242515
0.01050086
0.00393696
-0.0074441
0.00538959
0.00557256
0.00026648
0.00539079
-0.00188871
0.00666672
0.00216137
0.0004717
0.00943275
#999
0.00319977
0.00437604
0.00830613
0.0011394
0.00247563
0.00741963
0.00769136
-0.0008039
-0.00737842
0.0027114
-0.00257225
0.00189938
-0.0104223
0.00273813
-0.00358625
-0.00211838
-0.00055981
-0.00022569
-0.0044524
#999
0.00355244
0.00147184
-0.00201776
0.00575908
0.0031635
0.00054152
-0.01751581
0.00439607
-0.0036629
-0.00083475
0.00590606
-0.00259685
0.0022029
-0.00397755
-0.00342055
0.006916
0.00358063
-0.0025553
-0.00035491
0.00350165
0.0016251
-0.0013179
0.00578225
-0.00181099
-0.00030026
-0.00029736
-0.00238631
-0.00089932
-0.00266107
-0.00205186
0.00213055
0.00250689
-0.00067073
0.00511284
-0.00415198
0.00396443
0.00487263
-7.934e-05
0.00580448
0.0030447
0.00480486
0.00562036
-0.00590928
0.00183689
-0.00244277
0.00137997
-0.00474297
0.01158024
