#Average flux [c/s]: 31885.443460044145
#                                   T_start= 0 s
#                                   T_end= 1 s
#                                   CCF campionation= 1e-6 s
#                                   Fit amplitude= 111 s
#                                   Variable bin size= 10 ph/bin
0.00336
0.00637
0.01032
-0.02647
0.00701
-0.00708
-0.00847
0.01084
-0.00689
0.00777
0.0078
0.00761
0.01054
-0.00709
0.01102
0.00648
-0.02714
0.01218
0.00581
0.01218
0.00643
-0.0194
-0.01672
0.04119
0.00593
-0.00647
-0.00837
0.01233
0.01929
0.01868
0.01905
0.01108
0.0031
0.01848
0.01056
0.01684
0.00618
-0.00563
-0.00705
0.00803
-0.02644
-0.02553
0.00686
0.01232
0.01061
0.00609
-0.01953
-0.01699
-0.00583
0.00721
0.00698
-0.02676
0.01534
0.0112
0.01531
-0.01189
0.02986
0.00798
0.00693
0.01959
0.00748
0.01869
-0.03995
0.00657
-0.01898
0.01062
-0.01346
-0.01922
0.02173
0.00772
0.01887
-0.00904
0.00609
0.00342
0.00776
0.0106
0.01965
0.01076
-0.01773
0.00305
0.00715
0.01019
-0.00683
0.00592
0.01076
0.00759
0.01037
0.00328
-0.00898
0.01775
0.01061
-0.01453
0.0066
0.01054
0.00585
-0.00814
0.01181
0.00348
-0.02622
-0.00605
