#Average flux [c/s]: 34302.112535104294
#                                   T_start= 0 s
#                                   T_end= 1 s
#                                   CCF campionation= 1e-6 s
#                                   Fit amplitude= 0.1 s
#                                   Variable bin size= 10 ph/bin
-0.0014556
0.00075255
-0.00455103
0.00215516
0.00261858
#999
0.00308163
-0.00018687
0.00491453
#999
0.00295973
-0.00907513
-0.00036445
-0.00041742
#999
#999
#999
-0.00442561
0.0005656
-0.00404793
0.00179787
-0.00718237
-0.00022803
-0.00291382
0.00261549
#999
-0.00223102
0.0100447
8.957e-05
-0.0035276
0.00335135
-0.00485504
0.00801121
0.00570872
-0.00415804
-0.00091041
-0.00620208
0.00155811
-0.0011275
#999
-0.00383801
-0.00265379
0.00397177
-0.00279715
0.00078922
-0.00188673
0.0027921
-0.00138736
0.00391269
-0.00223184
0.00015615
-0.00109293
0.00922859
-0.00379591
0.00061313
0.00040848
0.00419556
0.00314875
0.00407361
0.00601224
-0.00078564
0.00040443
#999
#999
-0.00492315
0.00507408
-0.00050813
0.00392799
#999
-0.00407391
0.00774126
-0.0006407
#999
0.00145599
0.00305053
-0.00069262
-0.00314629
-0.00161412
0.00591826
-0.00360934
-0.00494394
-0.00420772
-0.00939718
0.0010853
-0.0044388
0.00181284
-0.00301194
#999
-0.00445981
-0.00066426
-0.00837041
#999
0.00061679
-0.00334236
-0.00413521
0.01015626
0.0045005
-0.00492237
0.00287669
0.00268109
