#Average flux [c/s]: 16781.261740918224
#                                   T_start= 0 s
#                                   T_end= 1 s
#                                   CCF campionation= 1e-6 s
#                                   Fit amplitude= 0.1 s
#                                   Variable bin size= 10 ph/bin
-0.00531258
-0.00030566
0.01207288
#999
0.01010531
0.0015366
0.00613962
-0.00898662
0.00567435
-0.02012177
0.00336489
-0.01136732
-0.00124844
-0.0002724
-0.00667726
-0.00306977
0.0050596
-0.01066524
-0.00012761
0.00341473
0.00767079
-0.00280515
-0.01263619
-0.00279489
0.00368331
-0.008171
0.01248672
0.01212688
0.00063741
-0.01194655
0.01190339
-0.01457429
0.00373668
0.00247948
0.00025735
0.00234052
-0.00312563
-0.00311404
-0.00216965
0.00341334
-0.00854523
0.00331724
-0.00150174
0.00707342
#999
0.0011188
0.00207893
-0.00113863
0.00040008
-0.00602192
-0.00121112
0.0010238
0.0015378
-0.00316707
0.00592207
0.01174173
-0.00637471
0.00242231
0.01066246
-0.02075299
0.00719912
-0.00044637
#999
0.00613965
-0.00377732
-0.00564025
0.00411748
0.01060315
0.0026114
-0.00903304
-0.00877044
-0.01193001
0.00290982
0.00864233
0.00940179
-0.00543873
-0.00883962
0.00183997
-0.0003474
0.00086588
0.00388356
0.00538663
-0.00949818
0.00675208
0.0031449
0.00287276
0.00109266
-0.00094846
-0.00051183
-0.00691081
0.00144824
0.01154287
0.00075772
0.00387694
0.00468911
-0.01824447
#999
-0.01289888
-0.00706736
9.752e-05
