#Average flux [c/s]: 5604.167268765038
#                                   T_start= 0 s
#                                   T_end= 1 s
#                                   CCF campionation= 1e-6 s
#                                   Fit amplitude= 0.1 s
#                                   Variable bin size= 10 ph/bin
8.168e-05
0.05422055
0.00032576
0.04801209
0.00094587
-0.05547764
-0.00070863
-0.01086783
0.00297457
-0.08471166
0.00132298
-0.00024831
0.23582812
-0.00031033
0.02111772
0.40437104
0.04104306
0.03138391
0.00205547
2.333e-05
0.00054648
0.00094087
-0.00141022
8.942e-05
-0.02242995
-0.08703839
-0.00014745
0.05099633
0.01881988
-0.00016161
-0.00020824
-0.01993776
0.07305229
-0.03392391
0.00010193
-0.00027859
5.35e-05
0.07540424
-0.00024472
-0.03412433
#999
0.00041955
-0.09104428
1.402e-05
0.05328096
0.04703695
0.00062952
0.42656689
-0.04779755
0.00105423
0.00080508
8.34e-05
-0.035644
0.00216754
0.00335045
0.00547877
-0.03764843
0.08074396
0.00079286
0.0004646
#999
0.00023491
0.04015663
0.03108072
-0.00587504
-0.00016074
0.03814579
0.00046185
0.09629974
-0.04343213
0.00017563
-0.03790001
-0.03471
-0.00033
-0.00788231
0.5365935
-0.00746825
-0.03413674
-0.03652348
-0.04898339
0.00022344
-0.05852537
0.10631674
-0.05874583
0.03982538
-0.00416296
-0.09699063
-0.10250405
0.00050398
-2.18815854
0.07306757
-0.01883602
-0.04113294
0.00119224
0.00052985
0.0424996
-0.01204526
-0.00101804
0.04584319
#999
