#Average flux [c/s]: 34906.279803869336
#                                   T_start= 0 s
#                                   T_end= 1 s
#                                   CCF campionation= 1e-6 s
#                                   Fit amplitude= 0.1 s
#                                   Variable bin size= 10 ph/bin
-0.00478995
#999
-0.00139867
-0.00365233
#999
0.00756381
-0.00197943
-0.0014756
-0.00437638
-0.00440782
-0.00191928
0.01695654
-0.0058503
-0.00376628
#999
0.00700553
-0.0059247
0.00313958
-0.00207646
0.00105265
-0.00105064
-0.00483867
-0.00301083
-0.00353772
-0.00533167
-0.00277442
0.0119619
-0.00688552
0.00184698
-0.0046536
-0.00663854
-0.00320175
0.00686671
0.0036555
-0.00754334
-0.00291709
0.00675816
-0.01064547
-0.00342279
-0.00327189
0.00188539
-0.00102587
-0.00133065
0.00569669
0.00045103
0.00105865
#999
0.00268519
0.00203155
-0.00092046
0.00119386
-0.00110395
-0.00454804
-0.00552104
-0.001152
-0.00060948
0.00339201
0.00219605
0.00149878
0.00310962
0.00216486
0.00167669
-0.00267061
-0.00084713
0.00410791
-0.00094057
0.0032436
-0.00504117
0.00596978
-0.01276236
0.0009668
-0.00287935
0.0025327
-0.00050815
#999
0.0008415
0.00038213
-0.00306489
-0.00477116
0.00266885
-0.00165557
-0.00265248
0.002266
0.01159913
-0.00306517
0.00069951
0.00103591
0.00591849
-0.00347094
-0.00457509
0.00319591
0.00340387
0.00247704
-0.0028166
0.00348449
-0.00418435
0.0018323
0.00338808
-0.00476984
-0.0035543
