#Average flux [c/s]: 32489.610728809177
#                                   T_start= 0 s
#                                   T_end= 1 s
#                                   CCF campionation= 1e-6 s
#                                   Fit amplitude= 111 s
#                                   Variable bin size= 10 ph/bin
0.01109
-0.01077
-0.02787
0.00557
-0.01086
0.02542
-0.01427
0.0017
0.01634
-0.02118
0.01637
0.00848
0.01671
-0.0081
0.01395
0.00537
-0.01695
0.01326
-0.00073
-0.01078
0.03274
-0.01714
0.00796
-0.01082
-0.00103
0.01538
-0.01099
0.00147
0.01651
-0.01693
-0.00101
-0.0073
0.01988
0.01322
0.01639
0.01302
0.01549
-0.01522
-0.00801
0.01103
0.01332
-0.0004
0.01322
0.00468
-0.04062
-0.00084
0.01264
-0.00135
0.01316
0.01492
-0.0107
-0.00413
0.01361
-0.00076
0.01686
0.01577
0.01078
-0.0004
-0.00075
0.01535
-0.00713
-0.00087
-0.01068
0.01121
0.01337
0.02812
-0.00091
0.01323
0.01489
0.01305
-0.01567
-0.02419
0.01562
0.05901
-0.00374
0.00767
0.01544
0.0107
-0.01719
-0.00777
-0.00639
0.00716
0.0202
0.011
0.01338
0.01181
-0.02189
-0.01669
0.00722
0.00857
-0.00806
-0.01147
-0.00098
-0.00453
0.0017
0.04371
0.01756
0.01992
0.00522
0.02788
