#Average flux [c/s]: 23729.185331716148
#                                   T_start= 0 s
#                                   T_end= 1 s
#                                   CCF campionation= 1e-6 s
#                                   Fit amplitude= 111 s
#                                   Variable bin size= 10 ph/bin
0.001517
-0.023369
0.019196
-0.002065
0.018751
-0.021051
0.013764
-0.025809
-0.014824
-0.030054
-0.016371
-0.002178
-0.034229
-0.020187
-0.007508
-0.032507
0.021903
0.012154
-0.036256
-0.053155
-0.001203
-0.036317
-0.014891
-0.015912
0.020677
-0.001938
-0.000305
-0.020609
-0.022517
-0.003973
-0.000703
-0.031194
-0.022672
-0.001991
-0.002111
0.004614
-0.030497
-0.015013
0.013047
0.022308
-0.020105
-0.013485
0.016271
-0.047849
-0.009581
0.004334
0.004884
-0.033681
-0.022555
-0.035816
-0.006551
-0.036659
-0.001939
-0.001811
0.000411
-0.038886
-0.002126
-0.015095
-0.01307
-0.034
-0.008968
0.021046
-0.014844
-0.020119
-0.032565
0.003614
0.004179
-0.021564
0.023211
0.017499
0.013489
-0.056083
-0.031953
-0.038025
0.016621
-0.017677
-0.020405
0.020582
0.020881
0.01162
-0.003676
0.023312
0.012671
-0.026485
-0.018264
-0.026682
-0.026529
0.003699
-0.001911
-0.034369
0.002152
-0.024116
-0.009276
-0.020518
-0.017484
-0.02842
-0.014708
0.015313
-0.006735
-0.003321
