#Average flux [c/s]: 29770.85801936652
#                                   T_start= 0 s
#                                   T_end= 1 s
#                                   CCF campionation= 1e-6 s
#                                   Fit amplitude= 111 s
#                                   Variable bin size= 10 ph/bin
0.033911
-0.000615
0.003582
-0.001972
0.003705
0.003485
0.037752
-0.000322
0.03744
0.037459
0.025996
0.004827
-8.6e-05
0.037431
0.033847
-0.015632
-0.000998
-0.011642
0.003475
-0.000778
0.004812
0.009045
0.011215
-0.020018
0.017153
-0.015989
0.034636
0.037422
0.022896
0.004704
0.02726
0.051473
-0.016059
0.003639
-0.019043
0.003107
0.008628
-0.00084
-0.000638
0.021781
0.017666
-0.011223
0.009984
-0.043446
0.003517
0.037578
-0.008144
-0.013782
0.003637
-0.033345
0.003219
-0.00704
0.011521
0.003841
0.003422
-0.021199
0.003607
-0.000373
0.011405
0.003532
0.025746
0.034853
0.008791
0.011748
0.032581
-0.00094
0.02581
-0.015894
0.033996
0.037431
-0.033018
-0.021503
0.037097
-0.003701
0.017374
-0.029012
-0.001209
0.011612
0.026902
0.01167
-0.000582
-0.000731
-0.011472
0.009087
0.003543
0.003243
-0.006891
0.021782
0.008145
0.05155
-0.015863
0.037152
0.021009
0.00993
-0.011108
0.017263
-0.003457
-0.000778
0.034516
-0.000547
