#Average flux [c/s]: 10437.505418885334
#                                   T_start= 0 s
#                                   T_end= 1 s
#                                   CCF campionation= 1e-6 s
#                                   Fit amplitude= 111 s
#                                   Variable bin size= 10 ph/bin
9.8e-05
0.000284
9.8e-05
6e-05
-4.2e-05
0.000134
-0.000197
0.000134
8.4e-05
-1.3e-05
7.6e-05
6.3e-05
0.000104
6.6e-05
-0.000201
-0.000206
-1.2e-05
9e-06
-0.000258
-9.2e-05
3.2e-05
-0.00017
0.000146
-2e-05
-0.000123
6.8e-05
-9.7e-05
-0.000193
-0.000388
-7.2e-05
-0.000337
0.000105
-4.5e-05
-3e-05
-0.00011
-3.5e-05
0.000218
-0.000185
-0.000123
-0.000106
0.000145
-0.000268
-9e-06
-3.6e-05
0.000198
-0.0001
-7.3e-05
-5.8e-05
-6.9e-05
-5.2e-05
0.000307
0.000136
-0.000123
0.000314
-7.3e-05
-3.9e-05
2.8e-05
-3.3e-05
0.000148
2.4e-05
5e-06
-4e-05
0.000253
-9e-06
-8e-06
0.000115
0.00034
0.00025
-0.000254
5e-06
-1.5e-05
-3.3e-05
-0.000208
8.5e-05
-0.000145
0.000163
-0.000148
-0.000175
4e-05
-0.000261
-6.1e-05
1.2e-05
-0.000427
0.000235
0.000109
0.000115
-0.000156
-0.000116
-0.000272
0.000227
-0.000102
-0.000119
0.000293
-0.00019
-0.000111
0.000217
-9.2e-05
7e-06
-4.2e-05
-0.000221
