#Average flux [c/s]: 33395.86163195674
#                                   T_start= 0 s
#                                   T_end= 1 s
#                                   CCF campionation= 1e-6 s
#                                   Fit amplitude= 0.1 s
#                                   Variable bin size= 10 ph/bin
#999
-0.00240722
-0.00965033
0.00466506
-0.00057241
-0.00014156
0.00837632
-0.00473918
-0.0067339
0.00652877
0.00152711
-0.00596212
-0.00125589
0.00244113
0.00176683
#999
0.00237908
-0.00192562
0.00133552
0.00505056
0.00515556
0.00194107
0.00768041
#999
-0.00481736
-0.00160556
0.00469423
0.00220419
0.00318389
-0.00395159
0.00056464
-0.00295564
-0.00024745
-0.00237322
0.00137877
9.373e-05
-0.00775194
-0.00175907
-0.002003
-0.00867178
-0.01119161
-7.377e-05
-0.00134508
0.00201297
-0.0039003
-0.00364138
0.00185296
0.00030183
-0.00075862
-0.00072439
0.00174832
0.00147372
-0.00055983
-0.00273932
0.0008147
0.00338645
-0.00671933
-0.00304507
-0.00044148
0.00634228
-0.00418066
-0.00043855
-0.00360959
0.00757663
0.00448513
-0.00098786
-0.001378
0.00140019
0.00868706
0.005125
-0.00664349
0.00166056
0.00452304
0.00056866
#999
0.0002988
-0.00483737
-0.00088611
-0.00267244
0.00101898
-0.00704004
0.00424925
0.00060786
-0.00038143
-0.00316121
0.00017224
0.00260782
-0.00695879
0.01103895
-0.00472874
0.00582254
-0.00628517
0.00243073
0.00443299
0.0017033
-0.00145646
-0.00396536
0.00618836
0.00159096
-0.00104886
