#Average flux [c/s]: 8927.08724697274
#                                   T_start= 0 s
#                                   T_end= 1 s
#                                   CCF campionation= 1e-6 s
#                                   Fit amplitude= 0.1 s
#                                   Variable bin size= 10 ph/bin
-0.00016125
-0.02023162
-0.01163186
0.00432165
-0.00035567
-3.439e-05
0.00019916
-7.421e-05
-0.01255614
-0.08075843
0.02148402
0.01994272
0.07492209
0.01271877
3.925e-05
-0.00050104
-0.07782488
-0.00710509
0.00068209
0.0038817
-0.00056186
-0.0620002
-0.00602665
-0.00543692
-0.00967558
-0.00876897
-0.00478364
-0.02443565
-0.00195485
0.01160695
-0.02538263
0.01257017
-0.01159336
-0.01158721
-0.00298219
-0.00136788
-0.00027018
-0.00478429
0.02112721
-0.07808524
-0.00091775
0.00304485
0.01243189
-0.00011701
-0.01265448
-2.799e-05
-0.02573171
-0.0189615
0.00073171
-0.01572615
-0.02650631
-0.00407324
0.00544324
-0.00125595
-0.00866846
6.832e-05
-0.01285443
-0.01282037
-0.00525284
-1.485e-05
-0.000701
-0.02160987
-0.00769196
0.00453813
-0.00020744
0.0099401
0.00017267
-6.332e-05
-0.00161655
0.00031981
0.01393385
0.00445261
-0.00014928
0.00550141
0.01871953
0.0315495
-0.00310153
-0.01088409
-0.00014662
-7.705e-05
-0.0748623
0.0001911
9.034e-05
-0.00317137
-0.00319879
-0.00153945
-0.01151797
-0.02376091
0.00564677
0.07222126
-0.0005786
0.00428603
0.02374446
-0.00500764
0.0119124
-0.01005611
-1.964e-05
-0.00074178
-0.02365716
0.00632308
