#Average flux [c/s]: 5302.083634382518
#                                   T_start= 0 s
#                                   T_end= 1 s
#                                   CCF campionation= 1e-6 s
#                                   Fit amplitude= 111 s
#                                   Variable bin size= 10 ph/bin
-0.21089
0.18394
0.1151
-0.02593
-0.20915
0.37549
-0.1093
-0.33318
0.32049
0.21231
-0.35772
0.17252
-0.26183
0.19768
-0.06906
-0.28817
-0.00825
-0.4892
-0.35997
-0.43825
0.30549
0.30731
0.19277
-0.10441
-0.20912
-0.21093
-0.07563
0.1946
0.00479
-0.35705
0.11571
0.22998
-0.20907
-0.0846
0.1859
0.32216
0.41606
0.44908
-0.4318
-0.48701
0.20812
-0.42273
0.18504
0.20467
-0.43073
0.30633
-0.18541
0.1548
0.24031
-0.02474
0.13494
-0.35722
-0.00935
-0.30994
-0.00658
-0.10567
0.00275
0.11296
0.45373
-0.09024
-0.15982
0.20155
-0.00519
-0.00421
0.32803
0.11398
-0.31122
-0.35766
0.11303
0.25835
-0.21233
-0.21993
0.32383
-0.00405
-0.40895
-0.00981
-0.01139
-0.00269
0.00188
-0.07916
0.20469
-0.3563
0.11248
-0.0284
-0.2689
0.38899
0.18007
-0.02945
-0.00595
0.2599
-0.08109
-0.08606
-0.00416
-0.17697
-0.41145
0.46309
0.23035
-0.2859
0.05511
0.0553
