#Average flux [c/s]: 30072.941653749036
#                                   T_start= 0 s
#                                   T_end= 1 s
#                                   CCF campionation= 1e-6 s
#                                   Fit amplitude= 0.1 s
#                                   Variable bin size= 10 ph/bin
0.00378169
-0.0030158
0.00305121
0.00111482
0.00054462
-8.469e-05
-0.00277495
#999
0.00792734
0.00457679
-0.00259677
-0.00511369
0.00117218
-0.00129666
0.00898302
#999
0.00172301
0.00386589
-0.00063338
-0.00281944
#999
0.00831561
0.0027905
0.00169155
0.00429339
0.0030624
#999
0.00310774
-0.0033978
0.00351285
0.00518899
-0.00089154
0.0073642
0.00320929
-0.00172691
-0.0068295
0.00164907
-0.00112156
0.00792644
-0.00205339
#999
-0.0046822
0.00034341
0.00355624
0.00259652
0.00094585
-0.00954589
0.00230308
-0.00293191
0.00846128
-0.00845021
-0.00336055
0.00292524
-0.00532392
0.00026242
-0.00705815
-0.00276225
0.00280081
0.00166612
0.00395229
0.00159914
0.00390328
-0.00167898
0.00846969
-0.00302156
-0.01032284
0.00190481
0.00641871
0.00352129
0.01360762
-0.01391145
-0.00516958
-0.0002543
-0.00502918
-0.00968923
0.00168059
-0.00658667
0.0116805
-0.0005669
-0.00402557
-0.00250434
0.00754573
-0.00393377
-0.00370717
0.00110969
0.00468091
0.00245361
-0.00195623
0.00151028
-0.00177187
-0.00091569
0.00389931
0.00405515
-0.0099997
0.00287986
0.00124268
0.00232784
-0.00010919
#999
0.00404389
