#Average flux [c/s]: 13458.34176271052
#                                   T_start= 0 s
#                                   T_end= 1 s
#                                   CCF campionation= 1e-6 s
#                                   Fit amplitude= 111 s
#                                   Variable bin size= 10 ph/bin
0.000199
-0.000114
0.000141
-9.2e-05
0.000123
-0.000234
0.0
8.4e-05
-0.000123
-0.000199
-2e-05
6.9e-05
-0.000214
-9.3e-05
2.8e-05
0.000184
0.000144
-0.000165
1e-05
4.9e-05
-0.000215
0.000116
-8.9e-05
-5.8e-05
-3e-05
0.000282
-5.6e-05
-9.2e-05
0.00016
-3.8e-05
-5.1e-05
7.6e-05
-3.2e-05
0.000213
-0.000104
-0.000287
0.000103
1.8e-05
-1e-06
1.5e-05
4.5e-05
0.00017
-4.1e-05
-3.2e-05
0.000109
0.000151
5e-05
-7.2e-05
5.5e-05
6.5e-05
7.7e-05
-0.000204
3e-05
8e-05
1.6e-05
0.000118
-9.1e-05
9.1e-05
-4e-06
0.000178
-3.9e-05
3.2e-05
0.000242
0.000116
7.2e-05
7.8e-05
-1.7e-05
6.6e-05
-4e-05
-0.000246
4.6e-05
-0.00016
9.7e-05
8.1e-05
0.000275
4.5e-05
6.1e-05
2e-05
9.7e-05
-0.000331
-8e-06
-0.000223
0.000221
4.1e-05
-2.1e-05
3.3e-05
-2e-05
-0.000101
1.5e-05
0.000236
-6.4e-05
-0.000166
0.000104
0.000262
0.000116
0.000132
7.7e-05
-2.3e-05
0.000109
-0.0001
