#Average flux [c/s]: 17687.512644065777
#                                   T_start= 0 s
#                                   T_end= 1 s
#                                   CCF campionation= 1e-6 s
#                                   Fit amplitude= 111 s
#                                   Variable bin size= 10 ph/bin
-8e-05
0.00012
-8e-05
3e-05
-5e-05
-3e-05
7e-05
-7e-05
0.0001
-3e-05
-4e-05
-1e-05
0.0001
-4e-05
6e-05
7e-05
-9e-05
0.00011
5e-05
5e-05
2e-05
0.00018
5e-05
7e-05
-6e-05
9e-05
-3e-05
8e-05
1e-05
0.0
0.0
-4e-05
-7e-05
4e-05
4e-05
-3e-05
8e-05
-0.00012
0.00019
2e-05
-2e-05
-4e-05
0.0001
-7e-05
-7e-05
-4e-05
1e-05
-5e-05
0.00013
-0.00012
-8e-05
6e-05
0.0001
7e-05
-9e-05
-8e-05
5e-05
7e-05
2e-05
7e-05
4e-05
0.0
1e-05
-0.0001
8e-05
4e-05
-0.00011
0.00013
-2e-05
-2e-05
2e-05
0.0
4e-05
0.00014
-8e-05
4e-05
2e-05
3e-05
-1e-05
0.0
5e-05
-3e-05
3e-05
-1e-05
9e-05
-3e-05
2e-05
-3e-05
-0.00011
-7e-05
6e-05
5e-05
6e-05
1e-05
0.0
5e-05
-8e-05
-7e-05
5e-05
-1e-05
