#Average flux [c/s]: 25239.60350362874
#                                   T_start= 0 s
#                                   T_end= 1 s
#                                   CCF campionation= 1e-6 s
#                                   Fit amplitude= 111 s
#                                   Variable bin size= 10 ph/bin
-0.003179
0.005339
-0.026082
0.007146
-0.002604
0.025026
0.010932
-0.013993
0.011328
-0.002668
0.002932
0.025876
-0.025943
0.003149
-0.002936
-0.007142
-0.008229
-0.035967
-0.00288
0.005508
0.011159
-0.0239
-0.014027
-0.006552
-0.047053
-0.011903
-0.022052
-0.026245
0.000483
-0.051148
0.001454
-0.027689
-0.025032
-0.002765
-0.02252
-0.011807
0.02951
-0.022303
0.001278
-0.005594
-0.002985
-0.026742
-0.006934
-0.01466
0.001843
-0.034712
-0.022256
-0.023959
-0.020074
-0.00232
-0.036102
-0.02256
0.001381
-0.055298
-0.026343
-0.046748
0.01182
0.006287
0.01468
-0.040711
-0.021843
0.007817
-0.003094
0.025348
-0.002913
0.009516
-0.026038
0.001104
-0.008669
0.011321
-0.023142
-0.020779
0.020303
-0.027572
-0.002765
-0.026433
-0.025749
-0.021384
-0.02243
0.010194
0.007139
-0.003655
-0.022562
-0.041379
-0.010192
-0.022404
0.005535
-0.025913
0.005651
0.02052
-0.022365
-0.002579
-0.000631
0.008201
-0.022027
-0.010325
-0.026059
-0.02127
0.006072
0.011884
