#Average flux [c/s]: 25541.687138011257
#                                   T_start= 0 s
#                                   T_end= 1 s
#                                   CCF campionation= 1e-6 s
#                                   Fit amplitude= 111 s
#                                   Variable bin size= 10 ph/bin
-0.006862
0.009006
-0.010953
0.006098
0.00882
-0.007401
-0.000296
-0.05621
-0.011444
-0.014963
0.012247
-0.032503
-0.020658
-0.00496
-0.019633
-0.011923
-0.006132
-0.012301
-0.012128
0.011333
-0.032804
-0.005479
-0.000489
-0.008778
-0.065959
-0.01252
-0.008152
-0.026771
0.027778
0.023894
-0.007604
-0.019265
-0.000589
0.009793
-0.01253
-0.023728
-0.007241
-0.01187
0.009232
-0.038889
-0.011077
-0.011966
-0.019522
-0.007733
-0.024279
-0.0115
-0.034898
-0.000913
0.011128
0.002344
-0.010991
-0.024383
-0.024808
-0.025879
-0.011115
-0.011499
-0.022221
-0.03479
0.009638
-0.0117
-0.010866
-0.01156
-0.000281
-0.000297
-0.012092
0.000732
-0.037965
-0.004883
-0.011031
-0.011214
-0.01256
0.011181
0.012614
-0.011592
-0.011725
-0.000621
-0.025526
-0.038996
-0.03053
-0.011386
-0.005562
-0.026461
-0.018763
-0.011853
-0.009177
0.042531
-0.011472
-0.010659
-0.034986
0.002392
-0.011004
-0.009558
0.023588
-0.000188
0.012145
-0.000736
-0.035128
-0.004325
-0.012425
-0.032776
