#Average flux [c/s]: 18895.84718159585
#                                   T_start= 0 s
#                                   T_end= 1 s
#                                   CCF campionation= 1e-6 s
#                                   Fit amplitude= 0.1 s
#                                   Variable bin size= 10 ph/bin
-0.0004177
-0.00481031
-0.00888943
-0.00176772
0.01160922
0.0016741
-0.00486254
-0.00334411
-0.00588655
-0.00455196
0.01425576
0.01051027
-0.00162578
-0.00091847
-0.00509477
-0.0020079
0.00798306
-0.00255359
-0.01344502
-0.0098217
0.00039175
0.00579099
-0.01057797
-0.00096933
0.0111357
-0.00090647
0.00292944
-0.00150402
-0.00040584
-0.01511411
-0.00109608
0.00061771
-0.01559357
0.00715834
0.00687011
-0.00754171
-0.00020298
0.00591694
0.00331393
0.01252058
5.203e-05
0.00568992
-0.00264921
0.0008428
-0.01110639
-0.00246128
-0.01206621
0.00312198
-0.00356674
-0.00213636
-0.00069693
-0.01378103
0.00493826
-0.00704268
0.00642368
-0.0054872
-0.00693257
0.00218933
-0.00154341
-0.00317708
0.01125579
0.00755864
-0.00322686
0.00282265
0.00292499
0.00869758
-0.00571987
0.00247276
0.00113529
-0.00334669
0.00351521
0.00919923
0.00113125
0.01136202
-0.00031587
-0.00140885
-0.00354645
0.00046192
0.00072807
-0.01046203
-0.00204203
0.02012099
0.00456575
-0.00460688
0.00875082
0.00622505
0.01089613
0.00885065
-0.00329361
-0.00720992
0.00084029
0.00507899
-0.00064482
0.0083486
0.0092962
-0.00802255
0.00085224
0.00671811
-0.00352103
0.00016497
