#Average flux [c/s]: 25843.770772393775
#                                   T_start= 0 s
#                                   T_end= 1 s
#                                   CCF campionation= 1e-6 s
#                                   Fit amplitude= 111 s
#                                   Variable bin size= 10 ph/bin
-0.001882
-0.022491
-0.055477
-0.02711
-0.004341
0.013204
-0.027235
-0.027094
-0.026803
-0.009666
0.018214
-0.01618
-0.01676
-0.037112
0.013858
-0.032937
-0.0271
-0.017008
-0.017044
-0.004784
0.004936
-0.001911
-0.016797
-0.032342
-0.001586
-0.012457
0.018118
0.018665
-0.026793
-0.034423
-0.001509
-0.017007
-0.033382
-0.002365
0.017259
-0.027027
0.008226
0.016367
-0.055617
-0.020747
0.013686
-0.027656
-0.039161
-0.027175
-0.006297
-0.047246
-0.002715
-0.017115
-0.027089
-0.034119
0.018283
-0.022272
-0.006354
-0.027105
-0.005761
0.001754
-0.033245
-0.032808
-0.01046
-0.015905
0.017742
-0.017075
0.012697
-0.002225
-0.017176
-0.002512
0.016493
-0.012872
-0.039094
-0.018944
-0.019927
-0.004758
-0.002676
-0.026791
-0.027186
-0.012661
-0.026538
-0.006111
-0.037833
-0.027373
0.013767
-0.038977
-0.010473
0.018464
-0.022017
-0.001968
-0.032912
0.004564
-0.001938
-0.007094
-0.00241
-0.002027
0.016343
-0.036338
-0.023585
-0.034375
-0.005128
-0.00223
-0.013158
-0.027183
