#Average flux [c/s]: 8322.919978207705
#                                   T_start= 0 s
#                                   T_end= 1 s
#                                   CCF campionation= 1e-6 s
#                                   Fit amplitude= 0.1 s
#                                   Variable bin size= 10 ph/bin
-0.01233205
-9.279e-05
0.0006919
-0.01070717
0.00917345
1.987e-05
0.0174639
0.00332001
-0.01330304
-0.01343936
0.00872822
0.00648163
0.00099617
-0.00229781
0.00955739
-0.00150132
-0.0127113
0.00664984
0.00251637
8.154e-05
0.00021039
0.00649815
0.00030955
0.0114178
-0.00926445
-0.00011227
0.00740576
0.01154856
-0.00933079
0.00779784
0.00120391
-0.00336618
-0.00634509
0.00541613
0.00477049
0.01666657
-0.00230218
0.00166127
-0.0013298
0.00348116
-0.00087104
-0.00422327
0.00252681
0.01381204
-0.00515997
-0.0048743
-0.00444668
-0.01393539
-0.0005426
-0.01626695
0.00411307
0.00149934
-0.00166716
-0.00247857
-0.00747344
-0.00242506
-0.00984642
-0.01002927
-0.01504711
0.00557355
-0.01071374
0.00699083
-0.00465662
-0.00037501
-0.00169551
-0.01418726
0.00480013
-0.00960034
-0.00934912
-0.00703004
-0.01654201
0.00414744
0.00147792
-0.01074308
0.01202666
0.00339005
-0.01274598
0.00681864
0.00035124
0.00692361
-0.00379206
-0.00792117
-0.00210356
-0.00076098
0.0008365
0.00643115
-0.00108835
0.00859264
2.315e-05
-0.01625856
0.00183678
0.00349979
-0.01064065
0.00081346
0.00562577
-0.00679358
-0.00855426
-0.00097643
2.989e-05
-0.02811568
