#Average flux [c/s]: 15270.843569005627
#                                   T_start= 0 s
#                                   T_end= 1 s
#                                   CCF campionation= 1e-6 s
#                                   Fit amplitude= 111 s
#                                   Variable bin size= 10 ph/bin
-5.2e-05
-1.8e-05
8e-06
-0.000133
8e-06
5.6e-05
-0.000133
-1.7e-05
0.000186
6.9e-05
-0.000117
8.5e-05
-7.3e-05
0.000126
-1.9e-05
-1.7e-05
-2.3e-05
-0.000113
2.7e-05
2.2e-05
0.000196
-6.7e-05
-4.9e-05
-0.000149
1.6e-05
-8.8e-05
6.4e-05
-9.2e-05
7e-06
-0.000126
-1.2e-05
-3.9e-05
-6.7e-05
4.2e-05
-4.6e-05
-0.000108
4.5e-05
4.5e-05
5e-06
-3.3e-05
0.000271
1e-06
-1.5e-05
0.000116
-0.000115
-5.5e-05
1.3e-05
0.000103
4e-06
2e-06
-1.1e-05
3e-05
-4.9e-05
8.4e-05
4.5e-05
0.000243
3.6e-05
-4.4e-05
-7.1e-05
-0.000121
-2.5e-05
2.3e-05
3.8e-05
-7.2e-05
0.000135
4.3e-05
-7.2e-05
-0.000128
0.000175
1.7e-05
4.5e-05
-7.7e-05
3.1e-05
-7.9e-05
-2e-06
-5.9e-05
1.6e-05
-1e-05
-4e-06
0.000129
-2.9e-05
-5.3e-05
3.7e-05
-6e-05
5.3e-05
6.2e-05
-6.6e-05
0.000156
1.1e-05
0.000139
-5.7e-05
-2.6e-05
5.8e-05
-5.4e-05
-3e-06
1e-05
-1.1e-05
-0.000131
-8.9e-05
3.7e-05
