#Average flux [c/s]: 31583.35982566163
#                                   T_start= 0 s
#                                   T_end= 1 s
#                                   CCF campionation= 1e-6 s
#                                   Fit amplitude= 0.1 s
#                                   Variable bin size= 10 ph/bin
-0.00279878
0.00065283
0.00466277
0.00169032
0.00725158
0.00346495
-0.00124702
#999
0.0007712
-0.00403048
0.00043505
0.00037635
-0.00321688
-0.00252305
-0.00252219
-0.0029079
0.00140466
-0.00013204
-0.0102585
#999
-0.00682467
0.00740074
-0.00132462
0.00536084
0.00935854
0.00207813
-0.00583035
0.00175542
-0.00156384
-0.00632795
0.00345734
-0.00561297
-0.00213117
-0.00323959
0.00432101
0.00447947
-0.00257201
-0.00437716
-0.00087335
-0.00507123
-0.00043609
-0.00218952
#999
#999
0.00706889
0.004702
0.00184742
-0.00057875
0.00265612
0.00753275
#999
2.885e-05
0.00058693
0.00278726
0.00197146
0.00712825
-0.00709265
0.00251551
-0.00406924
-0.00050716
-0.00666497
-0.00040051
0.01085274
0.0046626
-0.00064276
0.00601206
-0.00056346
0.00881533
0.00699509
-0.00178179
#999
-0.00384956
0.00847097
#999
-0.0096957
-0.00018117
-0.00078558
0.00014106
-0.00366003
0.00497875
0.00775928
-0.00184186
0.0059492
0.0083314
-0.00187104
-0.00426009
-0.00343308
0.0053244
0.00749789
0.00123397
-0.00335279
-0.00109145
0.00121395
0.00028738
0.00442945
0.0034025
0.00158757
0.00370261
0.00059184
-0.00546173
