#Average flux [c/s]: 5604.167268765038
#                                   T_start= 0 s
#                                   T_end= 1 s
#                                   CCF campionation= 1e-6 s
#                                   Fit amplitude= 111 s
#                                   Variable bin size= 10 ph/bin
0.326588
0.009685
-0.048412
0.268277
0.321868
0.154376
0.054892
-0.214244
-0.046173
-0.020997
0.145607
-0.410866
0.051907
0.095924
0.306127
0.475233
0.155642
0.00987
0.152688
-0.319253
0.030148
-0.498216
0.310797
0.40914
-0.028213
-0.021638
0.3077
0.203575
0.201319
-0.303152
-0.056061
0.121291
-0.051936
0.062334
-0.241625
0.318269
0.160983
0.433199
0.493385
-0.088162
0.046826
0.201952
-0.038716
-0.260842
-0.305692
0.252433
-0.127642
0.165487
0.029634
-0.372316
0.155748
-0.047045
0.117156
0.127032
0.202218
-0.078456
-0.060731
-0.025886
0.063996
0.283381
-0.170936
0.323776
0.476238
-0.074687
0.320595
-0.063781
-0.158329
0.06364
0.320162
0.055823
0.356302
0.145768
-0.416573
-0.021253
-0.049371
0.005286
-0.06911
0.155857
-0.084351
0.286801
-0.341828
0.102303
0.075779
-0.131199
0.475291
-0.036266
-0.215491
0.364631
-0.299149
0.165755
0.200772
0.325225
-0.408072
-0.042532
-0.01089
-0.018485
0.215351
0.260215
0.159738
-0.013497
