#Average flux [c/s]: 18593.763547213333
#                                   T_start= 0 s
#                                   T_end= 1 s
#                                   CCF campionation= 1e-6 s
#                                   Fit amplitude= 111 s
#                                   Variable bin size= 10 ph/bin
0.018024
-0.005341
-0.020199
-0.002339
0.032775
0.032911
0.017804
-0.013581
-0.001522
0.008264
-0.014259
0.014993
0.01914
0.029281
0.018385
0.036898
0.015878
-0.042155
0.032679
-0.001358
0.033359
-0.001874
-0.040797
-0.024163
-0.01997
-0.00159
0.032064
-0.005718
0.032618
-0.01209
-0.029622
-0.011559
-0.00142
-0.027588
-0.009829
-0.01333
-0.006523
-0.042353
-0.030716
-0.042115
0.053932
-0.004984
-0.057811
0.018836
-0.00265
-0.005595
-0.030121
-0.002413
-0.005515
-0.001497
-0.017439
-0.012188
-0.001686
-0.003164
0.002364
0.018511
0.030152
-0.002892
-0.00173
0.033021
-0.011985
-0.020273
0.031799
0.031792
0.032082
-0.002565
-0.001632
0.035915
-0.003118
0.033175
-0.005029
-0.001535
-0.02022
0.018679
0.042714
-0.001222
0.033063
-0.011412
0.019603
0.031601
-0.005181
0.032964
-0.001883
-0.010831
-0.02376
0.015402
-0.001153
-0.0459
0.015229
0.01545
-0.019897
-0.013181
0.031998
0.045246
-0.002261
0.032733
-0.019986
-0.045296
-0.002459
0.019056
