#Average flux [c/s]: 6510.418171912593
#                                   T_start= 0 s
#                                   T_end= 1 s
#                                   CCF campionation= 1e-6 s
#                                   Fit amplitude= 111 s
#                                   Variable bin size= 10 ph/bin
-0.000762
0.000327
-0.000198
0.001129
-6.8e-05
-0.00036
0.000694
-0.000104
-5.7e-05
0.000569
0.000368
-0.000459
-2e-05
0.000146
-0.000379
-0.000822
-0.000692
3.9e-05
-0.000216
0.0
-4.6e-05
0.000359
-7.8e-05
0.000234
-6.2e-05
2.8e-05
0.000125
-0.000118
4e-06
0.000401
0.000353
0.000183
5.6e-05
0.000314
-0.000195
0.000241
-0.00066
0.000674
4e-05
-0.000362
0.000186
-0.000298
3.2e-05
-5e-06
0.000196
-0.000462
0.00044
-0.000411
-0.000536
0.000241
0.000431
-2.8e-05
0.000372
4.8e-05
0.000222
-0.00013
-0.000355
0.000475
0.000101
0.000282
0.000502
6.1e-05
0.000135
-0.000436
0.000205
4.2e-05
-0.000609
0.000283
-0.000357
-0.00022
-7.7e-05
-0.000291
4.9e-05
0.000212
9e-05
4.5e-05
-0.000126
1.7e-05
-0.000394
-0.000155
-0.000804
0.0002
-7.9e-05
-0.0001
0.000172
0.00016
0.00024
0.000103
0.000337
-2.6e-05
-0.000109
7.6e-05
0.00022
0.000276
-0.000254
-5.6e-05
-0.00035
0.000236
-0.000144
8.4e-05
