#Average flux [c/s]: 25843.770772393775
#                                   T_start= 0 s
#                                   T_end= 1 s
#                                   CCF campionation= 1e-6 s
#                                   Fit amplitude= 0.1 s
#                                   Variable bin size= 10 ph/bin
-9.015e-05
0.00510164
0.00124837
0.00148778
0.00581312
-0.00026806
0.00454947
0.00280036
-0.00066892
0.00415895
0.00547697
0.00218115
0.00272838
-0.00317648
0.00815256
-0.00790283
0.00381417
0.00737758
0.00612928
-0.00024672
0.00295302
-0.0054117
0.00198937
-0.0059405
0.00612076
-0.00503742
-0.00059559
-0.00925001
-0.00563984
0.00208015
-0.00723187
-0.00011287
-0.00441341
-0.00234437
0.00332304
0.004228
-0.00473434
0.0043016
0.002871
-0.00257905
0.00153509
-0.00653814
-0.00490561
0.00402106
-0.00314017
0.01017211
-0.00484946
0.00371857
-0.00483479
-0.00157046
-0.00545948
0.00435363
-0.00249041
0.00880095
0.0008924
-0.00980162
-0.0021634
0.00273192
-0.00396004
0.00354146
0.00540274
-0.0012854
0.00184701
0.00146366
0.00365021
0.01072307
-0.0028217
-0.00120448
0.00331707
-0.00515517
0.002873
0.00372098
-0.00114908
-0.00120791
0.00023436
-0.00409475
-0.00027003
-0.00283775
-0.01016276
0.00357624
0.007434
0.0019569
0.00193787
0.00981311
0.00127112
0.00287472
-0.0057344
-0.00547355
-0.00412598
#999
0.0021559
-0.00423375
-0.0003173
0.00022051
0.00654378
0.00065701
-0.00273885
0.00055502
-0.01019767
-0.00992319
