#Average flux [c/s]: 23125.01806295111
#                                   T_start= 0 s
#                                   T_end= 1 s
#                                   CCF campionation= 1e-6 s
#                                   Fit amplitude= 111 s
#                                   Variable bin size= 10 ph/bin
0.006716
-0.000855
-0.019989
0.013448
0.015368
0.002702
0.015043
-0.031334
-0.022489
0.025539
0.016796
-0.044885
-0.028211
0.015573
0.026086
0.012606
0.052767
0.015036
0.015421
0.027703
0.005333
-0.034401
0.02539
0.025409
-0.012339
-0.023238
-0.012724
0.014411
-0.006444
0.008562
0.004852
0.01077
-0.024263
0.016054
-0.005788
-0.010861
0.005846
0.014681
-0.025938
-0.032915
0.015888
-0.029481
0.030115
-0.024208
-0.005758
0.005482
0.004014
0.022788
-0.004513
-0.004719
-0.004061
-0.034239
0.012971
-0.038767
-0.026154
0.015488
-0.010523
0.029766
0.005998
0.012827
-0.012237
0.015485
0.028355
-0.023969
-0.021651
0.01548
0.005978
0.01589
-0.029895
0.022607
0.003802
-0.015649
0.014368
0.015655
-0.02615
0.015275
-0.034388
0.036617
0.01558
-0.005254
-0.006482
-0.02715
0.008442
-0.025684
0.036809
-0.021775
0.013977
-0.003845
0.00635
-0.025258
-0.006318
0.015723
0.015453
-0.005919
-0.025302
0.019686
-0.015668
-0.003934
0.022939
0.028402
