#Average flux [c/s]: 21010.432622273478
#                                   T_start= 0 s
#                                   T_end= 1 s
#                                   CCF campionation= 1e-6 s
#                                   Fit amplitude= 0.1 s
#                                   Variable bin size= 10 ph/bin
0.00294872
-0.00951762
0.00758226
-0.00411976
-0.01000275
0.0151041
0.00423124
#999
#999
-0.00474816
-0.00988472
-0.00794269
-0.0042925
0.01062492
0.00438762
0.00902572
0.0048409
-0.0045725
0.00629567
0.00021483
0.00049564
0.01001495
#999
0.00416005
-0.00015357
-0.00831438
0.00112855
-0.00021954
-0.00855074
0.00145816
0.01028284
-2.057e-05
0.00121448
0.00559172
-0.00418461
-0.00913742
0.00014984
-0.00552258
-0.00167221
-0.00032285
0.00311486
0.00222704
-0.0001634
0.0007255
0.00889615
-0.00055486
0.00621389
-0.00807385
-0.00850896
#999
-0.00534844
-0.00092496
-0.00380594
-0.01017842
0.00339046
-0.00296814
-0.00804285
0.00226167
0.01071989
0.00948986
-0.00721627
0.00607094
-0.00449225
-0.00347543
-0.004698
0.00199046
0.00122214
0.00100993
0.00162778
0.00051724
0.00015444
0.0095193
-0.00668329
-0.0108941
-0.00215032
0.00914316
-0.00111125
0.00834332
-0.00379489
0.00514094
-0.00462928
-0.00270395
0.00488236
-0.0085278
0.0004856
#999
#999
0.0056419
0.00168367
#999
-0.0054845
-0.00330114
-0.00120765
0.00152168
0.00927837
0.00560655
-0.00206675
-0.0015313
-0.00089094
-0.00844769
