#Average flux [c/s]: 5906.250903147556
#                                   T_start= 0 s
#                                   T_end= 1 s
#                                   CCF campionation= 1e-6 s
#                                   Fit amplitude= 0.1 s
#                                   Variable bin size= 10 ph/bin
0.02966231
-0.0020923
0.16990917
-0.16804621
-0.23269924
-0.0055585
0.04919646
0.03986233
-0.08747146
0.0260521
0.16106984
-0.30199676
0.3630129
0.15269571
-0.00625373
0.16583407
0.04776493
-0.02925251
0.02997278
-0.23481476
0.04693347
0.003921
-0.0292956
-0.02514296
-0.18889519
0.01395506
0.06193592
0.01795001
0.1484736
0.07256488
-0.46151265
-0.39161875
0.0108175
0.22384609
-0.06981925
-0.31618124
-0.1892262
0.1068003
-0.02533006
0.13254224
-0.1911673
0.11449128
-0.33830076
-0.00889591
0.08152006
-0.08892336
0.15524602
-0.01115056
0.27901966
-0.32026554
0.03219743
0.07304608
0.09798383
-0.00486526
-0.03644047
-0.42593562
-0.08314089
0.01911263
-0.22350795
-0.02746875
0.40651496
-0.02139709
0.0202486
0.01458899
-0.33712197
0.09109566
-0.02794315
0.16428938
0.05664611
-0.11724285
0.00389999
-0.00531177
0.29138684
0.01640724
-0.02665579
0.03373807
0.08674555
0.2419194
-0.0851082
-0.19842309
0.05353148
-0.01593335
0.27606599
-0.03384759
0.16695479
-0.09555943
-0.05387835
-0.23965256
-0.02655769
0.03265446
-0.21015775
-0.38981529
0.10079003
0.00390467
-0.02326967
-0.13321549
-0.40284967
0.08681971
-0.42410151
0.06421678
