#Average flux [c/s]: 27052.105309923856
#                                   T_start= 0 s
#                                   T_end= 1 s
#                                   CCF campionation= 1e-6 s
#                                   Fit amplitude= 0.1 s
#                                   Variable bin size= 10 ph/bin
-0.00157813
0.00173281
0.01048897
0.00978058
-0.00395597
-0.00201919
0.00681874
-0.00160516
0.00223632
0.01634489
-0.00129782
0.00210648
0.00290375
-0.00554299
#999
-0.00326634
9.014e-05
-0.00445776
-0.01072575
-0.00181503
-0.00258292
-5.713e-05
0.00588745
0.00615812
-0.00337238
0.00230316
0.00172799
-0.00527717
0.00270968
0.00450905
-0.01557028
0.00490194
0.00198572
-0.00877267
-0.00770378
-0.00855287
0.00586016
0.00619434
-0.00393119
0.00682171
-0.00925479
0.00555637
-0.00123399
-0.00866965
-0.00483906
0.01130113
-0.00268541
-0.00213103
0.00213049
-0.00384458
0.0008003
0.01068596
-0.00353745
0.00033155
0.00210442
0.00171161
-0.00707482
0.00413402
-0.00610711
-0.01142471
-0.00946049
0.00286984
0.00896922
-0.00329147
-0.00028708
-0.00391222
0.00736055
-0.00041284
-0.00765632
-0.004624
0.00611054
-0.00817685
0.00223191
-0.01601785
-0.01032836
0.00170783
-0.00203107
0.00206232
0.00311525
0.00607135
-0.00667149
-0.00211507
-0.00406135
-0.00126141
-0.00427959
-0.0013704
-0.005709
-0.01179515
-0.00737269
-0.00426228
0.00580838
-0.0023246
0.00284826
0.00174369
0.00895841
0.00668009
0.0064172
0.00193227
0.00095213
#999
