#Average flux [c/s]: 7114.585440677629
#                                   T_start= 0 s
#                                   T_end= 1 s
#                                   CCF campionation= 1e-6 s
#                                   Fit amplitude= 0.1 s
#                                   Variable bin size= 10 ph/bin
0.04114992
0.00048906
-0.05365465
-0.00019011
0.00027996
0.01580701
0.00378445
-0.00055474
-0.16704473
-0.00061813
0.00081606
0.00111333
7.465e-05
-0.0005108
-0.00395466
0.0005466
-0.00063285
-0.00015105
0.05499467
-0.02269624
4.232e-05
0.02685181
-0.00033295
0.08455895
0.00025641
-0.00038896
0.01635684
-0.02566649
-0.02641974
-0.00037465
-0.01069404
-0.10251611
-0.04588091
0.08816899
0.00495533
-0.01050699
-0.01413784
0.00977121
-3.305e-05
-5.847e-05
0.00104474
-0.00078041
-0.08141349
-0.00040088
-0.00054681
-0.08611687
0.01648216
0.00026763
-0.068299
0.0014006
0.07645671
0.0002056
-0.00033416
-0.06476996
-0.07237712
0.00022591
-0.00026592
0.00015048
-0.00014422
0.06789317
-0.04949779
-0.01941454
0.00019492
-0.0008369
0.00173191
-0.00037705
0.00022771
-0.07424367
-0.01546557
-0.07901803
0.02359561
-0.00073482
-0.06333086
-0.02331914
0.00046753
-0.00023017
0.00042187
0.08608388
0.00103275
-0.00067732
-1.937e-05
0.02389425
-2.381e-05
0.05738519
0.00069536
0.00028257
-0.04963274
0.00018236
-0.00037887
0.02585605
-0.00023779
0.0783743
0.00059401
0.00019784
0.00023896
-0.03881815
0.02259684
0.00446683
0.00093212
0.00023986
