#Average flux [c/s]: 30979.19255689659
#                                   T_start= 0 s
#                                   T_end= 1 s
#                                   CCF campionation= 1e-6 s
#                                   Fit amplitude= 0.1 s
#                                   Variable bin size= 10 ph/bin
#999
0.00823149
0.00528561
0.00166109
0.00041835
0.0040031
-0.00131775
0.00995693
-0.00058994
0.00352133
-0.00082807
0.00129451
-0.0058306
#999
0.00170891
-0.00582367
0.00948163
0.00126553
#999
-0.00734447
0.00462791
#999
-0.00047631
0.00473817
0.00579059
0.00716509
0.00458525
0.001075
#999
-0.00108328
-0.00531765
-0.00269812
0.00581298
0.00457841
-0.00333694
0.00089738
-0.00083005
0.00105419
-0.00164109
0.0025894
-0.00180943
0.00967461
-0.00332892
0.00762911
0.00223648
#999
-0.00089256
-0.00213594
0.00065277
-0.00335455
0.00449175
-0.00364761
0.00169388
-0.00019557
0.00863383
#999
-0.00154696
0.00130488
-0.00103407
0.00333843
0.00805366
0.00193322
#999
-0.0029607
#999
-0.00124178
0.00814657
0.00198055
0.00229082
-0.0011749
#999
0.00198509
#999
0.00320304
0.00539604
0.00149467
0.00367191
0.0073616
0.0063682
0.00308474
0.00978796
-0.00214167
0.00576021
0.00619947
-0.00061313
-0.0065036
-3.086e-05
0.00678377
0.00691326
-0.00290928
0.00031307
0.00370705
-0.00544328
0.0088185
-0.00472207
-0.00107669
#999
0.00357917
-0.00128882
-0.00880874
