#Average flux [c/s]: 16479.178106535703
#                                   T_start= 0 s
#                                   T_end= 1 s
#                                   CCF campionation= 1e-6 s
#                                   Fit amplitude= 0.1 s
#                                   Variable bin size= 10 ph/bin
0.00086609
0.00701857
#999
-0.00287665
0.00175447
-0.00295547
-0.00056165
-0.00236433
-0.00546124
-0.0003488
0.00020661
0.00068407
0.00375392
0.0071412
-6.481e-05
-0.00849878
0.00082132
0.00436408
-0.00896101
0.00739237
-0.01052659
0.00313211
-0.00644235
0.01163673
0.01745288
0.00300516
#999
0.00783887
-0.00121732
0.00493566
-0.00235606
0.00819245
#999
0.00259986
#999
0.0052802
-0.00773914
-0.02260761
-0.01051361
-8.23e-06
-0.00286741
0.0003546
0.00561943
0.01886484
#999
0.00332548
0.00333651
0.00400134
0.001313
0.00223581
-0.00134178
-0.00248358
0.01229463
-0.00798873
0.00429739
-0.00175523
0.00824637
-0.00409654
0.00527269
-0.00511388
0.00204901
0.0014868
0.00020386
-0.0188565
-0.0013302
0.00579975
0.00529292
0.00591913
0.00716111
-0.00915866
-0.00362862
#999
0.01014748
0.00067347
-0.0072432
-0.0006989
#999
0.00460675
-0.00607099
-0.00199572
0.00696668
-0.00603617
0.00243523
0.01042468
0.00310319
0.00171135
#999
#999
0.0064191
0.00290523
0.01062233
0.00329113
#999
-0.00208031
0.00313332
#999
-0.00199181
-0.00026984
0.0006405
0.00130872
