#Average flux [c/s]: 12854.17449394548
#                                   T_start= 0 s
#                                   T_end= 1 s
#                                   CCF campionation= 1e-6 s
#                                   Fit amplitude= 0.1 s
#                                   Variable bin size= 10 ph/bin
-0.0155018
-0.02058912
-0.00940019
-0.01407992
-0.03301772
-0.00357621
-0.02830227
-0.02282283
-0.01567444
0.02572272
-0.01065724
-0.00759611
0.00187495
#999
0.00300271
0.00345996
0.00196564
-0.014344
0.00623885
-0.02039353
-0.01013328
0.00110079
0.00714521
0.0004681
-0.00488639
-0.01639749
0.00245873
-0.00536364
-0.00881234
-0.01758647
-0.02603031
-0.00429282
-0.01100224
0.0036158
-0.02022961
-0.01000058
-0.00467366
-0.00623892
-0.01276665
-0.00455498
2.463e-05
-0.0314672
0.00488376
-0.0040119
-0.02281949
#999
-0.01050528
-0.01466335
-0.01832338
-0.01362401
#999
#999
-0.02743532
-0.00329425
0.00358039
-0.00832279
-0.01282086
-0.00357724
-0.01617777
-0.01580475
0.00499056
-0.0105406
-0.00190535
-0.02611911
0.00236585
-0.02738962
-0.0023959
-0.01731154
-0.02566934
-0.00756831
0.01556637
-0.01368318
-0.0168739
-0.02372681
-0.00103282
-0.01039636
-0.00946698
-0.0064522
-0.02192362
-0.00210424
-0.02520983
0.01716305
-0.03126515
-0.02169159
-0.00288164
0.00028614
0.00680469
-0.01051484
0.01395019
0.00327134
-0.00550244
-0.0070842
-0.00378038
0.00221227
-0.02250651
-0.01656194
-0.00625737
-0.01271048
-0.0184941
-0.01019378
