#Average flux [c/s]: 33697.94526633925
#                                   T_start= 0 s
#                                   T_end= 1 s
#                                   CCF campionation= 1e-6 s
#                                   Fit amplitude= 111 s
#                                   Variable bin size= 10 ph/bin
-0.01301
-0.005608
-0.012726
-0.033221
-0.031311
-0.030037
0.008866
-0.00334
-0.031396
0.01315
-0.01229
-0.018969
-0.041862
-0.012762
0.015293
0.00182
-0.030878
0.00248
-0.005608
-0.00339
0.028003
-0.01877
-0.000523
0.011501
0.028259
0.024194
-0.004349
0.038642
0.012193
0.008909
0.020989
-0.02225
-0.003278
-0.022353
-0.001377
0.023917
-0.018793
-0.018974
0.023944
0.011223
-0.021529
-0.021317
-0.035694
0.000301
0.023865
-0.016445
-0.018464
-0.003018
-0.005382
-0.000615
0.00273
0.025216
0.017038
-0.033583
0.001734
-0.001541
-0.001151
-0.021697
-0.003287
-0.00104
-0.005607
0.002284
0.01728
0.001805
-0.029915
-0.016053
-0.036024
-0.005613
-0.001293
8.1e-05
-0.019106
-0.003399
0.028376
0.011273
-0.00068
-0.035946
-0.003174
0.01192
0.000794
-0.003382
0.005839
0.011336
0.011491
0.020946
-0.001221
0.01672
-0.019226
-0.000687
-0.032004
-0.012964
-0.021357
-0.003935
0.007832
-0.015476
0.004416
0.012295
-0.011482
-0.011521
0.016425
-0.011469
