#Average flux [c/s]: 18291.679912830816
#                                   T_start= 0 s
#                                   T_end= 1 s
#                                   CCF campionation= 1e-6 s
#                                   Fit amplitude= 0.1 s
#                                   Variable bin size= 10 ph/bin
0.0099442
0.00522297
0.00465457
-0.00444427
0.00934345
#999
-0.00251817
-0.00237347
-0.00107371
0.01320886
1.571e-05
0.01496836
0.0084277
-0.0043891
-0.01081463
-0.00710937
0.01635602
0.00441717
0.01087544
0.01174149
-0.00020213
0.00886339
0.0095176
0.00627927
0.00415403
-0.0073141
0.01523195
-0.00380613
0.00747835
-0.00432678
-0.00606194
-0.00975049
0.00679132
-0.00156162
-6.432e-05
-0.00044301
0.01342579
0.0098451
-0.00159299
0.01449703
-0.01205079
-0.00017529
-0.00071892
0.00475439
-0.00373532
-0.0165134
0.02552028
0.00423896
-0.0023362
0.01142693
-0.01155896
-0.00031989
0.00428069
#999
0.00616838
-0.00183901
-0.01217905
0.00748529
0.01091886
-0.00117038
-0.00324147
-0.00114692
#999
-0.00277961
-0.00276876
0.01085069
0.01500664
0.00994222
0.01850543
-0.00613159
0.00720513
0.0137829
0.00235739
-0.00722211
0.00292276
0.00403837
0.01704868
-0.00563842
0.01155639
0.01016358
#999
0.01070923
0.00438173
-0.00199859
0.00158466
-0.00128249
0.00537867
0.00586798
0.00314666
-0.00143133
0.00946807
-0.00316722
0.01975676
0.01448778
0.00677809
0.01462666
0.00050838
0.00569069
0.00308924
0.01457787
