#Average flux [c/s]: 23427.10169733363
#                                   T_start= 0 s
#                                   T_end= 1 s
#                                   CCF campionation= 1e-6 s
#                                   Fit amplitude= 0.1 s
#                                   Variable bin size= 10 ph/bin
0.00071099
-0.00704122
0.00447105
-0.00108983
0.00616437
-0.0021636
0.00705754
-0.00599802
0.00178157
-0.00012065
0.00100753
-0.00331711
0.00446048
-0.00215422
0.00849559
0.00718288
0.00644298
-0.00406169
0.00134063
-0.00137734
-0.00897667
-0.00223983
0.00303984
0.00129651
#999
-0.0071529
0.00640708
-0.00523306
0.00381417
-0.00183077
0.00479861
0.00523149
0.0099875
-0.00369107
-0.00236449
0.00266288
0.0074569
0.0003177
-0.0088098
-0.00980691
0.00267534
-0.00357577
0.00551837
-0.00385877
-0.00432684
0.01018563
-0.00684663
0.00333551
0.00453835
0.00274857
0.00160544
-0.00581162
-0.00420564
0.00232837
0.00318748
0.00342578
-0.00113362
-0.00843793
-0.00144462
-0.00063476
-0.00435
0.00680673
-0.00264024
-0.00209903
0.00857901
-0.00183724
0.00691188
-0.00595118
0.00282841
0.00642677
-0.00869408
-0.00298501
-0.00197074
0.00580641
-0.00733416
-0.00589414
-0.00728519
0.0063492
-0.00449931
-0.00194664
0.00282403
-0.0024401
-0.00132977
0.00053383
0.0046514
0.00273722
0.00784187
0.00914919
-0.00855236
0.00125407
-0.00492953
0.00172552
0.00016321
0.00323426
0.00491365
-0.00143015
0.0013127
0.0048441
0.00074875
0.00029584
