#Average flux [c/s]: 29468.774384984
#                                   T_start= 0 s
#                                   T_end= 1 s
#                                   CCF campionation= 1e-6 s
#                                   Fit amplitude= 0.1 s
#                                   Variable bin size= 10 ph/bin
-0.00311036
0.00647187
#999
-0.00509496
-0.00267376
-0.0056057
-0.006434
-0.00014803
#999
-0.00049954
-0.00482579
-0.00437973
-0.00984136
0.00048902
-0.00140969
0.00174688
0.00287708
-0.0073304
0.00234113
0.00125297
0.00632973
#999
-0.00412103
0.00483103
-0.00519216
-0.00077306
0.00683241
-0.00206721
-6.864e-05
0.0083537
0.00444115
0.00087795
0.00381677
-0.00108498
-0.00506397
#999
0.00163973
0.00294364
0.00472036
-0.00399351
#999
0.00367908
0.00228756
0.00123773
0.00168994
-0.00634817
-0.00419536
0.00038085
0.00897442
-0.00252028
0.00669955
0.00321773
0.00619199
-0.00063799
-0.00779732
0.00552696
-0.00371453
-0.00410413
-0.00385143
-0.00263265
0.00684446
0.00044129
#999
0.00807147
0.00629924
-0.00338734
-0.0020418
3.881e-05
-0.00052259
-0.00092907
0.00284744
0.00583092
-0.00141314
-0.00335669
-0.00576227
-0.00174574
-0.00117562
#999
#999
#999
0.0055454
-0.00173185
0.00054171
0.00531047
-0.00498183
0.00553284
0.00546641
0.00212311
-0.00451539
0.00328955
-0.00539118
0.00156785
-0.00349903
-0.00665711
0.01127426
-0.00309622
#999
#999
0.00466598
#999
