#Average flux [c/s]: 8020.836343825185
#                                   T_start= 0 s
#                                   T_end= 1 s
#                                   CCF campionation= 1e-6 s
#                                   Fit amplitude= 0.1 s
#                                   Variable bin size= 10 ph/bin
0.08341741
0.00559526
-0.01724678
-0.00866237
-0.00010104
0.02502859
0.000224
-0.00219903
8.588e-05
0.00023472
-4.636e-05
0.02308206
-0.00013619
0.02494231
-0.00031873
-0.01123361
0.01966406
0.00025331
-1.519e-05
0.02308958
-0.02084533
-0.00535069
0.02309089
0.00161402
-0.0005589
0.00020251
-0.00026383
-0.00696805
7.318e-05
-0.0248396
0.00017435
0.0001507
-7.203e-05
-0.01514559
0.08576889
0.00028974
-0.00103105
-0.00442186
-0.01325021
-0.00117578
-0.03892302
-0.05820623
-0.00024796
0.0045859
0.00825114
3.365e-05
-0.00011222
-0.00863138
-0.00020692
-0.03639534
4.69e-06
0.00702357
0.00654737
-0.0003815
0.00470206
-0.00022351
-0.0015385
0.07080526
-0.00741649
-0.01168637
-0.01575202
-5.82e-06
0.00586082
-0.02305461
#999
0.00028274
0.00122476
0.08095748
-0.00107884
-0.00319192
0.0075639
0.00058004
-0.03553371
-0.02780546
0.00026743
0.01152643
0.00856111
6.24e-06
9.155e-05
0.00074306
-0.06903202
-0.00032592
0.00014942
-0.00075501
0.01930851
0.0246844
-0.02027192
0.03866081
-0.00132985
0.02148873
-0.01627775
-0.02291855
8.6e-07
0.00137396
0.00038051
-0.00015018
0.09719415
-0.02041384
-5.248e-05
0.06307315
