#Average flux [c/s]: 19500.014450360886
#                                   T_start= 0 s
#                                   T_end= 1 s
#                                   CCF campionation= 1e-6 s
#                                   Fit amplitude= 0.1 s
#                                   Variable bin size= 10 ph/bin
-0.00384624
-0.00221871
-0.00262362
-0.00720842
-0.00504196
-0.00168239
-0.00625406
-0.00325237
-0.01283219
-0.01945973
-0.00493749
-0.00391078
-0.00559277
-0.01352258
-0.00713439
-0.00229583
-0.00934992
#999
-0.0092389
-0.00175559
-0.01445378
#999
-0.00876782
-0.00539949
-0.00345348
-0.00441011
0.00067954
-0.00525047
-0.00497296
-0.00848049
0.00173065
-0.01009666
0.00294574
-0.0064653
-0.01365149
-0.00882769
-0.00860888
-0.00682526
0.00349353
-0.00781723
-0.00566343
-0.01733548
-0.00744172
-0.00849719
0.0040564
-0.00626218
-0.01982303
-0.00580308
-0.00657693
-0.00412854
-0.00769449
-0.01701642
#999
-0.0057597
-0.01206042
-0.01593995
-0.00153612
-0.01124903
0.00040223
0.00343723
-0.0070078
-0.01387983
-0.01096615
-0.00599271
0.00134975
0.00182065
-0.00365348
0.00864451
0.00440915
0.00218752
-0.01624064
-0.00515629
-0.00627641
0.00312852
-0.00038963
-0.0109761
0.00604216
-0.00352981
-0.00759557
-0.00273753
-0.00222334
-0.00251444
#999
0.00700274
-0.00245239
#999
-0.00529956
#999
-0.0112312
-0.00303087
-0.00786584
-0.01515655
-0.01033233
-0.00397682
-0.00399619
-0.00562492
-0.01069729
-0.01319209
0.00031685
-0.00086989
