#Average flux [c/s]: 34302.112535104294
#                                   T_start= 0 s
#                                   T_end= 1 s
#                                   CCF campionation= 1e-6 s
#                                   Fit amplitude= 111 s
#                                   Variable bin size= 10 ph/bin
0.002095
0.026649
0.006946
-0.021494
-0.008361
0.007735
0.015839
-0.011916
0.001026
-0.021535
0.007009
0.002755
0.001389
0.004647
-0.021888
0.002148
-0.001649
0.004839
0.016215
0.004793
-0.009444
-0.01152
0.003458
0.004567
0.001621
-0.036009
-0.002794
-0.0122
-0.026471
-0.015604
-0.012029
0.010784
0.003009
-0.013832
-0.009291
0.00522
-0.015283
0.018145
-0.000716
-0.014384
-0.02237
-0.001166
-0.000841
-0.008665
0.010957
0.010765
-0.008973
0.005
0.013228
0.00434
0.010781
0.026775
0.026981
0.00144
0.015864
-0.000526
0.004067
-0.000904
0.010744
-0.001025
-0.005043
-0.021843
0.005216
-0.022496
0.02657
-0.025947
0.005247
0.024919
0.002009
-0.005523
0.004872
0.004075
0.001387
-0.022194
0.02491
0.016608
0.002759
0.012607
0.004302
0.010724
0.006714
0.001271
0.004845
-0.000428
-0.011195
0.004891
-0.017161
0.013123
0.007423
-0.013221
0.004716
0.00476
-0.002875
0.022014
-0.03548
0.002395
-0.022047
0.005114
-0.006888
0.001979
