#Average flux [c/s]: 10437.505418885334
#                                   T_start= 0 s
#                                   T_end= 1 s
#                                   CCF campionation= 1e-6 s
#                                   Fit amplitude= 111 s
#                                   Variable bin size= 10 ph/bin
0.009873
-0.035766
-0.088571
0.032937
0.011601
-0.032283
0.011008
-0.07776
0.028358
0.015306
-0.00376
0.010985
-0.005455
0.01548
0.03414
8.2e-05
0.011077
-0.008399
0.002439
0.037007
0.000614
0.037183
-0.106051
-0.033432
-0.009973
0.01863
0.000226
0.000465
-0.035745
0.058463
-0.036846
0.009018
-0.010337
0.01489
0.012425
-0.055349
-0.053667
0.011547
-0.003291
-0.004217
0.007156
0.02536
-0.001003
-0.005282
-0.036427
0.014839
-0.031955
-0.072893
-0.080183
-0.004477
-0.056321
-0.036061
0.051664
-0.036011
-0.003475
0.041868
0.011409
0.002076
0.012277
0.000616
-0.009841
-0.03623
0.033902
-0.025883
-0.050522
0.010209
0.023134
0.045768
-0.053758
-0.076105
0.000289
-0.055377
-0.080037
-0.007873
-0.094753
0.0133
-0.054371
0.023951
0.018493
-0.000472
0.028106
-0.004448
0.014495
7.4e-05
0.009139
-0.004738
-0.028033
-0.041529
0.000149
-0.012482
0.033326
-0.10442
-0.03088
0.011149
0.018009
0.012331
-0.035771
-0.017585
0.000523
0.09082
