#Average flux [c/s]: 6208.334537530074
#                                   T_start= 0 s
#                                   T_end= 1 s
#                                   CCF campionation= 1e-6 s
#                                   Fit amplitude= 0.1 s
#                                   Variable bin size= 10 ph/bin
-0.0129797
0.02041591
-0.01633638
-0.00026837
0.00321184
-0.0004562
0.00012576
0.00039168
-0.02156156
0.02403845
-0.00949091
-0.00721262
0.00061804
-0.06747425
0.01419681
-0.00013047
-0.05559177
-0.00691955
0.15758019
-0.03799717
-0.00024
0.04833362
-0.00072063
-0.00073807
0.07432709
0.06266747
0.06552749
-0.06663252
-0.07706642
0.02063357
-0.00067268
0.00815397
-0.0005381
-0.00719007
-0.00022618
5.936e-05
-0.0078463
-0.00076747
5.577e-05
-0.00018414
0.00010499
0.12381373
0.02965217
0.09389299
6.514e-05
0.00077233
0.0005035
-0.00038331
-0.00197387
-0.00014064
-0.05418898
0.00050544
0.00068629
-0.00047804
-0.00428016
-0.0004256
0.10130052
0.00107674
-0.03808267
-0.00034418
0.00017462
0.08327817
0.07435219
0.01880607
-0.01013473
0.01473059
-0.00014232
-0.00062962
-0.00052229
0.01665846
#999
0.06271383
0.02253118
0.06025518
-0.01634197
-0.07855731
0.01799215
0.00070269
0.00686384
0.00024034
-0.04172714
0.00258734
-0.00014238
-0.0203399
0.03880655
0.07029963
-0.0003969
-0.01003442
2.475e-05
0.03076406
0.05845817
-0.00062841
-0.01307814
0.00047068
-0.00079788
-0.00043254
0.01597562
-0.01533715
-0.00013559
-0.00026975
