#Average flux [c/s]: 7718.752709442665
#                                   T_start= 0 s
#                                   T_end= 1 s
#                                   CCF campionation= 1e-6 s
#                                   Fit amplitude= 111 s
#                                   Variable bin size= 10 ph/bin
-1e-05
-4e-05
-0.00018
0.00046
0.00031
-0.00016
-0.00016
0.0
-0.00023
-0.00029
-0.00017
-0.00027
-8e-05
0.00035
0.00018
6e-05
-2e-05
-0.00028
-0.00039
0.00032
-0.00081
-2e-05
-0.00036
-0.00029
0.0
0.00062
0.00015
0.0007
0.0001
0.00031
-0.00032
-0.00021
-0.0004
5e-05
0.00017
0.0001
0.00022
0.0002
-0.0003
1e-05
-0.0006
7e-05
-0.00013
-4e-05
6e-05
-0.00054
0.00012
7e-05
0.00035
7e-05
-0.00017
0.00025
-0.00025
-0.00041
0.00057
0.00015
-0.00052
0.00022
-0.00029
-0.00035
3e-05
-7e-05
7e-05
0.00028
-0.00022
-0.00015
-0.00041
-0.00016
0.00024
0.00012
-3e-05
5e-05
-0.00037
-0.00024
-7e-05
0.00018
0.00025
0.00023
-8e-05
-1e-05
-0.00016
0.00021
-0.00021
-0.00069
-0.00024
0.00032
-0.00065
-0.00022
0.0
0.00029
-0.00048
0.00057
-0.00029
-8e-05
0.0001
3e-05
0.00015
0.00029
-0.00013
0.0
