#Average flux [c/s]: 17385.42900968326
#                                   T_start= 0 s
#                                   T_end= 1 s
#                                   CCF campionation= 1e-6 s
#                                   Fit amplitude= 0.1 s
#                                   Variable bin size= 10 ph/bin
-0.01247293
-0.00091713
-0.00760133
0.00019841
0.01470465
-0.00496846
0.00436207
0.00987532
0.0058628
0.00245545
0.00849352
-0.0106796
-0.00820814
0.0005525
-0.0029472
-0.00031387
-0.00328286
-0.00250911
-0.00340458
0.00746491
0.00619491
0.00766295
-0.00268032
0.00069298
0.00409296
-0.0001406
0.00170706
0.00748088
-0.01229591
0.00294983
0.00264988
-0.0069733
0.00193683
0.00723278
0.00457389
0.01412679
-0.00418546
0.00028465
0.00389648
-0.00739154
-0.01527437
0.00595178
-0.00168586
-0.00994037
0.00848621
0.00914639
0.00674642
0.00104279
-0.0060287
-0.00486882
-0.0029552
-0.00685506
-0.00780681
-0.0001512
-0.00133547
-0.00222476
-0.0057982
-0.00182782
-0.00589097
0.00164181
-0.00516579
-0.00290046
-0.00700402
-0.00728295
0.00323099
-0.00778737
0.00477508
0.00730734
0.00960833
0.0005937
0.005749
0.00229485
0.00863056
#999
0.00034671
-0.0039191
0.01474257
-0.00367654
-0.00701714
0.00139062
0.00370461
0.00413125
0.00484196
-0.00181694
0.00865201
0.00344231
0.01101874
-0.00345702
-0.00702922
0.00783387
-0.00585501
0.00589072
0.00130758
-0.00626612
-0.00545365
0.00586647
0.00364351
-0.0114054
0.01441704
-0.00170796
