#Average flux [c/s]: 17385.42900968326
#                                   T_start= 0 s
#                                   T_end= 1 s
#                                   CCF campionation= 1e-6 s
#                                   Fit amplitude= 0.1 s
#                                   Variable bin size= 10 ph/bin
0.0182386
0.01661776
-5.81e-06
#999
0.00154971
-0.00364002
0.00686799
0.00840599
0.01353993
#999
#999
#999
0.00927825
-0.00174655
-0.00569077
0.01164905
0.00702447
#999
0.00264812
0.01071881
0.00122511
0.01143986
0.0022827
0.01317198
0.00973881
0.01089972
-0.00013493
0.00354413
0.00114958
-3.117e-05
0.00173556
0.01365969
0.01318602
0.00492205
-0.0013735
0.01001077
-0.00408759
0.01247761
0.00093446
0.01620296
0.01383082
0.00731142
0.00638835
#999
0.00489352
0.02209378
0.00636098
0.01290832
0.00132171
0.00848585
-0.00466506
0.00356999
#999
0.00345011
0.01689526
0.01237931
0.00596667
0.01338481
#999
0.01012007
0.01870237
0.00461539
0.0155039
-0.01454471
0.00601495
0.00957158
0.00290752
-0.00230703
0.01579295
0.00705569
-0.00625502
0.00503198
0.00474951
0.0244575
#999
0.00105696
#999
-0.00236679
0.00663507
0.000184
0.00403519
0.00739743
-0.00773089
0.01747978
-0.00913923
0.0076284
0.0090946
0.00192351
0.0016797
0.00607565
0.01006647
-0.00182186
0.01379174
#999
0.01401517
-0.00176228
#999
0.01371672
-7.634e-05
0.00357288
