#Average flux [c/s]: 22218.767159803552
#                                   T_start= 0 s
#                                   T_end= 1 s
#                                   CCF campionation= 1e-6 s
#                                   Fit amplitude= 111 s
#                                   Variable bin size= 10 ph/bin
-0.00996
0.0048
0.01712
0.02734
0.02031
0.02033
-0.02316
-0.01077
0.02212
-0.02277
-0.02351
0.04704
0.02041
-0.00305
0.03581
-0.00376
0.01725
-0.00825
-0.01656
0.00649
0.03977
0.0091
0.01747
-0.00265
0.00322
0.00245
-0.02505
-0.01344
0.00889
0.01574
0.00678
0.02031
-0.02618
0.0063
-0.00247
0.00272
-0.0183
-0.02492
-0.02617
-0.03583
-0.02277
0.00197
-0.01825
-0.02534
-0.00269
0.00648
-0.02483
-0.01263
0.00629
0.01868
0.01559
0.03801
0.00681
-0.0033
0.02181
0.00613
-0.00558
-0.01456
-0.01435
-0.03099
-0.02284
0.02271
0.00489
-0.0077
0.00516
0.0023
0.00461
-0.03657
0.00041
0.00916
0.02975
-0.00276
0.0059
-0.00267
-0.01307
-0.01679
-0.01476
-0.02309
-0.02504
0.00902
0.00475
0.04721
0.01768
0.03626
0.03753
0.00561
0.0173
-0.01389
0.01464
0.00469
-0.00541
-0.01069
0.01887
-0.00288
0.01738
0.01114
0.04631
-0.03112
0.00617
0.03569
