#Average flux [c/s]: 12250.007225180445
#                                   T_start= 0 s
#                                   T_end= 1 s
#                                   CCF campionation= 1e-6 s
#                                   Fit amplitude= 111 s
#                                   Variable bin size= 10 ph/bin
-0.042706
-0.018104
0.004806
0.027772
0.015652
-0.013314
0.068055
0.027989
-0.018937
0.016329
-0.004885
-0.013988
-0.019641
-0.038628
0.031875
0.000141
-0.001869
0.02436
-0.032218
0.005023
-0.041896
0.002313
-0.039405
0.016005
-0.017183
0.0166
-0.018778
0.022002
0.016163
-0.033036
0.019984
-0.018029
0.001588
-0.026673
-0.019553
0.015812
-0.037461
-0.01138
0.002544
-0.021096
-0.012589
-0.031828
-0.032978
-0.046962
-0.023018
-0.018793
-0.043677
0.035496
0.016458
0.017449
-0.019473
0.021667
0.016803
0.02362
-0.038868
-0.044562
0.023171
0.010384
0.005992
0.025546
-0.014116
0.022895
-0.022016
-0.033364
0.021304
0.070489
0.018328
0.003259
0.031005
-0.035816
0.001613
0.016404
-0.097001
-0.016682
0.013729
0.003763
-0.045672
-0.039099
0.021134
0.031692
0.069207
-0.053818
0.003294
0.021882
-0.01432
-0.045901
-0.038923
0.072559
0.002979
0.003475
0.024247
0.02385
-0.019213
0.061763
-0.026357
-0.053124
0.009838
-0.033553
-0.008781
-0.032547
