#Average flux [c/s]: 9229.170881355258
#                                   T_start= 0 s
#                                   T_end= 1 s
#                                   CCF campionation= 1e-6 s
#                                   Fit amplitude= 111 s
#                                   Variable bin size= 10 ph/bin
-0.0177
0.03452
0.03496
0.07075
0.05721
0.02429
-0.02274
0.03807
-0.02198
-0.05303
-0.04695
-0.00663
-0.05133
0.00323
0.04003
-0.05698
0.05074
0.0493
-0.01125
0.07079
-0.02309
-0.05339
-0.05302
-0.0235
-0.07062
0.04401
0.03398
-0.05177
0.05271
0.01818
-0.03684
-0.02343
-0.05093
-0.02256
0.0715
-0.02425
-0.02963
-0.05643
0.06185
0.05611
-0.05182
0.04038
0.02902
0.03809
-0.04752
-0.05027
-0.02226
0.04441
0.04425
-0.05291
-0.05339
0.07109
0.04219
-0.04564
-0.0599
-0.05434
-0.01774
-0.01174
0.06092
0.03868
-0.07131
-0.04861
-0.02309
-0.0524
0.03476
0.05099
-0.01623
-0.0248
-0.02205
0.06605
-0.01759
-0.07103
-0.02145
-0.0495
-0.00834
0.03066
0.04374
0.04312
-0.05252
0.03549
0.01904
0.03996
-0.05362
-0.06701
-0.05675
0.02504
0.036
-0.07092
0.01875
-0.0528
-0.05634
-0.02334
-0.04847
-0.05098
-0.08582
-0.08745
0.02733
-0.05264
0.03979
0.03277
