#Average flux [c/s]: 34604.19616948681
#                                   T_start= 0 s
#                                   T_end= 1 s
#                                   CCF campionation= 1e-6 s
#                                   Fit amplitude= 111 s
#                                   Variable bin size= 10 ph/bin
0.01941
-0.01537
-0.02722
-0.02692
0.00669
-0.02722
-0.0151
-0.02734
-0.0028
-0.01837
-0.01064
-0.00931
-0.0046
-0.03758
-0.00497
0.00155
-0.02635
-0.00039
-0.00085
-0.02564
-0.00063
0.01165
0.02861
-0.0009
-0.00476
0.01179
-0.03078
0.00082
-0.00565
0.00122
-0.03755
0.01949
-0.00239
-0.03788
-0.00286
0.00707
0.00531
-0.01361
0.00736
-0.00331
0.00106
-0.01167
0.04141
-0.00529
0.00652
0.00677
0.01146
0.00738
0.01124
-0.02691
-0.00962
0.00679
-0.0275
-0.00323
-0.00965
-0.03077
-0.00489
0.00827
0.01107
-0.00522
-0.01513
0.04114
-0.0033
-0.00085
-0.00511
0.00771
-0.00136
0.00864
0.00697
0.00662
0.01181
0.01135
0.00145
-0.01487
0.01106
-0.00235
0.0014
-0.00831
-0.0054
-0.01414
0.00682
-0.003
-0.00253
-0.00502
0.00645
-0.00516
-0.00646
-0.00104
0.00762
-0.01505
-0.00106
0.01154
-0.03802
-0.0086
-0.00255
0.01504
-0.02667
0.00651
-0.00285
-0.00369
