#Average flux [c/s]: 18593.763547213333
#                                   T_start= 0 s
#                                   T_end= 1 s
#                                   CCF campionation= 1e-6 s
#                                   Fit amplitude= 0.1 s
#                                   Variable bin size= 10 ph/bin
0.01972692
-0.0012515
#999
0.0024783
#999
-0.00871679
-0.00512361
0.00272782
-0.00731939
#999
0.00237053
-0.00889224
-0.0084243
0.00097993
#999
#999
-0.00842485
0.00696741
0.00828946
0.00403767
-0.00194203
0.0091462
-0.00731442
0.00600499
0.00700928
-0.00312894
-0.00669932
-0.0025413
0.00153341
0.00235203
#999
-0.00640482
0.00033594
0.00376858
0.00541458
0.00033115
-0.00540982
-0.00455297
0.00757526
-0.02225894
0.00826011
-0.00791688
0.00119143
-0.01137273
-0.00060752
0.00846714
-0.00443007
#999
#999
-0.00590977
-0.00324242
0.0012231
0.00063401
-0.00705678
#999
-0.00618065
0.00633775
0.00714897
0.00083458
-0.00160303
-0.00220705
0.00360912
-0.00747067
0.004607
0.00559508
#999
-0.00351397
-0.00612412
0.00742859
0.00446187
0.0032625
0.00512786
0.00401689
0.00287865
#999
-0.00920418
0.00228677
0.01078496
0.01215447
-0.00350235
-0.00162845
-0.00391767
-0.00574341
#999
0.00224902
#999
-0.00239854
-0.00411445
0.00264999
-0.00450203
0.00141844
#999
0.00122224
-0.00256676
0.00175141
-0.00228664
-0.00257773
0.00438471
-0.00074003
-0.0104858
