#Average flux [c/s]: 30375.025288131557
#                                   T_start= 0 s
#                                   T_end= 1 s
#                                   CCF campionation= 1e-6 s
#                                   Fit amplitude= 0.1 s
#                                   Variable bin size= 10 ph/bin
#999
0.00917142
-0.0006241
0.0035302
-0.00103481
-9.389e-05
-0.00480272
-0.00583812
-0.00132166
0.00391865
-0.00423068
#999
#999
0.00225698
0.00348154
0.00905888
-0.00257425
-0.00153953
0.00089362
-0.0069936
-0.00097552
-0.00117956
0.00605475
0.01071176
0.00484382
0.00441178
0.00079003
-0.00310084
0.00027629
0.00616076
#999
0.00050136
0.00719393
-0.00097293
-0.00173348
0.00422846
-0.00515499
0.00883937
0.00140719
-0.00423394
0.00865645
-0.0063874
0.00159767
0.00137356
-0.00694547
0.00046588
#999
-0.00058316
#999
-0.01090493
0.00398495
0.00527341
-0.00917755
-0.00602582
#999
0.00268767
-0.0023996
-0.01286294
#999
-0.0042405
0.00266884
-0.004313
#999
-0.00585875
0.00249042
0.00532235
-8.537e-05
0.00384345
-0.00887025
0.00599848
-0.00047268
0.00893309
-0.0007223
-0.00183271
-0.01033004
-0.00704807
0.00280333
0.00469569
-0.00030524
-0.00995279
#999
9.484e-05
0.00136297
#999
-0.00050824
0.00508284
-0.00120999
-0.01096173
-0.00910821
0.00062397
-0.01241925
#999
0.00159154
0.00038527
9.515e-05
-0.00257539
-0.00332224
#999
0.00298844
0.0050717
