#Average flux [c/s]: 19802.098084743408
#                                   T_start= 0 s
#                                   T_end= 1 s
#                                   CCF campionation= 1e-6 s
#                                   Fit amplitude= 0.1 s
#                                   Variable bin size= 10 ph/bin
-0.01955498
-0.0128471
#999
-0.00742465
-0.00777563
0.00948543
-0.00447538
-0.0121796
-0.00831877
-0.01279722
0.00597477
-0.01103723
-0.0068567
-0.00712202
-0.01163284
-0.01419406
-0.00643359
#999
#999
-0.00187175
0.0037167
-0.00916757
-0.0026705
-0.00954888
-0.0033082
#999
-0.00977024
-0.01020178
-0.00934045
-0.00558999
-0.01768424
-0.00806555
#999
#999
#999
-0.0112288
-0.01469599
-0.01213989
-0.00689064
#999
-0.00189208
-0.00601492
-0.01947149
-0.00529714
-0.01591577
#999
-0.01247516
-0.01769774
-0.01829589
-0.01369124
-0.00398647
-0.01477434
-0.01641496
-0.00088099
-0.00480069
-0.01892119
-0.00886115
#999
#999
-0.00024916
-0.00167835
4.555e-05
-0.00458489
-0.00578935
-0.013982
-0.00943474
-0.00896562
-0.00721093
-0.00672746
0.0026247
-0.00501634
-0.00921346
-0.00733998
-0.00854395
-0.00423187
-0.00293027
-0.00933226
0.00282252
0.00053341
0.00019386
-0.00577789
-0.0048748
-0.0142736
#999
-0.00567126
-0.01239398
-0.01512118
0.00079689
-0.00602551
-0.00702705
-0.00531914
-0.00402308
-0.01005806
-0.00988072
-0.01800357
-0.01095486
-0.00079148
-0.00760681
0.00106311
-0.00904888
