#Average flux [c/s]: 27354.18894430637
#                                   T_start= 0 s
#                                   T_end= 1 s
#                                   CCF campionation= 1e-6 s
#                                   Fit amplitude= 0.1 s
#                                   Variable bin size= 10 ph/bin
0.00476337
0.00262533
-0.0043613
-0.00089833
0.00623803
0.00134475
0.00183075
0.00235114
0.00396614
-0.00100789
-0.00148448
-0.00089065
-0.00070239
-0.00869783
0.00760159
0.00424939
-0.00061949
0.00312804
-0.00617948
0.00282793
0.01315193
0.00158464
-0.00328997
-0.00191195
0.00215229
-0.00510201
-0.00566996
-0.00349226
-0.00230387
0.00784841
0.00163774
0.00778029
0.00193751
0.0043379
-0.00279204
0.00168456
-0.00288047
-0.00332401
-0.01064699
-0.00378841
0.00699662
-0.00574525
0.00677084
-0.00640603
0.00471632
-0.00107995
-0.00411322
0.00197718
0.00401355
0.00456972
0.00241678
0.00784323
-0.01167469
-0.00119299
-0.00362202
-0.00156814
-0.00088805
#999
0.00085085
-0.00556929
0.000853
0.00876526
-0.01155062
-0.00333896
-0.00324231
0.00539349
0.00336756
-0.0047594
0.00273333
-0.00875934
0.00625367
-0.00267045
-0.00765512
-0.00017173
0.00022818
0.00586327
-0.00569635
0.00514543
0.00959998
0.00155005
0.00365904
0.00089233
0.00081888
0.00473776
9.196e-05
0.00486693
0.00286537
0.00257104
-0.00334471
#999
0.00471532
-0.00198151
0.00456663
-0.00160639
-0.00869531
-0.00379128
-0.00568811
-0.00430299
-7.36e-05
0.00132349
