#Average flux [c/s]: 5604.167268765038
#                                   T_start= 0 s
#                                   T_end= 1 s
#                                   CCF campionation= 1e-6 s
#                                   Fit amplitude= 0.1 s
#                                   Variable bin size= 10 ph/bin
#999
0.19667258
0.21778157
0.01606339
-0.04160394
-0.00811285
-0.01369665
0.16308234
-0.05031532
0.09396096
-0.0277883
-0.25054813
0.00411072
-0.0106325
0.02212418
-0.27711147
-0.17876486
-0.03922196
0.04649543
0.44011357
-0.113686
-0.11698165
-0.0444643
-0.48843214
0.04542176
-0.12633166
0.31478114
0.29219711
-0.0171626
-0.02738677
0.37849258
-0.09338499
-0.0204577
0.3990903
#999
0.12469033
-0.16280169
0.1020078
-0.25996425
-0.01022733
0.10567391
-0.05125088
-0.09694327
0.07090507
-0.14232953
-0.28777095
0.11835403
0.20183012
0.28447143
0.36492133
-0.34800789
-0.11543645
0.46008064
0.15892338
-0.09049624
-0.0863637
0.32600849
0.35100261
0.20684102
0.09574874
-0.01147536
0.23112343
-0.29669825
0.41346799
-0.07402182
0.14042315
#999
0.0383878
0.19628593
-0.35126472
-0.02961439
-0.00534759
-0.01160875
0.14526236
-0.14369852
0.45132704
-0.15083124
0.49834832
-0.03854961
0.00181802
-0.06940798
0.37370621
-0.1782901
-0.08360702
0.00967012
-0.2661625
0.09535074
-0.35810844
0.4086967
-0.0036499
-0.45180561
0.33800527
-0.14249813
0.38012448
0.05729609
0.07750024
0.00818179
-0.41034046
0.01405438
-0.19907114
