#Average flux [c/s]: 21312.516256656003
#                                   T_start= 0 s
#                                   T_end= 1 s
#                                   CCF campionation= 1e-6 s
#                                   Fit amplitude= 111 s
#                                   Variable bin size= 10 ph/bin
0.01199
0.01209
0.01882
-0.02323
-0.02621
0.01999
-0.01566
0.01236
0.0123
-0.02306
0.00685
0.0074
0.02627
-0.01331
-0.00195
0.01281
-0.02323
-0.01287
0.01338
0.01206
-0.0157
-0.02879
0.02887
0.00896
-0.00514
-0.00276
0.00657
0.02345
0.0009
0.01202
0.01165
-0.01579
0.00075
0.02678
-0.01298
-0.02312
-0.03802
-0.00564
-0.02341
0.01163
0.01554
0.01239
0.01578
-0.00965
-0.0126
0.02392
0.01301
0.01273
0.00894
0.0242
0.02645
0.01269
0.02411
-0.0253
0.01195
-0.00454
-0.00115
0.01261
0.01208
0.01184
0.01302
0.00759
0.01502
-0.02467
-0.0233
0.0099
0.02603
0.04338
0.01535
-0.00246
0.01205
0.01463
0.02396
-0.02627
0.00686
0.02666
0.01583
0.00697
-0.01332
0.02899
0.01189
-0.00881
0.01206
0.01624
-0.02544
-0.00047
-0.00547
-0.02501
0.02721
0.02589
0.02647
0.02378
0.0121
-0.0058
-0.00524
0.01179
0.01202
-0.0232
-0.0022
0.0125
