#Average flux [c/s]: 7114.585440677629
#                                   T_start= 0 s
#                                   T_end= 1 s
#                                   CCF campionation= 1e-6 s
#                                   Fit amplitude= 111 s
#                                   Variable bin size= 10 ph/bin
0.000209
0.0
0.000187
0.0
0.000453
-2.6e-05
0.000265
-0.000156
9.9e-05
-6.8e-05
-1.5e-05
0.000585
0.000178
-0.000183
-0.000282
-0.000127
1.7e-05
0.0
0.000225
-0.000136
-2e-05
-7e-06
8.3e-05
-0.000193
-0.000237
9.5e-05
0.000217
0.000115
0.00039
6.4e-05
0.000501
0.00054
9.5e-05
0.000109
-0.000166
0.0
-0.000225
0.000475
-0.000145
0.000467
-0.000103
-1.9e-05
-0.000169
-0.000255
-2.3e-05
0.000133
0.0
-0.000116
0.000177
0.000271
0.0
3.7e-05
-0.000196
0.0
0.000118
-7.8e-05
7.2e-05
-0.000175
0.0
0.0
2.1e-05
6.3e-05
1.7e-05
0.000169
-0.000128
-0.001204
-0.000376
0.000399
-0.000441
-0.000326
-0.000112
-4.5e-05
0.000127
9.8e-05
0.000497
0.000221
-0.00018
-0.0006
-9.4e-05
-0.0003
-0.000535
0.000624
0.000376
0.000191
-0.000532
-0.000429
-0.000397
-0.000313
-0.000735
-2.6e-05
-0.000255
-0.000171
0.000212
0.000529
0.000105
-0.00025
0.000334
-0.000451
0.000113
-0.000452
