#Average flux [c/s]: 18593.763547213333
#                                   T_start= 0 s
#                                   T_end= 1 s
#                                   CCF campionation= 1e-6 s
#                                   Fit amplitude= 0.1 s
#                                   Variable bin size= 10 ph/bin
#999
0.00356791
0.00995124
0.01341777
-0.00199466
0.00176012
0.00951733
0.0064342
0.01706794
-0.00916408
0.0109515
-0.00440935
0.00274575
0.00235505
0.0052776
0.00216814
7.573e-05
0.01147972
-0.00124134
0.00563283
0.00716212
#999
0.01138824
0.00664686
#999
0.00959272
#999
0.00256809
-0.00076662
0.00406837
-0.00375591
0.00508185
0.00470995
#999
0.00120053
#999
-0.00466466
0.00516892
-0.0029863
0.00322661
0.00298466
0.01065617
-0.00230831
0.00103208
0.00093958
0.00475554
0.00051705
0.00748311
0.00872987
0.01192196
-0.00256911
-0.00457371
-0.00031486
0.00172569
-0.00398989
0.00288129
-0.00599478
-0.0064187
#999
-0.00789398
-0.0032297
-0.00127661
-0.00844722
0.00957658
0.00798612
-0.00610992
#999
0.00812499
0.00146205
0.00567011
-0.00378492
#999
0.00603611
0.01528489
4.367e-05
-0.00207562
0.00133646
0.01244607
0.00334257
0.00553361
0.0033695
0.00108086
0.01304931
0.00511669
0.01325627
-0.00285042
-0.00695817
-0.00307389
0.01228075
0.00682925
0.00735847
0.00036325
-0.00803168
#999
0.00033568
-0.01403915
0.00541466
-0.00860003
-0.00075631
-0.01128953
