#Average flux [c/s]: 11343.756322032887
#                                   T_start= 0 s
#                                   T_end= 1 s
#                                   CCF campionation= 1e-6 s
#                                   Fit amplitude= 0.1 s
#                                   Variable bin size= 10 ph/bin
-0.00102734
0.00449501
0.00450514
4.286e-05
-0.01416202
0.01423996
-0.00040929
-0.01538894
-0.01091695
-6.124e-05
0.00021102
-0.00069689
-0.0050495
0.00028192
-0.00105644
-0.00511321
-0.01395251
-0.01800387
0.00010808
-0.01004499
#999
1.727e-05
-0.08048448
-0.00033772
0.00375235
0.00081975
-0.00138371
0.0217553
-0.00028273
-5.757e-05
0.00705336
0.0019363
-0.00237202
0.00042592
-0.01200749
0.01694521
-0.01259771
-0.00203147
-0.00701772
-0.00023807
0.00584276
-0.10460366
0.10329487
0.00346958
-0.00038381
0.00794517
0.00126203
-8.055e-05
-0.00871418
0.00052302
0.00539481
-0.00336986
0.00024719
0.00027227
-0.0111543
-0.00014428
-8.377e-05
-0.01401525
0.00038534
-0.00417694
-2.789e-05
0.01137373
0.00500362
-0.01684147
6.465e-05
0.00425014
0.00692488
-0.01385862
-0.01489849
-9e-07
0.00014745
-0.00046571
-0.00022659
-0.00289659
-0.00023844
-0.00198426
-0.00032988
0.00015247
-7.317e-05
-0.00039505
-0.00247637
8.823e-05
0.00532987
0.00771909
-0.00044722
0.01332063
0.00011307
-0.00083109
-0.00037043
-0.00025662
0.00757735
-0.00025531
7.885e-05
0.09022199
-0.00075075
-0.00097111
#999
0.00350013
-0.07195534
0.00052836
