#Average flux [c/s]: 10437.505418885334
#                                   T_start= 0 s
#                                   T_end= 1 s
#                                   CCF campionation= 1e-6 s
#                                   Fit amplitude= 0.1 s
#                                   Variable bin size= 10 ph/bin
0.00672589
-0.09061895
-0.01236719
0.08063691
0.01725549
-0.00010722
-0.00061028
-0.00618209
0.00356473
-0.00405493
-0.00038119
-0.00299578
0.07281541
-0.00229615
1.988e-05
-0.00667136
0.02819318
-0.00066115
0.0096319
-0.00909434
-0.01964039
0.01342518
-0.00317931
0.00166632
-0.00254766
-0.01247356
0.00035309
0.00613809
0.00513167
0.00716805
-0.08022619
0.0173013
0.01297427
0.00057593
0.00244483
-0.0025691
0.007692
-0.00486481
-0.00678187
0.00615321
-0.00820936
0.00323874
0.00686739
0.01019301
-0.00048915
-0.00270437
-0.00383642
-1.699e-05
0.00010754
-0.00951527
0.00378503
0.00903896
-0.0161644
-0.0080273
-0.00915427
-0.00751071
0.00253904
-0.00089896
-7.053e-05
-0.00012974
-0.02055526
0.02076095
-0.01077057
-0.01060645
0.00870788
0.00109214
0.02157016
-0.00465212
-0.01986274
-0.00423307
0.00312689
-0.00814474
0.00448277
0.00771455
-0.02210647
-0.00547641
-0.00022074
-0.00849361
0.01381758
-0.01522102
0.01271382
0.01311059
-0.00182167
-0.01340584
-0.01592058
0.00482651
6.084e-05
-0.01300661
-0.00444997
0.00429381
0.01111499
0.01531043
0.00446464
-0.00082231
0.00507137
0.00600136
0.02350938
0.00389363
0.013862
-0.00870999
