#Average flux [c/s]: 21614.599891038517
#                                   T_start= 0 s
#                                   T_end= 1 s
#                                   CCF campionation= 1e-6 s
#                                   Fit amplitude= 111 s
#                                   Variable bin size= 10 ph/bin
-0.001635
0.009866
-0.004534
0.044985
0.015168
-0.00044
0.015194
0.034889
-0.003009
-0.021501
0.010569
-0.016753
-0.018166
-0.009933
-0.009964
0.001244
0.002764
0.018153
0.001536
-0.016173
-0.004641
-0.019969
-0.013942
-0.025145
0.000945
-0.002688
0.009672
-0.01767
-0.009742
-0.003205
0.014583
0.055453
0.001351
0.010392
0.000392
0.01518
-0.028862
0.034871
-0.003006
-0.002602
-0.021412
-0.00328
0.0557
-0.010008
-0.030025
0.035916
0.013607
0.014817
-0.014438
0.014648
-0.008415
0.015447
0.003339
-0.002928
-0.003111
0.014115
-0.008384
-0.038916
-0.022175
0.029882
0.020374
-0.022565
0.010345
0.001814
0.052899
0.006472
0.009926
0.015103
0.000766
-0.029083
0.009962
-0.003078
0.001799
0.012107
-0.046768
-0.020464
-0.005101
-0.040603
-0.014429
0.009759
-0.002787
-0.002411
0.002504
0.000296
0.044032
0.001392
-0.010086
-0.015936
0.03754
0.035873
0.001193
0.052944
0.011554
0.000889
-0.020983
-0.030266
-0.002235
0.000434
0.010072
-0.000675
