#Average flux [c/s]: 17385.42900968326
#                                   T_start= 0 s
#                                   T_end= 1 s
#                                   CCF campionation= 1e-6 s
#                                   Fit amplitude= 111 s
#                                   Variable bin size= 10 ph/bin
-0.02361
0.01339
-0.01365
0.00849
-0.00624
-0.00937
0.0327
0.01265
0.01277
-0.02588
-0.0259
0.01728
-0.0034
-0.00603
-0.01074
-0.0251
0.07771
0.01273
0.04122
-0.02796
0.01684
0.02371
0.01244
-0.01022
0.00428
-0.01056
-0.01051
-0.02481
0.00657
-0.00652
0.01602
0.00144
-0.04011
-0.01489
-0.02745
0.03272
-0.04357
-0.03106
-0.02338
0.01659
0.0164
0.00203
-0.02281
-0.00498
0.0023
-0.0119
-0.00594
0.00198
-0.01004
0.0028
0.03611
0.00859
-0.0084
-0.01081
-0.00931
0.02209
-0.01063
-0.01059
0.01701
-0.0065
0.01615
-0.04377
0.03527
0.04864
-0.00582
0.00171
-0.00547
0.00545
-0.01127
0.01654
-0.01046
0.01294
0.01659
0.01988
-0.01062
0.00285
-0.04346
-0.01044
0.01636
-0.00589
-0.01828
-0.00318
0.00249
0.01701
-0.01171
0.01306
0.00353
-0.00619
0.00642
0.03598
-0.06023
-0.02624
-0.03036
0.06987
-0.00355
-0.02439
0.01667
0.01685
0.00114
-0.02492
