#Average flux [c/s]: 21614.599891038517
#                                   T_start= 0 s
#                                   T_end= 1 s
#                                   CCF campionation= 1e-6 s
#                                   Fit amplitude= 111 s
#                                   Variable bin size= 10 ph/bin
2e-05
-5e-05
3e-05
1e-05
-5e-05
0.0
-7e-05
4e-05
4e-05
0.0
0.0
-1e-05
-7e-05
-0.00012
-4e-05
-1e-05
-8e-05
-4e-05
-1e-05
-3e-05
-1e-05
8e-05
-8e-05
3e-05
-2e-05
0.00012
4e-05
0.00011
-5e-05
4e-05
1e-05
-6e-05
5e-05
5e-05
0.0
0.0
9e-05
5e-05
1e-05
-3e-05
-6e-05
3e-05
-2e-05
-3e-05
-2e-05
5e-05
2e-05
0.0
3e-05
-1e-05
-7e-05
-5e-05
-3e-05
1e-05
0.0
4e-05
-3e-05
7e-05
0.00013
-6e-05
2e-05
0.0
-3e-05
-5e-05
6e-05
3e-05
-4e-05
-0.00012
1e-05
2e-05
-0.0001
0.0
3e-05
1e-05
1e-05
3e-05
-8e-05
2e-05
5e-05
3e-05
-6e-05
-2e-05
0.0
-1e-05
-3e-05
-7e-05
-2e-05
1e-05
7e-05
0.0001
2e-05
0.00012
-3e-05
5e-05
-1e-05
-3e-05
3e-05
-6e-05
5e-05
-3e-05
