#Average flux [c/s]: 8625.003612590222
#                                   T_start= 0 s
#                                   T_end= 1 s
#                                   CCF campionation= 1e-6 s
#                                   Fit amplitude= 0.1 s
#                                   Variable bin size= 10 ph/bin
-0.00539283
0.01092198
-0.01473002
-0.00850283
-0.00025875
0.01364562
2.825e-05
-0.01203551
0.00176927
0.00010883
-0.0005375
-0.00885484
-0.02105528
0.02410699
0.02327906
4.44e-06
0.00104283
-0.00503474
0.01197554
0.00010624
0.02316152
-0.00940914
-0.00060138
0.00020014
4.748e-05
0.00496479
-0.00117702
-0.03864487
4.003e-05
0.00935049
0.00782251
-0.0001766
-0.00544786
-0.00033668
-0.01600752
0.0158384
0.00010846
0.01181261
-0.01185512
0.00071067
-0.00071326
-0.0002228
0.01263809
-0.00019812
0.00478608
-0.06481511
0.03470413
0.01325896
0.00024337
0.00402154
-0.0050338
-0.00242606
-0.0205934
2.288e-05
0.00541516
0.01680438
-0.02329531
6.004e-05
0.01615511
-0.00094447
-0.00012568
0.00966936
0.01230499
-0.00021686
-0.00024662
0.01516191
0.01126994
0.01595297
0.00098005
0.00033052
-0.00011457
0.0151865
0.01439021
-0.00625641
0.01649304
-0.08152572
0.00130254
-0.02055738
-0.00017585
-5.576e-05
6.399e-05
0.07655325
-0.00015458
-0.01217626
1.106e-05
0.02272957
0.02102921
-8.986e-05
-0.01147067
-0.0003256
0.00916521
0.00026995
0.00778447
0.02311019
-0.00341004
0.01170921
0.00828015
-0.00031748
-0.00079001
0.01263785
