#Average flux [c/s]: 15270.843569005627
#                                   T_start= 0 s
#                                   T_end= 1 s
#                                   CCF campionation= 1e-6 s
#                                   Fit amplitude= 0.1 s
#                                   Variable bin size= 10 ph/bin
0.01223015
0.00412927
0.00552246
-0.01123094
-0.00729511
-0.00892761
-0.00773466
-0.00176813
-0.00041043
-0.00499838
-0.00055737
0.00958382
-0.00384929
0.00617055
0.00826996
-0.01143417
-0.01708722
0.00656686
0.00614664
-0.00546204
-0.01001347
0.00244311
-0.00147938
-0.007814
0.00261635
0.00098587
-0.00370598
-0.00438213
0.00533326
0.01009085
-0.01200197
-0.00226031
0.01242939
-0.01635773
-0.00481174
0.00405771
0.0059631
-0.00214297
0.00480055
-0.01601452
0.00220131
-0.00189793
0.00866848
-0.00092374
0.00229827
#999
0.00511632
-0.00098724
-0.00997124
0.00353665
0.0078116
0.00409307
#999
0.00119053
0.00021239
0.01487201
0.00020163
0.01853118
-0.0033085
-0.00664733
0.01046036
0.00714185
-0.01523605
-0.02098893
-0.00084134
-0.00849444
0.00185231
-0.00276336
-0.00195656
-0.00119012
-0.01919736
0.00732829
-0.00319828
0.01772949
-0.0079441
-0.01240578
-0.00266107
-0.00688992
-0.00591053
-0.01296444
0.00797399
0.00872655
-0.0085032
-0.00899072
0.0093348
0.00657552
0.00482244
-0.00680918
0.00124172
0.00839181
#999
-0.01209865
0.00484828
-0.00028118
-0.00054164
-0.00089825
0.00509768
-0.01542721
-0.01611215
0.00270975
