#Average flux [c/s]: 8927.08724697274
#                                   T_start= 0 s
#                                   T_end= 1 s
#                                   CCF campionation= 1e-6 s
#                                   Fit amplitude= 111 s
#                                   Variable bin size= 10 ph/bin
0.000393
-0.000105
1.1e-05
-0.000193
0.00019
-9e-05
-0.000178
-0.000486
-6.5e-05
0.000344
-2.4e-05
0.000269
0.000332
0.000283
-0.000335
-0.000204
-0.000229
0.000104
-1.1e-05
0.000486
-3.1e-05
0.000577
-0.000237
-0.000393
0.000463
8e-06
0.000104
0.000559
-2.6e-05
-0.000264
-0.000154
-5.8e-05
-0.000261
-0.000161
-0.000138
0.000474
-0.000334
-7.5e-05
-0.000264
-0.000265
0.000501
-0.000144
0.0003
7.2e-05
-3.8e-05
-0.00025
0.000171
0.000242
-0.000167
0.000289
-0.000155
-0.000343
-0.00041
0.000388
1.1e-05
-1.7e-05
-0.000239
0.000147
0.000176
-0.000207
0.000119
-0.000196
-1.9e-05
-0.000265
-0.000444
3.3e-05
-0.000262
-7.2e-05
0.000207
-0.000356
9.7e-05
0.000122
0.000149
0.000242
-0.000121
0.000196
-0.000374
-0.000266
0.000172
0.000395
0.000245
-0.00038
9.5e-05
0.000255
-4.9e-05
3.3e-05
0.000988
-6.3e-05
-0.000108
0.000185
-6.6e-05
0.000283
-1e-05
0.000199
0.000682
-4.3e-05
0.000824
8.3e-05
-0.000284
-5.7e-05
