#Average flux [c/s]: 23729.185331716148
#                                   T_start= 0 s
#                                   T_end= 1 s
#                                   CCF campionation= 1e-6 s
#                                   Fit amplitude= 0.1 s
#                                   Variable bin size= 10 ph/bin
#999
0.01031706
-0.00182357
-0.00192466
-0.00490108
0.00569475
0.00686665
-0.00479832
0.00279214
-0.0062123
-0.00063703
0.00499106
#999
#999
-0.00618766
0.00664693
0.00161519
0.01037964
0.00426557
-0.00770322
0.00191669
0.00053232
0.00413525
-0.00370976
0.00041705
-0.00041531
0.00442798
0.00285689
-0.00441656
0.00452472
-0.00199218
-0.00530493
0.01031902
-0.00485665
0.00153862
-0.00465947
0.00027774
0.00306178
0.002476
0.00103706
-0.00307247
-0.0025886
-0.00090333
0.00241907
-0.0023918
0.00495043
#999
-0.00701688
#999
0.00270992
#999
0.00338514
-0.00390713
-0.00287293
-0.00601948
-0.00896724
#999
0.00214959
0.00181383
-0.0101413
-0.00172691
0.00295091
0.00622705
-0.0026913
-0.00222483
-0.00366118
#999
0.00175399
-0.00157984
0.0029238
0.0026784
0.0015582
-0.00790038
-0.00145548
0.00666935
-0.0023909
#999
0.01594465
0.00528664
-0.00593336
0.00151353
0.00160499
-0.00432561
0.00223956
#999
#999
-0.00470876
-0.00074355
0.00399876
-0.00628816
-0.00900686
0.00078477
0.00815431
-0.00430985
0.00124056
-0.00807854
-0.00060298
0.00914734
0.00224369
#999
