#Average flux [c/s]: 13760.425397093035
#                                   T_start= 0 s
#                                   T_end= 1 s
#                                   CCF campionation= 1e-6 s
#                                   Fit amplitude= 111 s
#                                   Variable bin size= 10 ph/bin
-0.00013
0.00019
-4e-05
0.0
0.00013
0.0
1e-05
-3e-05
-8e-05
0.00014
-1e-05
-8e-05
0.0
7e-05
0.00011
0.00017
4e-05
0.00015
-0.00012
6e-05
0.00021
-0.00014
-6e-05
0.00038
0.00012
0.0002
0.00011
0.0
-5e-05
-2e-05
0.0001
6e-05
-9e-05
0.00013
0.00018
-8e-05
6e-05
0.00011
0.0001
-8e-05
-0.00012
-2e-05
2e-05
-3e-05
-5e-05
7e-05
9e-05
0.00012
-0.00013
2e-05
6e-05
-0.00012
4e-05
0.00017
-4e-05
1e-05
0.00018
1e-05
0.00016
-0.00013
8e-05
-7e-05
0.00018
0.00024
-0.00014
0.00013
0.0
-0.0001
-1e-05
-0.0001
5e-05
-0.0001
5e-05
-7e-05
3e-05
-0.00018
-8e-05
-4e-05
-4e-05
0.00016
-1e-05
6e-05
-0.0002
-0.00033
0.00013
9e-05
-8e-05
-5e-05
1e-05
-0.0001
-4e-05
-9e-05
-6e-05
7e-05
4e-05
0.00017
7e-05
0.0001
-0.00017
-0.00017
