#Average flux [c/s]: 11343.756322032887
#                                   T_start= 0 s
#                                   T_end= 1 s
#                                   CCF campionation= 1e-6 s
#                                   Fit amplitude= 111 s
#                                   Variable bin size= 10 ph/bin
-0.01141
-0.01507
0.04464
-0.02951
0.04502
-0.02515
0.10693
-0.02146
-0.01164
0.04523
-0.01232
-0.01712
0.04355
-0.00241
-0.01238
-0.00333
0.01428
0.05152
-0.00689
-0.0117
-0.00808
-0.07626
0.03981
0.03846
0.07057
0.03609
-0.02474
-0.02489
-0.0195
0.02307
-0.03625
-0.04784
-0.05151
-0.02451
-0.00798
-0.0011
-0.00927
0.04568
0.05263
-0.05336
0.04459
0.02363
0.04347
-0.00762
-0.00052
-0.00221
-0.01222
0.05062
-0.06638
0.03577
0.03304
-0.00105
-0.016
0.04424
-0.02387
-0.02017
0.09021
-0.00835
-0.01228
0.05136
-0.00903
0.02291
0.06128
-0.03709
0.00404
0.04445
-0.04113
-0.02878
0.04344
-0.00116
-0.01623
0.04429
-0.04836
-0.01887
-0.01097
-0.01211
0.03799
-0.008
0.03615
-0.00666
0.04371
0.08991
-0.00368
0.0437
-0.01499
-0.01551
0.02996
-0.00758
-0.00724
0.05843
0.04417
0.05746
-0.02422
-0.00284
0.03675
-0.01308
-0.00306
0.04343
0.00812
-0.02885
