#Average flux [c/s]: 30677.108922514075
#                                   T_start= 0 s
#                                   T_end= 1 s
#                                   CCF campionation= 1e-6 s
#                                   Fit amplitude= 111 s
#                                   Variable bin size= 10 ph/bin
0.006356
0.016526
0.008266
0.006368
0.027776
0.019769
-0.009463
0.009083
-0.005404
0.006544
0.028756
0.009607
-0.017616
0.007965
0.012539
0.001768
-0.017043
0.027678
-0.000449
0.012574
-0.00076
0.01085
0.01239
0.008115
0.019426
-0.016909
0.032097
0.012131
0.020094
0.009547
0.013878
0.012519
-0.013634
-0.021909
-0.015431
0.009245
-0.016722
-0.01575
0.002649
0.012029
0.010742
0.008076
0.010525
0.011824
0.016966
-0.016217
0.002099
-0.004627
-0.015015
-0.002125
-0.004961
-0.000958
-0.014224
0.011463
0.001947
-0.014867
-0.005471
-0.015068
0.008058
0.005764
0.011955
-0.016793
0.028079
0.010068
0.032591
0.012462
-0.021836
0.011409
-0.00278
-0.001756
-0.000596
0.031721
0.021478
0.032056
-0.000612
0.01284
-0.017801
0.002244
-0.005205
0.010293
-0.018051
0.014099
0.013148
-0.001983
0.00559
0.002781
0.019906
0.027607
-0.017294
-0.017608
-0.016747
-0.017591
0.012499
0.002402
-0.015718
-0.017503
0.008206
0.049269
0.00207
-0.013921
