#Average flux [c/s]: 5604.167268765038
#                                   T_start= 0 s
#                                   T_end= 1 s
#                                   CCF campionation= 1e-6 s
#                                   Fit amplitude= 111 s
#                                   Variable bin size= 10 ph/bin
0.00042
-0.00027
-4e-05
-0.00012
-3e-05
0.00032
-0.00023
-0.00065
0.00012
-0.00022
0.00028
-0.00021
-0.00047
0.00011
-0.0002
-0.00018
-0.00036
3e-05
9e-05
5e-05
9e-05
-2e-05
-0.00042
-0.00034
0.0002
-0.00031
-6e-05
0.00049
-0.00024
0.00056
-0.00051
-3e-05
-0.00025
0.00014
-0.00076
0.00025
-0.00101
-0.00017
-0.00061
0.0
-0.00046
0.00042
0.00065
-0.0002
0.00109
-0.00054
-0.00025
-0.00022
-0.00034
-0.00074
0.00098
0.0009
0.00037
-0.00071
-0.00062
0.00038
-0.00032
-0.00036
0.00041
0.0
-0.00046
-0.0006
0.00016
6e-05
0.0006
-0.00037
0.00018
-7e-05
-0.00018
0.00075
-7e-05
-0.00045
0.00018
0.00041
0.00052
0.00067
-0.00089
-0.00024
0.0001
0.00013
0.00059
0.00035
-0.00034
-0.00039
0.00022
0.00168
-0.00029
-0.00043
4e-05
0.0
-0.0003
-5e-05
0.00015
-0.00057
-0.00114
-0.00061
-0.00042
-5e-05
-0.00033
0.00025
