#Average flux [c/s]: 34000.02890072177
#                                   T_start= 0 s
#                                   T_end= 1 s
#                                   CCF campionation= 1e-6 s
#                                   Fit amplitude= 111 s
#                                   Variable bin size= 10 ph/bin
-0.00315
0.02507
-0.01809
-0.02346
0.01143
-0.03735
-0.00829
0.02789
0.00331
-0.03128
-0.01712
0.01257
-0.00278
-0.0184
0.01248
-0.02361
0.02281
-0.01866
0.01235
-0.0302
-0.00778
0.00708
0.03313
-0.02098
0.01247
-0.00442
-0.01229
-0.01349
0.01152
0.01407
-0.00421
-0.00457
0.01232
-0.00354
-0.01875
-0.01599
0.01876
-0.01284
0.01198
-0.0242
0.01246
0.01421
0.02586
0.0129
0.01237
-0.02101
-0.0134
-0.03976
-0.00317
0.01865
-0.01943
0.00196
-0.02965
0.02657
-0.01832
-0.00754
0.0187
-0.00387
-0.00887
0.01855
0.02563
-0.00481
-0.00294
-0.0042
-0.00756
-0.00291
-0.0155
0.00643
-0.01875
0.01719
-0.02175
-0.03145
0.01624
-0.03416
-0.00408
0.02773
-0.00444
0.01334
-0.01723
0.0125
-0.01881
-0.02144
0.01547
0.00538
-0.00359
-0.01853
-0.02384
0.01655
-0.02081
-0.00416
-0.0207
0.01858
-0.02345
-0.01309
-0.00445
-0.0155
0.00047
-0.00468
0.01249
-0.00308
