#Average flux [c/s]: 19500.014450360886
#                                   T_start= 0 s
#                                   T_end= 1 s
#                                   CCF campionation= 1e-6 s
#                                   Fit amplitude= 0.1 s
#                                   Variable bin size= 10 ph/bin
0.00200279
-0.00023038
-0.00588835
-0.00827222
-0.00370415
-0.00426556
0.01102727
-0.00312861
0.00362141
-0.00644178
0.0002868
0.0068913
0.00469659
-0.00296231
5.61e-06
-8.743e-05
0.00079476
0.00946388
-0.00182033
0.00815517
0.00183214
0.00166273
#999
-0.00055214
-0.00080029
0.00477709
0.0079242
0.00300694
0.00596746
0.00264961
-0.00181799
0.00111989
0.00520718
0.00336618
-0.00017971
-0.00203987
#999
0.00777797
-0.00387814
0.0036283
#999
0.00075883
#999
-0.00606627
0.00393956
1.959e-05
0.00129376
0.00069768
0.0025411
-0.00755825
-0.00401827
0.00609489
0.00266131
0.01041138
0.00239474
-0.00813835
-0.00917445
0.00874083
0.00819069
0.00241945
0.00412263
#999
-0.00747554
-0.00717513
0.00298056
0.00068918
#999
-0.00054751
-0.00193684
0.00328563
0.01293623
#999
0.00288947
-0.00531481
-0.00549383
-0.00510857
0.01010983
0.00957091
-0.00315847
-0.01041869
-0.00048334
-0.00409626
-0.00333258
-0.00100364
0.00064747
-0.00263579
0.00094809
#999
0.00327978
0.0008143
-0.00187683
#999
-0.00552271
-0.00389656
0.00405659
0.00530037
-0.00200294
-0.00792912
#999
-0.00316348
