#Average flux [c/s]: 21312.516256656003
#                                   T_start= 0 s
#                                   T_end= 1 s
#                                   CCF campionation= 1e-6 s
#                                   Fit amplitude= 0.1 s
#                                   Variable bin size= 10 ph/bin
0.00741885
-0.0068442
0.01457731
0.00820607
0.00018185
0.0030673
0.00717482
0.00730628
0.01530138
0.00656293
0.00533704
-0.00157886
0.01142278
0.01071036
0.00343871
0.00024013
0.0011794
0.00159457
#999
0.00748067
0.00151549
-0.00277407
0.00262006
0.00182143
-0.00790535
-0.00012075
-0.00093793
0.00875275
0.00051082
0.00456789
0.00108667
0.00400133
0.00818402
-0.00428861
0.01256516
0.02140857
#999
0.00393436
0.00198392
0.00796063
#999
0.00487505
0.00888287
-0.00209423
-0.00141078
-0.00493555
0.01288853
0.00509827
0.00728258
0.00100331
-0.00634513
0.00356758
8.976e-05
0.00904545
0.00554865
-0.00409071
0.01237217
-0.00622524
-0.00017102
0.01330718
0.01392239
-0.00148343
-0.00658311
0.00640424
0.00757744
-0.00604364
0.0144586
-0.00712038
-0.00689296
0.00048437
-0.00558505
-0.00807924
#999
#999
0.00147349
-0.00780365
-0.00018061
0.00425242
-0.00456521
-0.00671957
0.00936866
0.00592382
-0.00067252
0.00669407
-0.00296763
0.00589404
0.00502057
0.00644287
-0.00579058
0.00558215
0.0138277
0.00804029
0.00415052
0.0008874
0.01853675
0.0080255
0.00223437
-0.00071994
0.00380113
0.00024685
