#Average flux [c/s]: 11041.67268765037
#                                   T_start= 0 s
#                                   T_end= 1 s
#                                   CCF campionation= 1e-6 s
#                                   Fit amplitude= 0.1 s
#                                   Variable bin size= 10 ph/bin
-0.00504081
0.00495768
-0.0124328
0.00756937
0.00962671
-0.01124108
0.0039308
0.0028476
-0.01617387
0.02842121
0.0026548
-0.01846569
0.00550479
0.00034277
-0.00389992
-0.0095483
-0.01635165
0.00551735
0.00073909
-0.02029441
-0.01146507
0.01147079
-0.00217976
-0.01190253
-0.01581688
0.02280458
0.00821475
-0.00634103
-0.02198813
0.00324448
-0.01125633
-0.01831065
-0.00695459
-0.00369514
0.0034213
-0.00179373
-0.01481941
0.0388649
0.00136978
0.00682993
0.0053688
-0.01890231
-0.0186292
-0.01701304
-0.01486267
-0.02524633
0.0185364
-0.00368863
-0.0294309
-0.02170032
-0.00218937
-0.00812167
-0.00896505
0.00313992
-0.01902337
-0.00729465
-0.01776669
-0.02845602
-0.00499277
0.01325746
-0.01284611
-0.03256636
-0.01080312
0.00143762
-0.00569917
0.01304587
-0.01380576
0.00314593
0.00016107
-0.01283685
-0.00711608
-0.01895356
-0.00680318
-0.00475619
0.01067585
-0.01204031
0.00876763
-0.00174362
0.00560146
-0.01538832
-0.02057709
0.00836087
0.12676741
-0.00194468
-0.00204109
0.00808858
-0.00838863
0.00283338
#999
-0.01276242
-0.00099942
0.00247904
-0.0171353
-0.00432425
-0.00096021
-0.01339765
-0.01412433
0.01072905
-0.00829276
-0.03149096
