#Average flux [c/s]: 28562.52348183644
#                                   T_start= 0 s
#                                   T_end= 1 s
#                                   CCF campionation= 1e-6 s
#                                   Fit amplitude= 111 s
#                                   Variable bin size= 10 ph/bin
-0.02287
-0.0107
0.02009
0.00099
-0.03218
-0.01304
-0.00349
-0.02316
-0.01108
0.01994
0.02633
-0.00418
0.01132
-0.00673
-0.00621
0.01742
-0.00491
-0.00122
0.02002
-0.01125
0.01961
0.02713
-0.01273
0.01594
-0.00405
-0.03368
0.00046
-0.0036
0.00475
-0.00433
-0.00461
-0.01146
0.00091
-0.00471
-0.02984
0.00563
0.02108
-0.00338
0.0002
-0.02651
-0.00668
0.00512
0.01775
-0.02538
0.00557
-0.00934
-0.00337
0.02995
-0.00322
0.01591
-0.00334
-0.00349
0.03047
0.0055
-0.00346
-0.00856
-0.00662
0.00053
-0.03381
0.01778
-0.00392
-0.00351
0.02258
-0.00352
-0.00733
-0.00654
0.02808
0.00548
-0.00562
-0.01951
0.00053
0.01057
-0.00545
-0.03075
-0.00952
-0.02338
-0.00903
-0.0301
0.00533
-0.00459
-0.03593
0.00056
0.00528
-0.00387
-0.00632
0.02537
-0.00664
0.01145
5e-05
-0.00923
0.02009
0.00539
-0.00661
-0.00406
-0.01639
-0.0337
0.02592
-0.00423
0.00833
-0.01212
