#Average flux [c/s]: 32187.527094426663
#                                   T_start= 0 s
#                                   T_end= 1 s
#                                   CCF campionation= 1e-6 s
#                                   Fit amplitude= 0.1 s
#                                   Variable bin size= 10 ph/bin
0.00085802
-0.00784613
-0.00269176
-0.00747474
0.00241483
-0.00224436
-0.00945466
-0.00829712
#999
0.00089461
0.00248551
0.01045882
0.00217657
0.01531421
-0.00190885
-0.00283782
-0.00340364
-0.00334423
-0.00434927
0.00105162
-0.0004226
-0.00727339
-0.00348252
-0.00518731
0.00106357
0.00142808
0.00234568
-0.00563746
-0.00174701
0.00128387
-0.00244753
0.0007734
0.00133319
-0.00655215
-0.00483192
0.00428021
-0.0057105
-0.00166081
0.00542397
0.00387824
0.00038149
#999
-0.00284366
0.00288049
-0.00061893
-0.00278834
0.00466366
0.00492242
-0.00361746
-0.00023065
-0.00624811
0.00025137
0.00697519
0.00392675
-0.00035531
-0.002955
-0.00534955
0.00190867
-0.00023885
-0.00798732
0.0072368
0.00274716
0.00215474
-0.0007364
0.00157729
-0.00311966
0.00593244
-0.00773613
-0.00828432
0.01114288
0.00357058
0.00030731
-0.01029716
-0.00040163
0.00359871
-0.00122917
0.00188312
-0.00487895
-0.00357926
0.00023638
0.00318745
0.00220828
0.00927398
0.000593
0.00066494
0.00010139
0.00032158
-0.00507379
0.00369415
0.00133938
#999
-0.00326818
-0.00204831
0.00031677
-0.00137505
0.00599162
0.00025554
0.0028029
-0.0024489
0.00084522
