#Average flux [c/s]: 10135.421784502812
#                                   T_start= 0 s
#                                   T_end= 1 s
#                                   CCF campionation= 1e-6 s
#                                   Fit amplitude= 0.1 s
#                                   Variable bin size= 10 ph/bin
-0.01691884
-0.07567478
0.01843948
-0.0220154
-0.00193913
-0.01261199
0.00490301
-0.02725609
-0.00716133
#999
0.0041526
-0.00548304
-0.01182968
-0.01780961
-0.1119197
-0.01089212
-0.01589201
0.16744836
-0.01129652
-0.00580196
-0.02449485
-0.02135818
-0.00267742
-0.0115824
-0.0168107
-0.00831457
-0.0014741
0.00256259
-0.07987531
-0.02419343
-0.03295197
0.00752957
0.00839484
-0.01923058
0.0084854
-0.00465554
-0.04669934
-0.004498
-0.00661796
-0.02328223
-0.00543446
-0.02851941
-0.03412127
-0.00122871
-0.00092015
0.00467667
0.01193289
-0.00013229
-0.00117378
-0.01514396
-0.00146321
#999
0.01496856
-0.00858359
0.01562475
-0.03409626
-0.03700261
0.00978547
0.00587479
0.00174207
-0.0246072
0.00607939
-0.00264923
0.00418033
-0.0046888
-0.01214562
-0.00155249
0.0027375
-0.01990413
-0.00326215
-0.0140351
-0.01434009
0.0025367
-0.02789644
0.03236571
-0.04421584
0.00659318
0.00101801
0.00046552
-0.0021025
-0.0291771
-0.0114602
-0.02003909
0.02136685
-0.00053069
-0.00270226
-0.01537694
0.00053765
-0.01178525
-0.01539946
-0.0087686
0.01409927
0.02415699
0.02202576
0.00035569
-0.00686264
-0.05072589
-0.00188043
-0.01987934
0.00449212
