#Average flux [c/s]: 30979.19255689659
#                                   T_start= 0 s
#                                   T_end= 1 s
#                                   CCF campionation= 1e-6 s
#                                   Fit amplitude= 0.1 s
#                                   Variable bin size= 10 ph/bin
0.00114938
0.00773648
0.00034129
0.00340706
-0.00106893
0.00028751
0.00634626
#999
-0.00456875
-0.00076739
#999
-0.00234756
-0.00202066
0.00481092
-0.00054117
0.00174846
-0.0021846
0.00161395
-0.00069075
0.00464712
0.00157583
#999
0.00114174
0.00460263
0.00354262
-0.00217455
#999
-0.00417117
-0.00567275
-0.00186105
0.0024139
#999
-0.00111897
0.00123036
0.00603172
-0.0022686
0.00539475
0.00428584
0.00200578
-0.00449157
0.00495321
0.00111804
0.00043747
0.00125129
-0.00378197
0.00178759
0.00309422
0.00360207
0.00261847
#999
#999
#999
-0.00078539
#999
-0.00239328
-0.00534437
0.0050675
-0.00220577
0.00327596
-0.0022991
0.00294601
-0.00486864
-0.00010272
-0.00326425
0.00104587
-0.00117305
0.00177171
-0.00276998
-0.01444208
-0.00284478
0.00013217
0.00279702
0.00513701
#999
0.00316797
0.00255119
0.00421198
0.00045616
-0.00440748
-0.00375509
-0.0015298
-0.0027211
0.00214548
0.00593297
#999
-0.00718535
#999
0.00043118
0.00864705
-0.0044558
0.00700868
-0.00046071
0.00286856
-0.01122333
-0.00202845
-0.00442928
0.00212087
#999
0.00438423
0.00138999
