#Average flux [c/s]: 22520.850794186073
#                                   T_start= 0 s
#                                   T_end= 1 s
#                                   CCF campionation= 1e-6 s
#                                   Fit amplitude= 111 s
#                                   Variable bin size= 10 ph/bin
-5e-05
4.8e-05
-7.5e-05
-1.3e-05
7e-05
-1.8e-05
4.2e-05
-1.5e-05
3.7e-05
-2e-06
2.4e-05
2.8e-05
2.9e-05
-5.4e-05
-1.3e-05
-6.2e-05
1.9e-05
-7.7e-05
1.9e-05
2.8e-05
-1.4e-05
-7.1e-05
-2e-06
-5.7e-05
4.3e-05
6.3e-05
3e-06
2.9e-05
9e-06
1.1e-05
-6.2e-05
0.000105
-4.9e-05
5.1e-05
6.9e-05
5e-05
1.4e-05
2.4e-05
-8.9e-05
-3e-06
4.2e-05
1e-05
3e-05
2.5e-05
5e-06
2.2e-05
7.3e-05
-2.9e-05
-4.4e-05
9e-05
9.6e-05
-6.9e-05
0.000112
5.3e-05
3.5e-05
2e-05
-3.8e-05
-6.6e-05
5e-06
-5.7e-05
8.5e-05
1.2e-05
0.000103
7.5e-05
-6.4e-05
0.000108
-0.000155
2.6e-05
2.7e-05
-0.000124
-6.8e-05
0.000149
-2.3e-05
-6.6e-05
-3.6e-05
-1.1e-05
-9.9e-05
1.7e-05
4.3e-05
-4.4e-05
-6.2e-05
4.5e-05
-6.1e-05
2.8e-05
8.6e-05
-1.4e-05
-4.4e-05
-3e-06
-2.8e-05
-4.5e-05
2.6e-05
-3.3e-05
2.9e-05
-5e-06
-4.2e-05
5.9e-05
-6e-06
7.5e-05
2.3e-05
1.9e-05
