#Average flux [c/s]: 9229.170881355258
#                                   T_start= 0 s
#                                   T_end= 1 s
#                                   CCF campionation= 1e-6 s
#                                   Fit amplitude= 0.1 s
#                                   Variable bin size= 10 ph/bin
-0.03237777
-0.00011046
0.0116413
-0.00594932
1.076e-05
0.08929204
-0.01176962
0.07688803
9.294e-05
0.00581491
3.86e-05
-0.00514518
0.00031846
0.00100938
-0.00987025
0.00010831
-0.00019304
#999
0.0001497
-7.674e-05
-0.00018933
0.07407109
-0.07301616
0.01784006
-0.01985699
0.02548986
9.663e-05
-0.00020935
0.07902824
7.182e-05
-0.00044822
-0.07119594
-0.00134825
0.00026268
-0.00333863
0.0188828
-0.00020422
-0.0002681
0.01788366
0.00087367
-0.00020463
-0.00021038
0.00662217
-0.05936192
0.07984801
-0.0787244
-0.01401216
0.00032267
-0.00019136
0.000115
0.00923289
-0.00852914
0.01058476
-0.07205356
0.06706515
0.01699021
-0.07182816
0.00010386
-0.00056937
0.00018281
6.188e-05
-4.057e-05
-0.02834584
0.01916725
-0.06360816
1.544e-05
0.00017909
0.01843195
-0.01741549
-0.00036819
-0.07497264
-0.08727095
-0.07784495
-0.01920165
-0.00063561
-0.00020966
0.01582441
0.0762478
0.0020417
-0.01223271
-0.00011507
0.00080965
-0.02296012
8.482e-05
0.00333261
-5.475e-05
0.00027885
5.419e-05
0.00018559
0.00946223
-0.00013804
0.00040756
-0.00032062
0.02533202
0.00707405
0.00032151
-7.365e-05
0.00201001
-0.07569549
7.05e-05
