#Average flux [c/s]: 17989.596278448294
#                                   T_start= 0 s
#                                   T_end= 1 s
#                                   CCF campionation= 1e-6 s
#                                   Fit amplitude= 0.1 s
#                                   Variable bin size= 10 ph/bin
0.00546531
-0.00131101
#999
-0.00102545
-0.00072285
-0.00186745
0.00282105
0.00451367
0.00247085
-0.0039484
0.00464694
0.00439326
0.01023826
-0.00915697
-0.00494287
-0.01161795
0.00638627
-0.00487417
-0.00181798
-0.01085396
0.00201052
0.00762457
0.00762958
0.00272151
0.00836797
-0.0014761
-0.00811234
-0.00082345
0.00060994
-0.00267402
0.00985245
0.00799377
0.00208495
-0.00387845
0.00869553
2.931e-05
-0.00522271
-0.01018929
0.00228632
-0.00488518
#999
0.00349082
-0.00042139
0.0045425
#999
#999
-0.01701761
-0.01411172
0.00278781
-0.00038299
0.00258951
-0.01188239
-0.0130314
0.00252849
-0.00146154
-0.00856844
0.00392978
0.00040463
0.00446867
-0.0108797
0.00085648
-0.00420341
#999
0.01758498
-0.00453038
0.00321557
-0.00358817
0.00180103
-0.00458681
0.01114375
0.00170737
0.00476106
#999
0.00948489
-0.01019956
-0.01122854
#999
-0.00080454
-0.01006445
0.00605574
0.00629919
-0.01395127
#999
0.00423667
-0.00328107
-0.00154918
0.00047328
0.00158866
-0.00666019
-0.00677652
#999
0.01061322
0.00517851
0.00167742
0.00912361
#999
0.00513366
0.002231
-0.0098955
-0.00787044
