#Average flux [c/s]: 33395.86163195674
#                                   T_start= 0 s
#                                   T_end= 1 s
#                                   CCF campionation= 1e-6 s
#                                   Fit amplitude= 0.1 s
#                                   Variable bin size= 10 ph/bin
-0.00467653
-0.00383951
0.00385451
0.00330769
-0.00329853
-0.00313198
-0.00187094
-0.00402194
0.00200974
0.00513052
-0.00212968
0.00054118
-0.00095438
0.00721252
0.00166625
0.00208956
0.00025221
-0.00073302
-0.00398842
-0.01254015
-0.00068544
0.00406251
-0.0076194
0.0006924
#999
-0.00355083
0.00416413
-0.00213146
0.0012114
0.00127866
-0.00055484
-0.0015066
0.00216082
#999
0.00181884
0.00417214
#999
-0.01221984
0.00178502
#999
0.00083112
-0.00147707
-0.00572828
0.00485586
-0.00044185
0.00090589
-0.00619095
-0.00136528
-0.00557349
0.00535782
0.00253063
-0.00558272
-0.00323543
-0.01076112
0.0045528
-0.01322664
0.00347722
0.00585679
-0.00130006
0.00524231
0.00033041
-0.00237568
0.0030491
-0.00499854
#999
-0.00222934
#999
#999
-0.0003308
-0.00108526
#999
0.00122649
0.00311324
0.00042471
0.00114194
0.00153702
0.00787631
0.00410719
-0.00431616
0.00270881
0.00442957
0.00494545
#999
0.00717176
-0.0064809
-0.00180606
-0.00377462
-0.00317637
-0.00208207
0.00085025
-0.01021056
-0.00436612
0.00354725
-0.00062208
0.00377383
-0.00533096
#999
0.00259554
0.00157137
0.00522723
