#Average flux [c/s]: 6208.334537530074
#                                   T_start= 0 s
#                                   T_end= 1 s
#                                   CCF campionation= 1e-6 s
#                                   Fit amplitude= 111 s
#                                   Variable bin size= 10 ph/bin
0.05454
-0.06748
-0.04007
-0.01785
0.19225
0.14014
-0.02005
-0.0921
0.02276
-0.06316
-0.01839
-0.0422
0.09418
0.12707
0.05879
-0.08263
0.02395
-0.06448
0.13646
0.18905
0.2096
0.02605
0.19159
-0.09663
0.05514
0.15212
0.06738
-0.02071
0.00554
-0.0634
0.0864
-0.08173
-0.06447
-0.06451
0.02081
-0.17853
0.05703
0.02603
0.19201
0.01682
-0.06619
0.18223
0.09695
-0.01818
-0.06573
0.07305
-0.01738
0.01208
0.05501
0.02376
-0.02203
-0.02066
0.1273
-0.0398
0.05443
-0.03908
0.09139
0.16765
-0.0476
0.0
-0.06819
-0.01982
0.01919
0.15856
0.02249
0.04392
0.02429
-0.03571
0.07508
0.22828
0.02435
0.02186
-0.10691
-0.06619
-0.21235
-0.06988
0.11321
-0.06419
0.05512
-0.00329
-0.06704
0.01103
0.12585
-0.01657
0.08943
0.29275
0.09771
-0.08172
0.07329
0.12327
-0.01657
0.07337
0.0219
0.21574
0.25916
-0.02055
0.21862
-0.13804
0.0421
-0.01805
