#Average flux [c/s]: 20708.34898789096
#                                   T_start= 0 s
#                                   T_end= 1 s
#                                   CCF campionation= 1e-6 s
#                                   Fit amplitude= 111 s
#                                   Variable bin size= 10 ph/bin
0.00339
0.02808
0.02943
-0.01679
0.03474
0.0635
-0.00839
0.03033
0.03032
-0.00784
0.0193
0.00035
-0.00898
0.00038
0.02068
-0.00915
0.01297
0.04192
0.02001
-0.0284
0.03048
0.01292
0.0296
0.00296
0.01745
0.02248
-0.0234
-0.00884
0.059
-0.01603
-0.00332
0.03254
0.00152
0.02926
0.01147
0.00466
0.0329
0.03189
0.00307
0.00079
0.01257
-0.00477
0.04867
0.03478
0.02484
-0.00457
0.03098
0.03472
0.02963
-0.0004
0.02584
0.00144
0.0297
-0.00129
-0.00317
-0.01734
0.02056
0.02972
-0.01794
0.05888
-0.00827
0.00288
0.00057
0.02958
-0.01621
0.02097
0.03785
0.02993
0.02979
0.0306
0.0351
-0.01755
0.0325
0.0127
0.00426
-0.02768
0.01289
0.03841
-0.00244
0.03485
0.00447
-0.00799
0.01077
0.02534
0.04121
0.00455
-0.0232
0.02416
0.0482
0.01809
-0.02774
0.02971
0.03883
0.00112
-0.0159
0.05904
0.02045
0.02094
0.03078
-0.02569
