#Average flux [c/s]: 8020.836343825185
#                                   T_start= 0 s
#                                   T_end= 1 s
#                                   CCF campionation= 1e-6 s
#                                   Fit amplitude= 111 s
#                                   Variable bin size= 10 ph/bin
0.000236
-0.000202
-0.000179
-0.000242
0.000181
0.000187
-0.000362
-0.000119
4.4e-05
-0.0001
0.000357
0.00034
0.000173
-0.000293
-0.000135
-0.000273
-0.000117
8.9e-05
-0.000127
4.4e-05
0.000289
-5.5e-05
-0.000382
1.1e-05
-9.8e-05
0.000137
-0.000512
7.9e-05
-6.9e-05
-0.000304
3.7e-05
-0.000175
-0.000402
4.7e-05
0.000821
-4.2e-05
4.5e-05
9.9e-05
-0.000488
-0.000122
-0.000214
0.000186
1.3e-05
7.8e-05
-0.000559
4.8e-05
1.1e-05
3e-06
0.000203
9.7e-05
0.000505
0.000375
-0.000155
-0.000176
0.000209
-3.3e-05
0.000144
-5e-06
-0.000206
2.3e-05
5.6e-05
-7.8e-05
-1.7e-05
0.000531
7.4e-05
-0.000126
-0.000258
0.000308
0.000342
-4.1e-05
0.000137
0.000195
8.7e-05
-0.000261
0.000255
-7.9e-05
-9.9e-05
0.000188
-7.3e-05
-0.000285
8e-06
-3e-05
0.000249
0.00017
0.000439
0.000336
-0.000298
-0.000244
-7.1e-05
-0.000121
-0.000366
0.00015
-0.000328
-6.5e-05
-0.000253
0.00017
9.2e-05
-6.4e-05
0.000228
-0.000123
