#Average flux [c/s]: 29770.85801936652
#                                   T_start= 0 s
#                                   T_end= 1 s
#                                   CCF campionation= 1e-6 s
#                                   Fit amplitude= 0.1 s
#                                   Variable bin size= 10 ph/bin
-0.00572161
0.00152412
-0.00032833
#999
0.00436975
-0.00594159
0.01074733
0.00086319
0.0040311
-0.00395418
-0.00469641
-0.00423956
0.0037804
0.00131931
0.00414668
-0.00142191
0.0088793
-0.00244998
#999
0.00314302
0.00087635
0.00175978
-0.00054811
0.00471638
0.00130786
0.00825412
-0.0018834
-0.00097409
-0.00277617
0.00587136
-0.00196176
0.00016796
0.00133897
0.0039014
0.00589715
0.00185998
0.00753958
-0.00326313
0.0027706
#999
-0.00735844
0.00609303
0.00292865
#999
0.00638542
0.00715288
#999
0.00091648
0.00766986
0.0014376
0.00128037
0.00155515
-0.004006
#999
0.00553665
0.00548245
-0.0035647
0.00296948
0.00123696
0.00224179
0.00147731
0.00392673
-0.00853484
0.00119906
0.0008189
#999
0.00465714
-0.00401444
0.00582938
0.00280797
#999
0.00721036
-0.00170619
0.00656806
0.00079098
0.00552378
-0.00382937
-0.00589507
0.00047417
-0.00618544
0.00692471
0.0046923
0.01020093
0.00681913
-0.00163087
-0.00414559
0.00045356
#999
0.00125921
0.00150665
#999
#999
#999
-0.00317891
0.00323632
0.0076616
-0.00501307
-0.00127627
-0.00141443
-0.0059973
