#Average flux [c/s]: 19802.098084743408
#                                   T_start= 0 s
#                                   T_end= 1 s
#                                   CCF campionation= 1e-6 s
#                                   Fit amplitude= 111 s
#                                   Variable bin size= 10 ph/bin
-0.02859
0.012632
0.002903
-0.005077
-0.003716
-0.011674
-0.021299
0.00226
-0.003657
0.025834
-0.019351
-0.023811
0.002454
0.03496
0.035299
0.002582
-0.023412
-0.005669
-0.031549
0.000911
-0.030382
-0.003447
-0.003051
0.00314
-0.042595
0.026153
-0.019326
-0.018909
-0.019153
-0.034889
-0.002912
0.035487
0.003439
-0.031093
0.026248
-0.012903
0.002282
-0.003262
-0.019346
-0.002072
0.012248
0.026174
-0.002895
0.052178
-0.004876
0.01238
0.036273
0.010369
-0.019746
0.035082
0.034787
-0.003397
-0.004357
0.010501
0.035891
0.026622
-0.002664
-0.019673
0.031457
0.028297
-0.018194
0.026259
-0.003122
-0.023458
-0.019103
0.003193
0.056632
-0.018839
-0.003581
-0.003136
-0.004687
-0.004223
0.009864
0.026787
0.010787
0.004175
0.055875
-0.003192
-0.018593
-0.005378
0.005904
-0.005861
-0.01291
-0.0061
0.012132
0.01172
-0.010896
-0.005473
0.003844
-0.004592
-0.005292
0.002225
0.031701
-0.019189
0.035379
-0.012373
-0.004801
-0.003055
0.032841
-0.005285
