#Average flux [c/s]: 17083.345375300734
#                                   T_start= 0 s
#                                   T_end= 1 s
#                                   CCF campionation= 1e-6 s
#                                   Fit amplitude= 0.1 s
#                                   Variable bin size= 10 ph/bin
0.00480505
0.00388431
0.01357796
-0.00707521
-0.01136072
0.00025389
-0.00162164
0.00993911
-0.01398372
0.00812256
-0.00330814
-0.00834456
0.000208
0.01020175
0.00119981
0.0140896
-0.00058814
0.00193516
0.00129168
-0.00463034
-0.00660254
0.00462536
0.00098697
-0.00184643
-0.00023866
0.01416309
-0.01564221
0.01277063
0.00349293
0.00950654
0.00303563
-0.01404069
0.00287598
0.00987224
0.00455815
0.01645859
-0.00283312
-0.01240613
-0.00358965
-0.00036596
-0.00610594
0.00469026
-0.00488372
0.00868582
-0.00167037
0.0130183
0.00051039
-0.00700618
-0.00973258
-0.00314457
0.0037215
-0.00013948
-0.00592466
0.00039243
0.00142354
-0.00526131
-0.00382637
0.00623956
0.00894858
0.00175984
-0.00768296
0.00141986
0.00282785
-0.00352483
0.0001865
0.00494164
-0.0038583
-0.00226324
#999
-0.01192433
-0.01133186
-0.00674062
-0.01024475
-0.00880777
-0.01078872
-0.00257187
-0.00027644
#999
0.00704392
0.00721268
0.00341036
-0.0068603
0.00465957
0.00805337
-0.0071665
0.00342468
0.01240635
0.00105951
-0.00177508
-0.00883566
-0.0033796
0.00163523
-0.00026516
#999
0.01096803
-0.00298152
-0.00019642
-0.0032158
-0.00454568
0.00669926
