#Average flux [c/s]: 17083.345375300734
#                                   T_start= 0 s
#                                   T_end= 1 s
#                                   CCF campionation= 1e-6 s
#                                   Fit amplitude= 111 s
#                                   Variable bin size= 10 ph/bin
0.03548
-0.00152
-0.00696
-0.02419
0.03794
0.0259
0.0434
0.02025
-0.01383
-0.02277
0.02071
-0.00665
0.01846
0.00254
0.04088
0.06209
0.0009
0.00293
-0.00381
-0.00028
-0.01348
0.04264
-0.01543
-0.03173
0.00206
0.01227
0.01878
0.03867
0.03923
0.01243
0.01852
0.01859
0.03001
-0.01599
0.01238
0.01857
0.01828
0.01145
-0.00665
-0.00054
-0.01563
0.0395
-0.00634
0.01712
0.01732
-0.00948
-0.03751
0.00171
0.01862
-0.00606
-0.01671
0.01792
0.01836
0.01845
-0.02391
0.01242
0.00144
0.01536
0.01947
-0.01393
-0.02347
-0.00885
-0.04239
0.00123
-0.00559
0.01848
0.01816
0.03791
-0.02372
0.00084
-0.01969
0.00224
0.03528
0.01897
0.0107
0.01845
0.03141
0.01861
0.01923
0.01783
0.01864
0.01841
-0.00926
0.01729
0.01143
0.01292
0.04659
0.00122
0.01138
-0.03147
-0.03227
0.01843
0.00288
-0.01446
-0.00718
0.01897
0.01861
0.01182
0.01859
-0.06944
