#Average flux [c/s]: 8322.919978207705
#                                   T_start= 0 s
#                                   T_end= 1 s
#                                   CCF campionation= 1e-6 s
#                                   Fit amplitude= 111 s
#                                   Variable bin size= 10 ph/bin
-0.01376
-0.04386
-0.04434
-0.01494
-0.01389
0.03271
0.00562
-0.0025
0.02527
0.02483
-0.04071
-0.04152
-0.03723
-0.01361
-0.04005
0.07899
-0.10578
0.01624
-0.03613
-0.05879
0.00811
0.01566
0.00677
0.00748
-0.05324
0.01416
0.02351
0.01438
0.00872
-0.01481
-0.05365
-0.04398
0.0148
-0.00169
0.01708
0.04904
-0.02123
-0.0295
-0.03855
-0.01468
-0.01379
-0.01314
0.01601
-0.08071
-0.04119
0.00873
-0.00218
0.01359
0.05876
-0.06734
-0.00177
0.01301
0.00252
-0.01407
0.01482
-0.04249
-0.00831
0.01474
0.02104
0.00681
0.00678
-0.02039
0.00229
0.02491
-0.03074
-0.09926
0.02173
-0.00533
-0.00709
-0.03173
0.04978
0.00287
0.0165
0.00895
-0.00632
-0.04178
0.01149
0.00843
-0.06873
-0.14345
-0.05749
0.01039
0.07388
-0.03381
-0.00029
0.05857
-0.04195
-0.00636
0.02519
-0.03162
0.00723
0.05065
-0.03566
-0.01629
-0.04351
-0.04188
-0.04177
0.06477
0.01117
0.00608
