#Average flux [c/s]: 8625.003612590222
#                                   T_start= 0 s
#                                   T_end= 1 s
#                                   CCF campionation= 1e-6 s
#                                   Fit amplitude= 111 s
#                                   Variable bin size= 10 ph/bin
-0.02539
-0.04739
0.07407
0.06988
-0.08098
-0.06966
-0.05534
-0.07175
-0.04795
-0.03048
0.00311
-0.01384
0.04295
-0.00829
0.07021
0.02003
-0.01392
0.02465
-0.01455
-0.0152
0.02495
0.00391
-0.00979
0.04331
-0.08659
-0.01157
-0.0223
0.07497
0.00485
-0.02209
0.07528
-0.10516
0.04878
0.06356
-0.01769
-0.01054
-0.00969
-0.00962
0.02393
0.0877
-0.07216
-0.05621
0.04889
-0.01103
-0.08199
-0.04641
-0.01446
0.01329
-0.01714
-0.01142
0.0728
-0.00983
0.04928
-0.0652
0.00403
-0.01351
0.00204
0.02496
-0.00057
-0.04804
0.07362
-0.0235
-0.07289
0.0139
-0.01945
-0.01616
0.02244
0.02234
-0.05432
0.06799
0.07997
-0.04649
-0.00931
-0.01443
-0.01423
0.0242
-0.10325
-0.01524
0.00331
0.07074
0.08675
0.06794
0.02574
0.02497
-0.0269
0.02591
0.04853
0.00981
-0.01487
0.02764
-0.10813
0.00065
-0.07285
0.01423
0.01448
-0.03204
-0.01696
0.0012
-0.04508
0.08629
