#Average flux [c/s]: 11947.923590797924
#                                   T_start= 0 s
#                                   T_end= 1 s
#                                   CCF campionation= 1e-6 s
#                                   Fit amplitude= 0.1 s
#                                   Variable bin size= 10 ph/bin
-0.00473351
-0.02197955
-0.00033412
0.00026851
0.00036329
0.00091759
-0.00038777
0.00015996
-0.01712939
0.0126697
-0.01200773
0.00236488
0.01273152
-0.00999368
-0.00632499
-0.00133924
0.00672869
-0.00805571
-0.00407765
-0.02274834
3.774e-05
-0.00288821
-0.00485954
-0.00731662
0.00023846
-0.00248635
0.00230319
0.01371901
0.01438013
-0.00694158
0.00379659
0.01514397
0.00014181
-0.00841414
-0.01593182
-0.01065665
0.01287196
0.00358396
-0.01525854
0.00084859
0.00234543
-0.00449634
0.00289566
0.01837239
0.00699603
0.00286895
0.00109518
0.00378786
-0.01995405
0.01388526
-0.00417719
-0.00012985
0.00414984
0.0181861
-0.00638139
0.01523264
-0.0067179
0.00160644
0.0169101
0.00803588
0.00205303
0.01018709
-0.02653423
0.00264659
-6.332e-05
0.0038348
-0.00931397
-0.00534976
0.00609692
0.00394138
-0.00381403
-0.00015548
-0.00864449
0.02210529
0.00740642
0.01201629
-0.00254398
-0.00163634
0.00036643
-0.00683944
-0.0002605
0.01164175
0.00187583
0.00685655
0.01066631
0.00405206
0.02055295
-0.01210778
0.00954432
-0.0011067
-0.00311318
-0.01431452
-0.01350206
0.0082254
-0.0145545
-0.01715455
0.02102889
-0.00268549
0.01689648
-0.00970977
