#Average flux [c/s]: 26750.021675541335
#                                   T_start= 0 s
#                                   T_end= 1 s
#                                   CCF campionation= 1e-6 s
#                                   Fit amplitude= 0.1 s
#                                   Variable bin size= 10 ph/bin
0.00116915
0.00324803
#999
-0.00439047
0.00327586
-0.00058613
0.00505143
0.00307654
0.00724499
0.00182855
0.00022399
0.00219606
0.00436952
0.00661846
-0.00040166
-0.01822548
-0.00447569
-0.00468468
0.00336919
-0.0078443
-0.00896108
0.00065467
0.01042208
-0.01870382
-0.00178576
0.00184716
0.00535104
0.00528606
0.00242623
#999
-0.00080237
-0.00836877
0.00012701
0.00502878
0.00299349
-0.0011196
-0.0045411
-0.0100424
-0.00131142
0.00415675
0.00442335
0.0017311
0.00413183
0.00029429
0.00762776
-0.00111212
0.00206318
-0.00081149
0.00771375
-0.00167626
0.00800724
0.00287412
-0.00065978
0.00150053
-0.0015382
-0.00057372
0.00297186
0.00189067
0.00634091
-0.00082407
0.00637846
0.00204308
0.00613129
-0.0053634
0.0085972
-0.00245831
-0.00394093
-0.00091808
6.272e-05
0.00441317
-0.00163205
0.002316
-0.00313138
-0.00143319
0.00506809
-0.00340092
-0.0084498
0.00512628
-0.00333045
0.00197484
-0.00375176
-0.00280363
0.01146719
0.00111419
0.00232227
-0.00519979
-0.00489644
0.00733053
-0.00205458
0.00667701
0.0006242
0.00534641
-0.00477326
-0.0057817
-0.0007873
0.00184233
-0.00396638
-0.00591402
-0.00589661
0.0004413
