#Average flux [c/s]: 33697.94526633925
#                                   T_start= 0 s
#                                   T_end= 1 s
#                                   CCF campionation= 1e-6 s
#                                   Fit amplitude= 0.1 s
#                                   Variable bin size= 10 ph/bin
-0.00052167
-0.00023384
0.00745931
0.00127756
-0.00199888
0.00215215
-0.0065503
0.00044143
-0.00265118
-0.00707765
0.00133209
-0.00246447
0.0050971
-0.00390976
-0.00295611
0.00259041
0.0045054
0.00133768
0.00630592
#999
0.00065499
0.0003105
#999
0.0034264
-0.00613273
0.0003437
-0.00070838
-0.00674664
-0.00043312
0.007126
#999
-0.00852396
0.00764819
-0.00103803
0.00325335
0.00153272
0.00601332
-0.00161233
-0.00058318
0.00091863
0.00649698
-0.00024612
-0.00033261
0.00229321
-0.0016121
-0.00783846
-0.00073757
0.00322209
0.00140836
#999
-0.00647774
-0.00135981
-0.00600235
0.00308325
-0.005037
-0.00572751
0.00213952
0.00110831
-0.00789663
-0.00140955
0.00295333
0.00234907
0.00104664
#999
-0.00203866
-0.0053923
-0.00188765
0.00832514
0.00225215
0.00535989
4.106e-05
0.0070286
0.00200217
-0.0007557
0.00455526
0.00231259
0.00181981
-0.00403521
0.00117206
0.00203065
-0.00182631
0.00353481
-0.00105946
0.00210272
0.00335215
0.00058457
-0.01064498
0.00020678
0.00341216
0.00443025
0.00253533
0.00011464
0.00478584
0.00550945
-0.00452198
0.00085352
-0.00284596
0.00097428
-0.00417915
-0.00091801
