#Average flux [c/s]: 17687.512644065777
#                                   T_start= 0 s
#                                   T_end= 1 s
#                                   CCF campionation= 1e-6 s
#                                   Fit amplitude= 0.1 s
#                                   Variable bin size= 10 ph/bin
0.01014129
-0.00630723
-0.00610524
-0.01228237
0.01262381
0.01195249
-0.00409397
#999
0.00708897
0.00660132
0.00330773
#999
-0.00746296
-0.01340104
0.00673497
0.01153634
-0.00357237
-0.00267572
0.00688532
-0.00470379
0.00555057
#999
-0.00237933
0.00098759
0.00154936
0.00643212
-0.00753474
0.00646481
#999
-0.00167414
0.00302951
0.00010676
#999
0.01293667
0.00669731
0.00193689
0.00387285
0.00743391
#999
0.00603638
-0.01268407
0.00622261
0.00454931
0.00155789
0.00564551
-0.00281943
-0.00030315
-0.00593633
0.00187805
0.00614897
0.0049441
0.01066264
0.01118384
-0.01066633
-0.00143787
0.00357819
-0.00028325
-0.00023681
0.00343699
0.00688374
0.01034128
0.00305918
-0.00201742
#999
#999
0.00417779
0.00615226
0.012709
0.01291648
-0.00105834
0.0074306
0.00126689
0.00707553
-0.0171506
-0.00744631
0.00349724
0.00613438
0.00669524
-0.00633986
0.01041169
0.01816741
0.00314579
-0.00151365
0.00223847
-0.02193529
-0.0023364
-0.0046064
#999
0.00673911
0.00656573
0.00121946
-0.0019124
0.01167645
0.00700057
0.00798177
#999
-0.00291675
0.00388739
-0.00115433
-0.00250119
