#Average flux [c/s]: 25541.687138011257
#                                   T_start= 0 s
#                                   T_end= 1 s
#                                   CCF campionation= 1e-6 s
#                                   Fit amplitude= 0.1 s
#                                   Variable bin size= 10 ph/bin
-0.00633953
0.00486807
-0.00955636
-0.00353431
0.0025921
0.00988639
0.00666199
0.00531961
0.01550095
0.00627218
-0.00074314
-0.00461583
-0.00277639
-0.00095561
-0.0010608
0.00128611
-6.631e-05
0.000115
-0.00314923
-0.00173138
0.0032624
-0.00383711
#999
-0.0096468
0.00304243
-0.00536281
-0.01092304
-0.00790573
-0.00083138
-0.00087029
0.01033543
-0.00151174
-0.01172197
-0.01187511
-0.00341388
-0.00772337
-0.00813081
0.00193201
-0.00147612
-0.00442932
0.00525835
-0.00121746
0.00149988
-0.00972559
-0.00085004
0.00790711
-0.00763317
-0.00327194
-0.00285223
0.00555238
#999
9.307e-05
#999
-0.00443606
0.00117184
0.01324104
-0.00104579
0.00374328
0.00129759
0.00248454
0.00469375
-0.00133304
-0.00169346
0.00609682
#999
#999
-0.00743503
-0.00060009
#999
0.00234106
0.00819709
#999
-0.00664741
0.00072566
#999
#999
-0.00263721
-0.00767109
0.00858714
-0.00355095
-0.00381663
-0.00048283
0.00717991
0.00452649
0.0018549
0.00832227
-0.00371355
-6.012e-05
-0.00037286
-0.00319656
#999
0.00828728
-0.00768728
#999
-0.00690185
0.00150215
-0.00484386
-0.00867232
0.00209513
0.00396568
