#Average flux [c/s]: 24333.352600481183
#                                   T_start= 0 s
#                                   T_end= 1 s
#                                   CCF campionation= 1e-6 s
#                                   Fit amplitude= 0.1 s
#                                   Variable bin size= 10 ph/bin
0.01004705
-0.00368897
0.00179898
-0.0011862
-0.00491412
0.00642853
-0.00679604
0.00307368
2.584e-05
-0.00166315
0.00525436
0.00264441
0.01017526
0.00477413
0.00444904
0.00280473
-0.00660311
-0.01208308
-0.00517181
-0.00078991
-0.00082975
-0.00624145
0.00053694
0.00943409
-0.01429079
-0.00495406
-0.00568761
-0.00758382
0.00656397
0.00106326
0.00256393
0.00474556
0.0023251
0.00732836
-0.0023691
-0.00298303
0.00788416
-0.00935867
-0.00698794
-0.00109642
0.00221546
0.00177015
0.01522366
0.0030742
-0.00720068
0.00118814
0.01105958
0.00244593
0.00176536
0.00160517
-0.00297819
-0.00297434
0.0026481
-0.00162186
-0.00349896
-0.00698007
-0.00610553
-0.00360876
-0.00926941
0.00980778
0.0031348
0.00187707
0.00208548
-0.00910118
0.00027183
0.00473798
-0.01370566
-0.00189259
0.00343775
0.00292252
-0.00599905
-0.00559587
0.01364475
0.00437552
0.00766011
0.00120931
#999
0.00916812
-0.00081868
0.00502584
-0.0043783
-0.00357526
-0.00529313
0.00389281
0.00463622
-0.01272637
0.00074352
0.00372415
0.00309719
-0.00236679
-0.01107635
0.00654895
0.00097028
-0.00017171
0.00024794
-0.00104246
0.00298801
-0.00054238
-0.00498986
-0.01278669
