#Average flux [c/s]: 15572.927203388148
#                                   T_start= 0 s
#                                   T_end= 1 s
#                                   CCF campionation= 1e-6 s
#                                   Fit amplitude= 111 s
#                                   Variable bin size= 10 ph/bin
-0.018822
-0.013805
0.031096
-0.036429
-0.005113
-0.029104
0.020804
-0.01455
-0.035596
0.021245
-0.003142
-0.007334
-0.006315
-0.003223
0.037367
-0.028673
-0.028588
-0.036912
-0.03506
-0.015556
-0.016486
-0.039362
-0.053628
0.036762
-0.035565
-0.005485
-0.006786
-0.001344
0.008766
0.004913
0.005449
-0.014246
-0.005457
-0.06103
-0.035138
0.008035
0.038388
-0.034706
-0.015323
-0.003997
-0.007148
-0.00437
0.004955
-0.006893
-0.033687
-0.019662
-0.082576
-0.054646
0.021894
0.033243
-0.008113
-0.003253
-0.034866
-0.00685
-0.028073
-0.037042
-0.007307
-0.033756
-0.005614
-0.016029
-0.028957
0.004395
-0.061171
-0.005728
-0.020654
-0.005158
-0.006876
-0.01378
-0.007553
-0.027695
-0.036052
0.022854
-0.054519
-0.025198
-0.003805
-0.050895
-0.014148
0.005356
-0.014463
-0.005716
-0.005361
-0.014521
-0.005506
0.004118
0.004376
0.037478
-0.005198
0.018838
-0.007784
-0.019657
-0.054523
-0.014403
-0.054156
0.058567
-0.054324
-0.007556
-0.002493
0.032195
-0.003258
0.003544
