#Average flux [c/s]: 13458.34176271052
#                                   T_start= 0 s
#                                   T_end= 1 s
#                                   CCF campionation= 1e-6 s
#                                   Fit amplitude= 111 s
#                                   Variable bin size= 10 ph/bin
0.00836
0.01479
-0.02128
0.0407
0.0125
0.0313
0.04542
-0.05511
0.01266
-0.00852
0.0096
-0.02289
-0.01055
-0.00769
-0.00327
0.01386
-0.01583
-0.01001
-0.00996
0.00889
-0.00927
0.05843
-0.02401
0.01521
-0.01797
-0.01068
0.03441
0.04154
0.01275
-0.01695
0.03402
-0.00958
0.0078
-0.01754
0.00844
-0.00326
0.00523
-0.03717
-0.02244
-0.01057
-0.01703
0.04522
-0.01752
-0.01027
-0.02234
0.04263
-0.01073
0.00885
-0.00972
-0.01085
0.02661
-0.00823
-0.01767
0.01126
0.00346
0.11561
0.01744
-0.0103
-0.01018
0.0079
0.00548
0.05595
-0.0566
-0.01038
-0.01619
-0.02214
-0.03655
-0.0093
-0.02179
-0.00907
-0.00952
-0.04978
0.00815
0.0132
-0.0242
-0.02281
-0.01151
0.02563
0.02244
-0.0091
-0.01772
0.01219
-0.03592
0.01636
-0.00989
0.04625
-0.00547
0.02654
-0.01764
-0.01014
0.02905
-0.00982
0.00233
-0.05825
0.00422
0.01133
-0.05461
-0.04335
0.01653
-0.00998
