#Average flux [c/s]: 7416.669075060147
#                                   T_start= 0 s
#                                   T_end= 1 s
#                                   CCF campionation= 1e-6 s
#                                   Fit amplitude= 0.1 s
#                                   Variable bin size= 10 ph/bin
-0.00968051
0.07178637
-0.02961491
-0.06514417
2.383e-05
0.00368806
0.04187527
-0.01217336
-0.07678214
-0.0005394
0.02915434
-0.00066727
-0.04043712
-4.752e-05
0.09097223
-0.01455581
-0.07342117
-0.00035065
0.01637952
0.00019616
0.00036372
0.06154909
0.0572641
-0.01470164
0.00030688
0.04318294
-0.07001106
0.00041447
0.00014522
-0.08397779
-0.00034845
-0.02212765
0.00769456
-0.07687759
0.000444
-0.07616016
-0.0659965
0.07589903
-0.072189
0.08107383
-0.03716323
-0.00041118
-0.04615392
0.06283646
-0.02387948
-0.0607047
0.02167211
-0.0586341
-7.01e-06
-0.01294193
-2.821e-05
-0.00033641
0.08414041
0.07913033
0.00029448
-0.01497681
0.00039438
8.833e-05
0.01604463
0.08057515
-0.0167818
-0.01835085
0.01763442
-0.07656402
-0.00018134
0.01973071
0.00024938
-0.01390467
-0.00041136
0.00303565
0.00028491
0.00014619
0.02094957
0.00941982
-0.00010937
-0.00623046
0.05959971
-0.04626468
-0.08964997
-0.0243156
0.01857978
0.0145216
0.00538209
0.014441
5.164e-05
-0.00461244
0.0030975
-0.02591351
0.06035143
0.01291719
-0.01821152
5.93e-05
0.04052145
0.104911
-0.00013117
0.00036539
0.00020525
-0.01121748
0.01436584
-0.00015648
