#Average flux [c/s]: 6510.418171912593
#                                   T_start= 0 s
#                                   T_end= 1 s
#                                   CCF campionation= 1e-6 s
#                                   Fit amplitude= 0.1 s
#                                   Variable bin size= 10 ph/bin
-0.0733588
-0.06321382
-0.0128882
0.00046559
0.07089032
-0.06009165
-0.00026499
0.00054585
-0.00046807
-5.459e-05
0.0685665
-0.0600531
-0.00191704
-0.07264752
-0.006146
0.00010952
0.03352623
-0.09285262
0.52680395
0.00015986
0.08159748
0.06641676
0.00050374
0.06925088
-0.00017917
0.00391582
-0.00094655
0.00778189
-0.07480604
-0.00040719
0.00054548
0.0001495
0.07265435
0.06583616
0.08294127
-8.951e-05
0.08391225
-0.00029956
0.06080315
0.0690595
0.02400197
0.06787152
-0.00101734
8.526e-05
-0.0654173
-0.07677392
5.171e-05
0.07740633
0.05745358
0.076538
-0.0004711
-0.06682093
0.00030504
-2.03e-06
-0.06092158
0.05878888
0.01755217
-0.08438643
-0.00035144
-0.07400876
-0.10016603
-0.00030479
-0.06726276
-0.00028934
-0.00012879
0.05674058
0.07229939
-0.02177704
0.00068096
0.07259965
0.06148704
9.536e-05
-0.00055745
0.06844823
0.0804448
0.00019459
-0.05600136
0.0753478
-0.0005536
-0.00015565
0.07709982
0.00082411
0.06750511
0.07634182
0.04676455
-0.01670765
-0.07554546
-0.06748637
0.21949448
0.06011778
0.01149145
0.06151232
-0.06468129
0.07254802
-3.912e-05
-0.07566777
0.05908416
-0.08830838
0.00014053
-0.06492778
