#Average flux [c/s]: 17687.512644065777
#                                   T_start= 0 s
#                                   T_end= 1 s
#                                   CCF campionation= 1e-6 s
#                                   Fit amplitude= 0.1 s
#                                   Variable bin size= 10 ph/bin
0.00274182
0.00594909
0.01532532
0.00228436
-0.00776916
-0.00128874
-0.00966927
0.00639859
0.00874172
0.00281878
-0.00470768
0.0043081
-0.00307071
-0.00686688
0.00085696
0.00128735
-0.00775925
0.00208027
0.0042122
-0.01073099
0.00288105
0.00066866
-0.00493943
0.00107789
-0.00440467
0.00075811
-0.0025524
0.00607769
0.00056647
-0.00691328
0.00303279
-0.00862239
-0.00432782
-0.00287858
-0.00202714
-0.01072454
0.00595593
0.00076524
0.0102085
0.00265146
-0.00663958
-0.01366475
-0.00598275
0.00464561
0.00200692
#999
-0.01083299
-0.00420341
-0.00017696
-0.01213996
0.00263587
-0.00354084
#999
-0.00432337
-0.00054817
0.00221913
-0.00182307
0.01251836
#999
#999
0.01553221
#999
#999
-0.00312281
-0.0027199
4.166e-05
0.0018158
#999
0.00713494
-0.01100157
-0.00550057
-0.00248105
#999
-0.00401863
0.00203185
-0.00749036
0.00163368
0.00116788
0.00291574
0.00763075
0.00040422
-0.00679206
#999
0.00677639
0.0044715
-0.01162082
-0.00329002
0.00766432
0.00973792
-0.01185755
0.00326911
-0.0023817
0.00600607
-0.00018608
0.00014019
-0.00712066
0.00253849
#999
0.00154637
0.00024397
