#Average flux [c/s]: 30072.941653749036
#                                   T_start= 0 s
#                                   T_end= 1 s
#                                   CCF campionation= 1e-6 s
#                                   Fit amplitude= 111 s
#                                   Variable bin size= 10 ph/bin
-0.01812
0.02738
-0.01763
0.00956
-0.01908
-0.00494
-0.01885
-0.01917
0.00764
0.01037
-0.01916
-0.00793
-0.00883
-0.01816
0.01005
0.0519
-0.00106
-0.0113
0.00368
-0.00506
0.00537
0.01937
0.02237
0.01647
-0.0044
-0.01816
0.02184
0.00883
0.00962
-0.01813
0.0075
-0.01808
0.01482
0.01515
0.02569
0.01671
0.01305
0.01106
0.02149
0.02221
-0.01198
0.02499
-0.00157
0.01494
0.01852
0.0072
-0.01968
-0.02335
0.01217
0.00321
-0.01905
-0.01887
-0.00209
0.03467
-0.00272
-0.00453
0.01244
-0.01485
-0.01441
0.01769
0.02182
0.01
-0.03312
-0.00114
0.0038
-0.01452
-0.01493
0.01197
0.0165
-0.00483
0.00531
0.02597
0.01491
0.01643
0.02535
0.02108
0.00182
-0.00238
0.01103
0.02216
0.02331
-0.02156
0.00353
0.00717
0.00551
0.0254
-0.02898
-0.02044
-0.01494
0.02009
-0.0194
0.01656
-0.0014
0.01509
0.01656
-0.03303
-0.01467
0.00911
0.02962
-0.00474
