#Average flux [c/s]: 13458.34176271052
#                                   T_start= 0 s
#                                   T_end= 1 s
#                                   CCF campionation= 1e-6 s
#                                   Fit amplitude= 0.1 s
#                                   Variable bin size= 10 ph/bin
-0.01473878
0.00678455
-0.00244246
-0.00812649
-0.03372362
-0.02145742
-0.00728642
-0.01637257
-0.02439917
-0.01144541
-0.01135189
-0.01810149
-0.01683299
-0.01517577
-0.00238951
-0.01409983
-0.00420154
-0.01842324
-0.01748124
7.286e-05
-0.02823418
-0.02036699
-0.02381058
-0.00744642
-0.02414108
-0.01735663
-0.02701353
-0.01928361
-0.01595806
-0.03484879
-0.01542568
-0.00250602
-0.0104279
-0.01627178
-0.01360647
-0.01554146
-0.00576347
-0.02000095
-0.02202342
-0.00719615
-0.01009785
-0.01627836
-0.0158076
#999
-0.00336119
-0.01858981
-0.02180273
-0.00204646
-0.02356892
-0.02960033
-0.01456173
-0.01999433
-0.0135147
-0.0037114
-0.00839383
-0.01562244
-0.01214029
-0.02776709
-0.0197088
-0.00758938
-0.01015375
-0.03493083
0.00076991
-0.00368421
#999
-0.01047367
-0.00156544
-0.03092856
-0.02010898
-0.01535458
-0.00705015
-0.02288147
-0.02924089
0.00027365
-0.03155422
-0.01653141
-0.01784445
-0.01436906
-0.01396641
#999
-0.0326073
-0.01367295
-0.01408717
-0.01307162
-0.01309899
-0.02557912
-0.03096325
-0.01753417
-0.00877789
#999
-0.0057882
-0.02000137
-0.00019979
-0.02301206
-0.00051797
-0.01783236
-0.03918241
-0.00654323
-0.00943325
0.00771739
