#Average flux [c/s]: 24333.352600481183
#                                   T_start= 0 s
#                                   T_end= 1 s
#                                   CCF campionation= 1e-6 s
#                                   Fit amplitude= 111 s
#                                   Variable bin size= 10 ph/bin
-0.00594
-0.0218
0.01041
0.01098
-0.01088
-0.01023
-0.01998
-0.0257
-0.0348
-0.01036
-0.01258
-0.02195
-0.01095
-0.00574
-0.0135
0.01314
-0.02642
0.0253
-0.00449
0.01883
0.01007
-0.00565
0.03801
-0.01337
-0.00531
0.01335
-0.01261
-0.01429
0.01117
0.00235
-0.01345
-0.01305
0.02515
-0.02128
-0.00548
0.00196
0.01035
-0.01729
-0.01053
0.01915
0.00939
-0.01036
0.02499
0.00953
0.01017
-0.00551
-0.00515
-0.02316
0.00565
-0.00536
-0.01453
0.01167
0.02534
-0.01663
0.02502
-0.01419
-0.0056
0.01036
-0.00551
-0.01309
-0.00554
-0.00998
-0.01232
-0.01657
0.01139
0.00233
0.02711
0.02901
0.01125
-0.03477
-0.00993
-0.01604
-0.0126
-0.00104
-0.0057
-0.01112
-0.00643
0.01863
-0.00563
-0.01214
-0.01153
-0.01434
-0.01079
0.0098
-0.02467
-0.01295
-0.00128
-0.01122
-0.01971
0.00272
-0.03132
-0.01137
-0.01423
-0.00366
0.00284
0.02941
-0.01133
-0.01386
0.03144
0.02444
