#Average flux [c/s]: 26145.854406776296
#                                   T_start= 0 s
#                                   T_end= 1 s
#                                   CCF campionation= 1e-6 s
#                                   Fit amplitude= 111 s
#                                   Variable bin size= 10 ph/bin
-0.01938
-0.01802
-0.00218
-0.01996
-0.00267
0.03736
0.02436
0.04572
-0.04303
0.00584
-0.01554
-0.02087
-0.00153
0.00017
0.01203
0.02147
0.02698
-0.01617
-0.01915
0.01422
-0.02935
0.00163
-0.01976
0.01377
0.00311
0.01224
-0.01737
0.01416
0.01975
0.01388
0.03672
0.01396
0.01456
-0.02523
0.02063
0.01948
0.02217
0.0178
0.00636
0.01386
0.03185
-0.02022
-0.02508
-0.02013
-0.01843
-0.01512
-0.02937
-0.00279
0.01718
0.00292
-0.01097
0.00267
0.00305
-0.00933
-0.00896
0.01214
-0.01799
-0.01989
-0.01292
-0.02777
-0.02485
-0.00231
0.02007
-0.00061
0.01801
-0.02544
-0.00126
-0.00926
0.04222
-0.00888
-0.0211
-0.0161
-0.03741
-0.01941
0.00348
-0.0198
0.00587
0.01197
-0.00153
0.03706
-0.01902
-0.00903
-0.00884
-0.00132
-0.00306
-0.00413
0.02035
-0.02477
-0.02096
0.03277
-0.01097
0.01433
0.01743
-0.01601
0.01936
-0.01691
-0.01978
-0.00371
-0.02384
-0.01888
