#Average flux [c/s]: 29468.774384984
#                                   T_start= 0 s
#                                   T_end= 1 s
#                                   CCF campionation= 1e-6 s
#                                   Fit amplitude= 0.1 s
#                                   Variable bin size= 10 ph/bin
0.0003499
-0.00692345
#999
-0.00122206
-0.00205051
-0.00693701
0.00586428
-0.00234282
-0.00983945
-0.00490525
0.00201586
0.00591135
-0.00211588
5.514e-05
-0.00870145
0.00032851
0.00175286
-0.00652859
0.00548029
-0.00360546
-0.00537696
-0.01119367
-0.00786533
#999
0.00608891
-0.00402083
-0.00290059
0.00708091
-0.00528113
-0.00800686
0.00768498
-0.0042009
-0.00161286
-0.0106525
-0.00733116
-0.00152555
-0.00802925
-0.00055027
-0.00952085
0.00043636
#999
-0.00038147
-0.00076603
#999
-0.0015733
-0.00599928
-0.00048665
0.00395709
-0.00090073
-0.01054051
-0.00297215
-0.00451729
-0.00295137
0.00061456
-0.00639359
0.00064254
-0.00410823
-0.00198696
-0.0005819
-0.00503497
-0.01013715
-0.00356562
0.0030992
0.00147261
-0.00683691
0.00119653
-0.00765139
-0.00177395
-0.00704921
-0.00142157
-0.00492327
-0.00140086
0.00117128
0.00593613
#999
0.00305469
-0.00063419
-0.00188592
-0.0044022
0.00287463
0.00394648
0.00281438
-0.00120516
-0.00366531
-0.00764295
#999
-0.0046151
-0.00497857
#999
0.00391678
0.00102371
-0.0097434
-0.00576362
0.00036243
0.00229038
#999
-0.00618854
-0.01160218
-0.0005699
-0.00357763
