#Average flux [c/s]: 27656.27257868889
#                                   T_start= 0 s
#                                   T_end= 1 s
#                                   CCF campionation= 1e-6 s
#                                   Fit amplitude= 0.1 s
#                                   Variable bin size= 10 ph/bin
-0.01310121
-0.00338099
-0.00451566
-0.00804868
-0.01169411
-0.01203213
-0.00257621
-0.00344193
-0.00607724
-0.00790421
-0.0134795
#999
-0.02610196
-0.01278601
-0.00342544
-0.01318693
-0.00712729
0.00524934
-0.00465955
-0.0077033
-0.00789824
-0.0070831
-0.00588449
-0.00186605
-0.00449877
-0.00178689
-0.00439774
-0.00985558
-0.00224218
-0.00565572
0.0012768
-0.00901177
-0.00414688
0.003369
-0.01144105
-0.00413694
-0.00319162
-0.01680122
-0.01710106
-0.00737323
-0.00485
-0.00920994
-0.00671641
-0.00236697
-0.00896103
-0.00599224
-0.00039667
-0.01369953
-0.00035006
-0.01402622
-0.01222592
-0.00349604
0.0008776
-0.01515333
#999
-0.00528132
-0.00622665
-0.0106551
-0.00594795
-0.01031901
-0.00715339
-0.01285675
-0.01539921
-0.01476019
-0.00721443
0.00035552
-0.00225995
-0.00244364
-0.01066045
-0.00888724
-0.00687467
#999
-0.0068125
-0.00643489
-0.01368087
-0.00912293
-0.01287036
-0.01251571
-0.01402568
#999
0.0010857
-0.01135168
-0.01379778
-0.01216371
-0.01219263
-0.00356635
#999
-0.01577544
-0.00679043
-0.0076039
#999
-0.00758748
-0.0137439
-0.00675073
-0.00542595
-0.01115995
-0.00651281
-0.0075567
-0.01159678
-0.01187832
