#Average flux [c/s]: 7416.669075060147
#                                   T_start= 0 s
#                                   T_end= 1 s
#                                   CCF campionation= 1e-6 s
#                                   Fit amplitude= 0.1 s
#                                   Variable bin size= 10 ph/bin
-0.06251951
0.01247372
-0.03819832
-0.22429182
-0.01278102
-0.10534575
-0.03708732
-0.27218102
0.00050458
-0.44278736
0.02373232
0.04855311
-0.26237147
0.07019059
-0.06972223
-0.19282914
-0.02275549
-0.11633419
0.02485986
0.00322459
-0.097937
0.05145795
-0.12933096
-0.0260891
-0.12596003
-0.28420946
-0.08446922
-0.01496974
-0.06663685
0.04238924
-0.01068255
-0.01802206
-0.0658156
#999
-0.06939028
-0.17874765
-0.06884183
-0.0872085
-0.07362568
0.00878851
0.02931282
-0.04577425
-0.44505559
-0.09654564
-0.04411852
-0.09379012
#999
-0.04939482
-0.08869823
-0.01805321
-0.09679765
0.02129909
-0.04659768
0.00056134
0.16006446
-0.1490944
-0.07149224
-0.05123677
0.04608179
0.01166793
-0.04276725
0.95815194
0.02481255
-0.11998555
-0.13941231
0.12617226
0.14236775
0.00704339
#999
-0.11383928
-0.11090785
-0.06539001
-0.01660376
0.00301255
-0.03995782
0.13493686
0.00883059
0.04082187
-0.11021839
-0.11298879
-0.04224135
-0.07259356
-0.08777331
-0.14644
-0.08751674
0.14347349
-0.17676669
0.19361509
-0.06486535
-0.10337106
-0.1150818
#999
-0.26850295
-0.0561935
-0.09897408
-0.04084823
-0.00906227
#999
0.00423643
-0.11501008
