#Average flux [c/s]: 32791.6943631917
#                                   T_start= 0 s
#                                   T_end= 1 s
#                                   CCF campionation= 1e-6 s
#                                   Fit amplitude= 0.1 s
#                                   Variable bin size= 10 ph/bin
0.00415904
-0.00127486
0.0016859
-0.00524592
0.00017644
-0.00038052
0.00018954
0.00135544
-0.00271539
0.00406747
0.00602544
-0.00525603
0.00158153
0.00378186
0.00388829
-0.00573894
-3.262e-05
-0.0102629
-0.00605356
-0.0043796
-0.00180766
0.00378835
-0.0024123
-0.00311296
-0.00202922
0.00395513
-0.00386967
0.00631335
-0.00322999
0.00291071
0.00118124
0.00180571
0.00649852
0.00123564
-0.00137468
0.00395153
-0.0044227
0.0033024
0.00539981
0.00620353
-0.00111505
0.00115308
-0.00140805
-0.00419398
-0.00814954
-0.0062476
0.00311871
0.00457388
0.00173525
0.00542005
0.00356937
-0.00591298
-0.00516209
0.01040027
-0.00433928
0.00012488
-0.00632965
0.00165014
0.00622425
-0.00545192
-0.00215877
0.00559972
-0.00572498
0.0007297
0.00188479
0.00339798
0.00577114
-0.00322662
0.00084858
0.00757062
-0.00448741
0.00217245
0.00233599
-0.00229998
-0.00346381
-0.00788475
-0.00592837
0.00500326
-0.00628873
-0.0020565
0.00175826
-0.00041691
-0.00718589
0.00043504
0.00112229
-0.00454183
1.099e-05
0.00351151
0.00116111
0.00263991
-0.00138331
-0.00111456
0.00617594
0.00171345
0.00296594
-0.00445186
-0.00322744
0.0037999
0.00658848
0.00203661
