#Average flux [c/s]: 14062.509031475554
#                                   T_start= 0 s
#                                   T_end= 1 s
#                                   CCF campionation= 1e-6 s
#                                   Fit amplitude= 111 s
#                                   Variable bin size= 10 ph/bin
-0.000149
0.000105
-2.8e-05
-5.8e-05
0.000102
-0.000107
-0.000161
0.000114
-8.1e-05
2.4e-05
4e-05
8e-06
-4.5e-05
-0.000267
0.000247
0.000241
5.6e-05
1.1e-05
5e-06
-0.000241
-9.8e-05
0.000172
-5.6e-05
-5.4e-05
1.1e-05
2.7e-05
-3.7e-05
-4.1e-05
-0.000127
2.3e-05
0.000162
0.000203
3.4e-05
1.6e-05
-2.7e-05
1.5e-05
-0.000154
-9.4e-05
-4.1e-05
-1e-06
-5.8e-05
-0.000108
-1.8e-05
5.7e-05
3e-05
-0.000118
-9.7e-05
3e-06
-1.6e-05
5.8e-05
2.9e-05
0.000176
-3.9e-05
-5e-06
0.000245
-4.7e-05
-0.00011
-1.2e-05
-4.2e-05
-7.2e-05
6.6e-05
-6.7e-05
-1.3e-05
2.9e-05
-2.4e-05
0.000149
-0.000112
0.000171
8.3e-05
1.3e-05
0.000102
8.7e-05
-2.3e-05
-3.3e-05
-3.4e-05
-2.7e-05
-0.000176
0.0002
5.6e-05
1.8e-05
7.1e-05
9.1e-05
-0.000145
-3e-06
1.3e-05
-4.4e-05
5.2e-05
-4e-06
6.4e-05
-2.8e-05
0.000119
4.7e-05
-5.5e-05
-3.6e-05
-2.4e-05
7.6e-05
-2.1e-05
0.000119
-9.2e-05
-7.1e-05
