#Average flux [c/s]: 6812.50180629511
#                                   T_start= 0 s
#                                   T_end= 1 s
#                                   CCF campionation= 1e-6 s
#                                   Fit amplitude= 111 s
#                                   Variable bin size= 10 ph/bin
0.000164
0.000275
0.000234
-0.000178
-0.000107
-0.000104
-0.000283
-0.000276
0.000172
-0.000288
-0.000247
0.000583
-0.000279
6.4e-05
0.000126
-0.000531
0.000251
0.000542
0.000598
0.000165
-0.000148
-0.000229
0.00023
0.000466
-0.000157
0.000227
0.000283
-4e-05
1.3e-05
0.000117
-0.000258
-0.00051
-0.000198
8.9e-05
-0.0003
5e-05
-0.000452
-0.000121
0.000414
0.000273
0.000263
0.000347
-2.6e-05
5.7e-05
1.4e-05
-0.000427
0.000123
0.000113
-0.000655
0.000552
0.000267
-0.000429
0.000372
0.000111
0.000505
-0.00034
0.000151
0.00076
9.3e-05
0.000149
0.000442
-6.3e-05
3.1e-05
0.00015
0.000305
0.00049
-0.000112
0.00045
0.000121
-8.4e-05
-2.2e-05
-0.000118
2.3e-05
1.2e-05
0.000274
1.5e-05
0.000261
0.0
0.000158
-8e-06
2e-06
-0.000208
-0.000122
0.000265
0.0003
-0.000408
-0.000305
1.5e-05
0.000114
-0.000186
0.000432
4.8e-05
-0.000451
0.000212
-3.4e-05
-0.000132
-0.000413
-0.00016
0.000185
-8.7e-05
