#Average flux [c/s]: 6812.50180629511
#                                   T_start= 0 s
#                                   T_end= 1 s
#                                   CCF campionation= 1e-6 s
#                                   Fit amplitude= 111 s
#                                   Variable bin size= 10 ph/bin
0.05735
0.05616
0.0376
0.05026
-0.11745
-0.1115
0.0539
0.05352
-0.11028
0.00702
-0.05389
-0.0359
0.0065
0.11988
0.02438
0.05587
-0.06649
-0.10091
-0.00285
0.0586
-0.05886
0.12706
-0.04789
0.05966
-0.10773
-0.14662
0.05748
0.02424
0.0542
-0.14318
0.05453
0.10381
0.10441
0.02135
-0.07596
0.05846
0.04667
-0.0551
0.05557
-0.05144
-0.09738
0.05906
-0.06675
0.07705
-0.0699
0.05552
-0.11035
0.02523
-0.00542
-0.10002
-0.05424
-0.06674
-0.03991
-0.14675
0.13987
-0.09858
0.05296
-0.03264
-0.09765
-0.1133
-0.10955
0.12157
0.05889
0.09588
-0.14604
-0.14349
-0.04928
-0.04842
0.0581
-0.0309
-0.03718
0.0254
0.12311
0.00953
-0.08058
0.14068
-0.08052
-0.05408
0.00717
-0.0046
0.0456
0.12287
-0.07853
0.08375
0.07513
-0.04116
-0.06756
0.00497
-0.10162
0.00619
-0.09359
-0.06615
0.05869
-0.03838
-0.03177
-0.10776
-0.1463
-0.04106
0.0569
0.05267
