#Average flux [c/s]: 14062.509031475554
#                                   T_start= 0 s
#                                   T_end= 1 s
#                                   CCF campionation= 1e-6 s
#                                   Fit amplitude= 0.1 s
#                                   Variable bin size= 10 ph/bin
-0.00317361
-0.00311947
0.00346592
0.00113956
-0.00800227
-0.01359715
0.00749941
-0.01865535
0.001262
0.00258494
-0.00648998
0.00817016
0.00745572
0.00090252
-0.00355901
-0.00141489
-0.01019079
-0.00472935
0.00805605
-0.00917198
0.00754154
-0.00344084
0.00370583
-0.01261993
0.00823486
-0.00602663
-0.01107009
-0.00136859
0.00653729
0.01010568
0.00059754
-0.01729933
0.00741108
0.0092391
-0.00421683
-0.00849999
0.00469829
-0.00164719
-0.00824353
0.0043232
-0.03426169
-0.01171409
-0.00202412
-0.0138656
-0.00141902
-0.00456041
0.00265235
-0.00496273
0.00094498
-0.00656326
0.00107337
0.00111188
0.00543576
-0.00534451
-0.01016418
0.00189395
-0.01373479
-0.00504442
0.01184351
0.0016341
0.01726752
-0.00357546
-0.00384055
-0.01826873
0.01162936
-0.00847864
-0.00125043
0.00372599
-0.00341524
0.00609341
0.00163156
0.00451189
0.0061076
-0.00550083
-0.00936944
0.00322982
-0.00235283
0.00562697
0.00448345
0.01252411
0.01316136
-0.0035129
0.00620029
-0.01702502
-0.00345693
-0.00037674
-0.01058631
-0.00904172
-0.01663886
-0.00094823
-0.00090093
-0.00365566
-0.00868515
-0.01436721
#999
0.00165112
0.0016736
0.00314187
-0.01510138
-0.01282559
