#Average flux [c/s]: 19197.930815978365
#                                   T_start= 0 s
#                                   T_end= 1 s
#                                   CCF campionation= 1e-6 s
#                                   Fit amplitude= 111 s
#                                   Variable bin size= 10 ph/bin
-2.7e-05
4.2e-05
4.5e-05
-1.4e-05
9.2e-05
-8.6e-05
2e-05
0.000104
-0.000118
-0.000121
1.8e-05
-5.6e-05
0.000226
-4.2e-05
2.2e-05
8e-06
-3.8e-05
5.5e-05
-2.3e-05
-8.9e-05
2e-05
-1.9e-05
4.2e-05
3.3e-05
5.7e-05
-1.8e-05
9e-06
-3.4e-05
-7.3e-05
-2.1e-05
-7.1e-05
6.7e-05
-5.5e-05
-0.000118
0.000167
-6.2e-05
3.8e-05
-5e-06
-2.4e-05
-6.5e-05
-4e-05
-8.5e-05
-7e-06
6.6e-05
6e-06
-6.9e-05
0.000101
-3.7e-05
8.1e-05
-1.1e-05
-6.8e-05
-9.3e-05
5.7e-05
5.9e-05
-0.000106
1e-06
3e-05
7.2e-05
-6e-05
4.3e-05
-0.000103
-3e-05
2.4e-05
-2.9e-05
9e-05
-4e-06
-9e-06
6.8e-05
-1.9e-05
-3.4e-05
-8.7e-05
-8.5e-05
1.8e-05
1.3e-05
4.6e-05
6.4e-05
5.5e-05
-0.000114
-4.9e-05
-1.3e-05
0.000126
3.1e-05
9.3e-05
-2.3e-05
2e-06
-3.3e-05
0.000118
1.7e-05
-7e-06
-3.7e-05
3.8e-05
5.1e-05
-1.6e-05
-4.9e-05
3.6e-05
-2.2e-05
-0.000108
-1.9e-05
7.5e-05
3.5e-05
