#Average flux [c/s]: 11645.839956415406
#                                   T_start= 0 s
#                                   T_end= 1 s
#                                   CCF campionation= 1e-6 s
#                                   Fit amplitude= 111 s
#                                   Variable bin size= 10 ph/bin
0.000135
0.000208
-7.8e-05
0.000169
-3.1e-05
-7.8e-05
-0.00011
0.000235
3.8e-05
0.000164
0.000148
1.1e-05
-0.00013
-6e-06
8.9e-05
-0.00017
-6.7e-05
0.000119
0.000184
6.3e-05
-4.2e-05
0.000125
0.000139
-1.8e-05
8.5e-05
-7.9e-05
0.00011
-9.2e-05
0.000197
0.00017
-3e-05
-6.5e-05
8.3e-05
-8e-06
0.000147
4.8e-05
-0.000103
3.5e-05
2.4e-05
-5.3e-05
-9.3e-05
-0.00022
-0.0001
8.9e-05
0.000125
-4e-06
0.000129
8.5e-05
-0.000225
0.000256
-0.000162
-8.2e-05
-3.4e-05
-1e-06
-0.000141
-9.2e-05
0.000152
1.8e-05
-5.1e-05
7.8e-05
0.000266
-0.000115
-3.1e-05
-8.8e-05
0.000281
3.8e-05
6.6e-05
-4.7e-05
0.000124
-3.9e-05
-6.5e-05
5.2e-05
6.9e-05
0.00015
-7.9e-05
-0.000175
0.000195
-0.000122
-6e-06
-0.000135
9.7e-05
-0.000105
0.000142
0.00013
-2.5e-05
2.3e-05
-0.000231
0.000254
0.000177
8.2e-05
0.000142
-0.000243
0.000184
-0.000129
-6e-05
6.3e-05
-4.8e-05
-0.000118
-0.00013
-3.7e-05
