#Average flux [c/s]: 26750.021675541335
#                                   T_start= 0 s
#                                   T_end= 1 s
#                                   CCF campionation= 1e-6 s
#                                   Fit amplitude= 111 s
#                                   Variable bin size= 10 ph/bin
0.05417
0.02166
0.02175
0.0208
-0.00883
0.02073
0.00615
0.0087
0.01598
0.00672
-0.01735
0.02
0.03019
0.0213
0.00045
0.02056
0.02171
-0.00297
-0.02512
0.00645
-0.00611
-0.01051
-0.0016
0.02691
0.01597
-0.01884
0.02516
0.02068
0.02028
0.04787
0.02325
-0.01574
-0.00873
0.02545
0.04854
-0.00893
0.02286
0.00915
0.02089
0.01462
0.02164
0.00046
-0.00418
-0.0134
0.0336
0.01992
-0.00301
0.00022
0.03011
-0.00383
0.02507
0.0211
0.01577
-0.01116
-0.01169
0.02111
0.04755
-0.00909
0.00053
-0.0065
0.02067
0.02093
-0.02241
0.02758
0.01602
0.02143
0.02568
0.02511
0.02083
0.0169
0.0069
-0.02529
0.02713
0.02138
0.0274
0.02285
0.03402
-0.00882
-0.00681
0.02129
0.02147
0.00825
0.02142
0.01557
0.02046
0.0089
0.02087
-0.00158
-0.01176
-0.01595
-0.00942
-0.00239
0.00639
0.02916
0.05219
-0.00912
0.03096
0.02146
0.02089
0.02163
