#Average flux [c/s]: 26145.854406776296
#                                   T_start= 0 s
#                                   T_end= 1 s
#                                   CCF campionation= 1e-6 s
#                                   Fit amplitude= 0.1 s
#                                   Variable bin size= 10 ph/bin
0.00431987
0.0010465
-0.00319033
0.00330303
0.0023295
0.00442421
-0.00221399
0.00048545
0.00128849
0.00496507
0.00523033
-0.0152792
0.00233963
0.00157142
-0.00894946
-0.00761423
-0.00425836
0.00225842
7.049e-05
0.00367868
-0.00628073
0.00557225
0.00219932
-0.00740628
-0.00340362
-0.0067899
-0.00028654
-0.00123472
0.00782155
-0.00669669
0.01219358
-0.00516134
-0.00023991
-3.744e-05
0.00010426
0.00377739
-0.0028265
0.00640298
-0.00175715
0.00440592
0.00778716
-0.00314324
0.0123678
0.008685
-0.00302825
0.00567737
#999
0.01125316
0.0104709
-0.01012321
0.00013025
-0.00150527
-0.0092651
0.00151791
0.0004989
0.00429478
-0.00353199
0.00392556
0.00533666
-0.00626202
-0.00328516
0.00678603
0.00917861
-0.00111404
0.00011856
-0.00868079
0.00624423
-0.00183127
-0.00147423
-0.0164326
-0.00165603
#999
0.00112674
-0.00039028
0.00663818
0.00358452
0.00598221
0.0008435
-0.00264104
-0.00483991
0.00164437
0.00066733
-0.00461084
-0.00326926
-0.00025776
-0.00065168
0.00204768
0.01114902
0.00691757
0.00267932
-0.00225084
0.00246805
0.00851999
0.0048587
0.00453644
-0.00474971
-0.00356867
-0.00209083
0.00584783
0.00787366
