#Average flux [c/s]: 16177.094472153185
#                                   T_start= 0 s
#                                   T_end= 1 s
#                                   CCF campionation= 1e-6 s
#                                   Fit amplitude= 111 s
#                                   Variable bin size= 10 ph/bin
-0.057148
-0.014672
0.016388
0.023984
-0.033124
-0.003504
-0.00716
0.04074
0.076646
-0.008081
0.016555
-0.007676
0.019363
-0.008373
0.011671
0.019289
0.01089
0.016977
0.004548
-0.002806
0.026502
-0.005258
-0.008031
0.019345
-0.013678
-0.025818
0.005343
-0.013561
0.024969
-0.008923
0.035039
0.02512
0.011994
0.004992
0.025242
-0.032937
0.010988
0.016901
-0.031095
0.016819
-0.009155
-0.033216
-0.021494
0.016363
-0.008496
-0.032813
-0.029621
0.025448
-0.032142
-0.034005
-0.007526
0.003442
-0.008592
0.040192
-0.025105
0.025238
0.00602
0.01883
0.040705
0.018887
-0.039711
-0.016904
-0.003461
-0.029149
-0.007318
0.004137
-0.008974
-0.000809
0.030939
0.019422
0.004073
-0.029188
-0.038562
-0.006731
-0.001509
-0.008107
0.02286
0.019362
-0.00128
-0.038105
0.016914
0.005503
-0.008154
-0.014767
-0.006845
0.016483
-0.026963
0.01018
-0.003022
0.033093
-0.021751
-0.008163
0.030906
0.036749
-0.010846
-0.014382
-0.007042
-0.006128
-0.007999
0.017009
