#Average flux [c/s]: 17989.596278448294
#                                   T_start= 0 s
#                                   T_end= 1 s
#                                   CCF campionation= 1e-6 s
#                                   Fit amplitude= 111 s
#                                   Variable bin size= 10 ph/bin
5.1e-05
-2.1e-05
1.6e-05
8.1e-05
2.8e-05
0.000109
-6e-06
6.2e-05
6e-06
-9e-06
0.000104
0.000106
-2.1e-05
-1.5e-05
-1.6e-05
6.7e-05
-6.8e-05
-6.4e-05
6e-06
3.7e-05
-2.7e-05
-2e-05
-2.3e-05
-8.2e-05
-5.8e-05
-7e-06
8e-05
1.9e-05
-2.1e-05
2.5e-05
-4.2e-05
1.8e-05
-2.2e-05
-0.000173
-8.2e-05
-6.7e-05
8.2e-05
2.1e-05
-1.2e-05
6.4e-05
1e-06
-8e-06
-0.000117
-3e-06
-2.2e-05
0.000115
-5.4e-05
4.6e-05
2.5e-05
-0.000107
-3.5e-05
7.6e-05
-5.5e-05
0.000111
-1.2e-05
7.2e-05
5e-05
5e-06
-2e-06
1.8e-05
6.4e-05
-1e-06
-6.1e-05
4e-05
3.7e-05
7.3e-05
1.5e-05
1e-06
-3e-05
-3.6e-05
0.000149
0.000108
-7.9e-05
-3.2e-05
-6.8e-05
-8e-06
3.4e-05
-7e-06
5.9e-05
7.1e-05
-3.6e-05
-2.8e-05
0.000105
-9.6e-05
-1.1e-05
5.4e-05
5.8e-05
3.8e-05
3e-05
-3e-06
-7.5e-05
8e-06
-1.7e-05
-2.7e-05
3.4e-05
1.2e-05
1.1e-05
-7.1e-05
0.000101
0.0
