#Average flux [c/s]: 20708.34898789096
#                                   T_start= 0 s
#                                   T_end= 1 s
#                                   CCF campionation= 1e-6 s
#                                   Fit amplitude= 0.1 s
#                                   Variable bin size= 10 ph/bin
0.00330228
0.00325907
0.0063255
0.00353707
0.00853663
0.00238683
0.0006256
0.00412734
0.00841896
0.00453853
8.744e-05
0.00469283
-0.0112209
0.00200592
-0.00265853
0.00525575
0.0086351
-0.00120045
-0.00503123
0.00188109
-0.00224662
0.00498693
0.00087313
0.00489291
0.00667871
0.00419968
-0.00544857
-0.00620457
-0.00144352
-0.00418131
-6.95e-06
0.01702677
-0.00079677
-0.00913783
-0.01003512
-0.00991691
-0.00349309
0.00497406
0.0047653
-0.00552805
-0.00776997
-0.00349529
0.00799408
-0.00274698
-0.00158535
0.00903484
0.00587028
0.00984126
-0.00849269
0.00621728
-0.00294307
0.00132283
0.00060946
-0.00753884
-0.00027669
-0.0022606
0.00472834
0.00551653
0.00140285
-0.00372192
0.00203552
-0.0123321
0.00839758
-0.00926777
-0.00355168
0.00966889
0.00290107
0.00501686
-0.00802913
-0.01177667
0.00253579
-0.00312946
-0.00210262
0.01153665
-0.00401639
-0.00588765
0.00141819
-0.00465486
0.00682213
0.00707322
-0.00121671
0.00134886
-0.01330582
-0.00174291
0.00785588
0.00607462
0.00015343
0.00079013
0.00445177
0.00244937
-0.00095401
-0.00262558
-0.00353661
-0.00510536
-4.62e-06
0.00298716
0.0011136
0.00313228
-0.00196631
0.00212889
