#Average flux [c/s]: 9531.254515737775
#                                   T_start= 0 s
#                                   T_end= 1 s
#                                   CCF campionation= 1e-6 s
#                                   Fit amplitude= 111 s
#                                   Variable bin size= 10 ph/bin
-6.8e-05
-6.3e-05
-0.000276
0.000312
-7e-06
-0.000455
-3.8e-05
-6.4e-05
8.9e-05
-3.1e-05
-4.8e-05
2.9e-05
-0.000471
-2.3e-05
9.4e-05
0.000121
-0.000346
-0.000418
-0.000118
-1.2e-05
-0.000324
0.000172
1.9e-05
-9.5e-05
-0.000398
2.1e-05
8.1e-05
-9.4e-05
6.2e-05
2.9e-05
0.000197
-0.000131
-7.1e-05
-8.3e-05
-0.000316
0.000141
-0.000115
-0.00011
-0.000151
6e-05
0.00011
-0.000858
-0.000339
-0.000408
-9.7e-05
-2e-06
-0.0002
-9.5e-05
0.000259
-6e-06
-0.000144
-5.4e-05
0.000182
0.000131
-1.5e-05
0.000213
0.000253
7.5e-05
-0.000187
4.7e-05
-0.000292
-0.000231
-0.000157
-0.000145
-7.8e-05
1e-06
-0.000202
0.000107
0.000255
0.000137
0.000131
0.00032
2.3e-05
-0.000143
-3e-06
-0.00019
9.3e-05
0.000102
0.000331
-0.00031
2.3e-05
3.7e-05
0.000173
-0.000359
-0.000435
-0.000144
-1.8e-05
2.9e-05
-0.000187
-8.4e-05
0.000133
-7.2e-05
0.000112
-0.000134
-0.000223
0.000173
0.000165
0.00031
-0.000283
5.1e-05
