#Average flux [c/s]: 33093.77799757422
#                                   T_start= 0 s
#                                   T_end= 1 s
#                                   CCF campionation= 1e-6 s
#                                   Fit amplitude= 111 s
#                                   Variable bin size= 10 ph/bin
0.008544
-0.015235
-0.017856
0.00073
0.015904
0.001862
0.012397
0.024951
0.00912
0.003551
-0.017915
0.010586
-0.012108
-0.020951
0.000976
-0.018035
0.000501
0.008145
-0.012396
0.01237
0.046914
-0.0148
0.008984
0.025052
0.003018
-0.007351
0.005861
0.015973
0.002884
0.012252
0.004695
0.011027
-0.022313
-0.01473
0.004731
0.018389
0.016225
-0.017817
-0.010706
0.004653
0.024668
0.04735
0.004501
0.001126
-0.01466
-0.015126
0.009182
0.00892
-0.020664
-0.014797
0.020667
0.004544
0.024309
-0.017333
0.042431
0.011181
0.000959
-0.017996
-0.014299
-0.017733
0.009281
0.00217
-0.020937
0.010133
-0.017598
-0.014675
-0.036862
0.002461
-0.017645
-0.02257
-0.007876
-0.008052
-0.011692
0.015719
0.01582
0.012093
-0.017563
0.009885
-0.01814
0.012149
-0.011661
-0.022481
0.004766
-0.017965
-0.014985
-0.007491
0.024435
0.011931
-0.021617
0.018605
0.005133
0.010472
-0.010908
0.005788
-0.011014
0.019924
-0.017878
-0.011779
-0.011875
0.009181
