#Average flux [c/s]: 14968.759934623109
#                                   T_start= 0 s
#                                   T_end= 1 s
#                                   CCF campionation= 1e-6 s
#                                   Fit amplitude= 111 s
#                                   Variable bin size= 10 ph/bin
0.000372
-0.000155
0.000217
7.5e-05
0.00018
0.000122
3e-05
-6.5e-05
3.6e-05
-5.9e-05
-9.4e-05
0.000186
8.1e-05
6.7e-05
-4.4e-05
-0.00011
2.8e-05
7.3e-05
3.3e-05
-4e-05
6.6e-05
4.9e-05
-4.4e-05
-0.000113
0.000213
-3.7e-05
0.000116
3e-05
0.000107
-1.4e-05
4.3e-05
3.2e-05
5.5e-05
9.9e-05
0.000162
0.000117
1.4e-05
1.7e-05
9e-05
7.3e-05
-2.7e-05
-5.2e-05
-9e-05
7e-06
4.3e-05
7.5e-05
-3.1e-05
2e-05
9.6e-05
6.5e-05
-0.000151
0.000126
-2.1e-05
-0.000169
-1.8e-05
0.000105
5.3e-05
-7.6e-05
-9.8e-05
4.1e-05
0.000126
-2.7e-05
0.000106
-1.1e-05
-1.7e-05
0.000101
-6e-05
0.000142
-7e-05
2.4e-05
-0.000324
0.000118
5e-05
-7.8e-05
-4.6e-05
-3.5e-05
3.8e-05
9.1e-05
-7.8e-05
-8e-05
5e-05
0.000116
-0.000163
0.000116
9.5e-05
0.000146
-3.8e-05
-9.1e-05
9.2e-05
1.3e-05
-5e-06
-7.7e-05
-4.9e-05
-0.000103
3e-06
7.8e-05
-0.000123
-6e-06
7e-06
0.000181
