#Average flux [c/s]: 33093.77799757422
#                                   T_start= 0 s
#                                   T_end= 1 s
#                                   CCF campionation= 1e-6 s
#                                   Fit amplitude= 0.1 s
#                                   Variable bin size= 10 ph/bin
-0.0056071
0.00366964
0.00253682
#999
-0.00017792
0.00100936
-0.0030189
0.00395127
-0.00150362
0.00091483
0.00614786
-0.00906804
0.00188436
0.00397757
-0.00627002
0.00529082
0.00353671
-0.00518133
-0.00347904
0.00015962
0.00154574
0.00058217
0.0045765
0.00291894
-0.00271788
0.00061692
0.00010549
#999
-0.00242363
-0.00432776
-0.00394814
-0.00474464
#999
0.00062096
-0.00102681
-0.00082315
0.00083762
#999
-0.00462004
0.00335655
#999
-0.0060202
0.00346237
0.00500408
#999
0.00368114
-0.0035019
0.00454
-0.00317285
0.00321228
-0.00240378
-0.00313046
-0.00527372
-0.00833451
-0.00318497
0.0044319
-0.00514296
-0.00533472
0.0019096
-0.00144439
-0.00305329
0.0074281
0.00245903
-0.002916
0.00268271
-0.00095403
-0.00054627
-0.01162136
-0.00377069
0.00440971
0.005576
0.00094005
-0.00292549
0.00394222
0.00643015
0.00732091
-0.00094674
-0.00283201
-0.00105273
-0.00110045
0.0038397
0.0052583
-0.00738844
0.00220978
0.00414346
0.00291699
-0.00177686
-0.00339174
0.00038761
-0.00219858
0.00470061
0.001022
-0.00584886
-0.00765038
0.0037872
0.00546259
-0.00269075
-0.00083198
0.00115005
-0.00299474
