#Average flux [c/s]: 9531.254515737775
#                                   T_start= 0 s
#                                   T_end= 1 s
#                                   CCF campionation= 1e-6 s
#                                   Fit amplitude= 111 s
#                                   Variable bin size= 10 ph/bin
0.10233
0.06595
0.06154
-0.00845
0.00461
-0.02544
0.07695
0.01984
0.07815
0.06503
0.06558
0.06782
0.00186
0.10134
0.06932
-0.00355
0.10446
0.04251
0.0765
0.0054
0.03321
0.05153
0.07858
0.11556
0.00627
-0.0021
-0.00712
0.00691
0.06738
0.0019
0.04082
0.07517
0.00147
-0.02095
-0.00977
-0.02026
0.04475
0.09935
0.00984
0.00608
0.05329
0.10234
0.00673
0.07878
0.00019
0.0763
0.01266
0.1021
0.003
0.05259
0.11906
0.00555
0.01305
-0.0192
0.0012
0.01374
-0.00848
-0.06446
-0.06587
0.07557
0.00178
0.11762
-0.01519
0.07695
-0.00886
0.10175
0.00028
0.00111
0.11685
0.04413
0.13229
0.0129
0.0012
-0.00869
0.01324
0.01284
0.02084
0.00395
0.0753
0.00144
-0.00854
0.03374
0.01882
0.06976
0.08237
0.00432
-0.00128
0.10047
0.06577
0.03401
0.00475
0.03667
-0.03327
0.04878
0.0424
0.10159
0.09321
0.01961
0.03374
0.04639
