#Average flux [c/s]: 11645.839956415406
#                                   T_start= 0 s
#                                   T_end= 1 s
#                                   CCF campionation= 1e-6 s
#                                   Fit amplitude= 0.1 s
#                                   Variable bin size= 10 ph/bin
-0.02020056
-0.01482696
0.0038794
0.01250122
0.00147093
-0.02182321
0.01591253
0.00136957
0.00034852
-0.00111345
-0.00877792
0.01149224
0.00984752
0.00448686
-0.01155823
0.00152225
-0.01220065
-0.01337433
-0.00243452
-0.01158372
0.00848782
-0.00136599
-0.00875361
0.01690843
-0.00220116
0.00453442
-0.00073243
-0.02030655
0.00193977
-0.01980533
-0.00015536
-0.02194877
0.0218376
0.00586079
0.00149696
0.01269011
-0.00577224
-0.00817331
-0.05713257
0.01544149
0.00354919
0.00270626
-0.00903313
0.00071375
-0.0001293
-0.00414867
0.0028078
0.02492477
-0.00254878
-0.00513738
0.01254396
-0.00664126
0.00265389
0.00049517
0.00450224
0.00236804
-0.00524388
0.01060436
0.00167598
0.00285831
-0.02067004
0.00165877
-0.01064596
0.0039905
-0.00562161
0.00264846
0.00201875
0.01555317
0.00025457
0.00041635
0.00196693
0.01935929
-0.00548895
-0.00082412
-0.01383013
-0.00628157
-0.00569898
0.00738284
0.00035121
0.00491865
-0.00213097
0.00238345
-0.00161167
0.00951387
-0.00534694
8.538e-05
0.00763035
0.00308423
0.00026203
-0.01018259
0.004379
0.00528424
-0.00557049
0.01012059
0.00259334
8.781e-05
-0.00297172
-0.00823999
0.00719811
0.00674995
