#Average flux [c/s]: 16177.094472153185
#                                   T_start= 0 s
#                                   T_end= 1 s
#                                   CCF campionation= 1e-6 s
#                                   Fit amplitude= 0.1 s
#                                   Variable bin size= 10 ph/bin
#999
-0.00496663
0.00128212
-0.00186767
0.00707705
-0.01841341
-0.00297749
-0.00961458
-0.0003521
0.00829581
0.00608782
-0.00060114
0.00489965
-0.00327352
0.00164224
-0.00440237
-0.00740466
-0.0114685
-0.0015877
-0.00552909
-0.00184424
-0.00988582
-0.00295452
-0.00277984
0.00303848
0.01733192
0.00675622
0.00192385
0.00452674
-0.00618762
0.00172459
-0.00504358
0.00238047
0.00595339
0.01109168
-0.00462172
0.00233787
0.00461862
-0.00173383
-9.707e-05
0.00214463
0.01505483
-0.00213906
0.00381635
0.01345763
0.00218652
0.00358186
0.0046324
0.00162418
0.00651738
0.0018046
0.00185921
0.01356863
0.0153691
-0.00136185
-0.0080215
-0.00223408
0.00413309
-0.00813976
-0.00285323
0.00133303
0.00697575
0.00589546
-0.00453638
0.00800868
-0.00474581
0.00047037
-0.00094591
0.00691997
-0.00742866
-0.00474987
-0.0112181
-0.00222971
-0.00080056
-0.01441966
0.01255823
-0.01754538
0.001942
-0.0102531
0.00368042
-0.00197065
-0.00673765
0.00825903
0.0010702
0.01619773
-0.01194213
0.00055672
-0.00038904
-0.00329433
-0.00104353
-0.00152232
0.00308536
-0.01148048
-0.00426895
0.00217257
-0.00105571
0.00474103
-0.00346094
-0.00770196
-0.00563265
