#Average flux [c/s]: 34000.02890072177
#                                   T_start= 0 s
#                                   T_end= 1 s
#                                   CCF campionation= 1e-6 s
#                                   Fit amplitude= 0.1 s
#                                   Variable bin size= 10 ph/bin
0.00675464
0.00925714
-0.00526122
0.00253595
-0.00070366
0.00010845
-0.00052377
-0.00437774
0.00095824
-0.00069888
0.00141499
0.00317774
0.00199658
0.0021609
-0.00314616
0.00266197
0.00209892
-0.00896611
0.00072273
0.00195761
-0.0067265
-0.00204162
-0.00380443
0.00024554
0.00111975
0.00231341
-0.00460821
0.0002728
-0.00366214
0.0018746
0.00307667
0.00071399
0.00867416
-0.00241956
-0.01165385
-0.0059771
-0.00192429
0.00239753
0.00541458
0.00301573
-0.0034862
0.00598192
-0.00283774
-0.00099372
0.00638762
0.00116335
0.00611024
-0.00168035
-0.00047851
0.00816845
-0.00620349
0.00295698
-0.00199804
-0.00186433
-0.00184928
-0.00259384
-0.00733811
0.00484562
0.0004153
-0.0012762
-0.0012663
-0.0005695
0.00312806
0.00126724
0.00107357
6.461e-05
0.00083813
-0.00075273
-0.00064231
0.00627038
0.01089827
-0.00460944
0.00920304
-0.00157824
0.00233312
-0.00022071
0.00122903
-0.00153278
-0.0070351
-0.0029271
-0.00717711
-0.0032215
-0.00097436
0.00334581
0.00087265
-0.00545301
-0.00097785
0.00585027
-0.00045542
0.00015152
0.00346574
0.01006703
-0.00102982
-0.00441338
-0.0090402
0.00043303
0.00617509
-0.00381846
-0.00305051
-0.0064556
