#Average flux [c/s]: 6812.50180629511
#                                   T_start= 0 s
#                                   T_end= 1 s
#                                   CCF campionation= 1e-6 s
#                                   Fit amplitude= 0.1 s
#                                   Variable bin size= 10 ph/bin
-0.03761017
-0.17063518
0.01497129
-0.1311903
0.07752674
-0.09503763
0.18554545
-0.00337642
-0.1094697
-0.05245727
0.00443797
#999
-0.13566894
-0.04874817
-0.08097935
-0.15898708
-0.15862862
0.03741322
-0.09219218
-0.01953553
-0.07971143
0.10424085
0.18694725
-0.1460166
0.23502353
-0.00469129
0.08624939
-0.07090924
#999
-0.04156845
-0.04961858
0.08473936
-0.00775588
-0.0328985
-0.02629924
-0.10980713
#999
-0.08514151
0.02302758
-0.04070377
-0.07882573
0.05677536
-0.00404978
-0.17211818
-0.0710364
-0.01601912
0.05576487
0.10427776
0.09353299
-0.07828457
0.05219308
-0.00790905
-0.07417385
-0.07257466
0.08442613
-0.10982928
-0.16763326
-0.19626016
-0.28059403
-0.10122848
-0.14066267
-0.068932
0.23215122
-0.14735153
-0.05452083
-0.0232876
-0.00615317
-0.04569448
-0.1952818
-0.16486967
0.09903073
0.02112199
-0.041007
0.1052431
-0.00999711
0.1184991
-0.01141279
0.07727007
-0.13501691
-0.07205818
-0.00426642
0.09796664
-0.06185946
0.15449862
#999
-0.10219285
-0.07804362
0.09652202
-0.14041856
-0.14900793
-0.11404813
0.01145888
-0.0156946
0.08982854
0.10368683
0.03534959
-0.03520442
0.0092221
0.00783677
0.11327294
