#Average flux [c/s]: 11947.923590797924
#                                   T_start= 0 s
#                                   T_end= 1 s
#                                   CCF campionation= 1e-6 s
#                                   Fit amplitude= 111 s
#                                   Variable bin size= 10 ph/bin
7e-05
0.00013
0.00026
2e-05
-0.00019
6e-05
-0.00024
5e-05
-1e-05
-0.00017
-4e-05
8e-05
0.0
0.00013
0.00021
-6e-05
0.00011
-5e-05
-0.00015
-2e-05
-0.00028
2e-05
-0.00023
0.00018
0.0
0.00014
5e-05
0.00017
-0.00011
-6e-05
-0.0001
-0.00012
-0.00013
0.00011
0.0
-8e-05
0.00018
0.0002
-0.00047
7e-05
0.0
0.00011
-2e-05
7e-05
0.00014
-3e-05
-8e-05
0.00029
0.0001
-0.00045
-2e-05
9e-05
-0.00016
-6e-05
-5e-05
0.00022
-3e-05
0.0002
7e-05
-5e-05
-4e-05
0.00016
-7e-05
0.00025
0.0
0.0
0.00012
-5e-05
0.00027
-3e-05
7e-05
-0.0001
-0.00018
0.00028
-8e-05
-0.0002
-5e-05
-0.00033
-0.00017
7e-05
0.00018
3e-05
9e-05
5e-05
2e-05
8e-05
0.00014
-0.00011
0.00017
6e-05
-1e-05
0.00015
-0.00014
0.00024
-9e-05
0.00014
7e-05
0.00023
3e-05
-0.00011
