#Average flux [c/s]: 31583.35982566163
#                                   T_start= 0 s
#                                   T_end= 1 s
#                                   CCF campionation= 1e-6 s
#                                   Fit amplitude= 0.1 s
#                                   Variable bin size= 10 ph/bin
0.00022509
0.00821738
0.00264881
#999
0.00365505
-0.00407628
0.00215572
-0.00375878
-0.00266868
0.00372385
-0.0009102
0.00341793
0.00349859
0.00052403
0.00069978
-0.00060463
0.00336919
-0.00708162
0.00035717
0.00240727
0.00238266
-0.01156016
-0.00667607
0.00974394
-0.00333268
#999
0.00033683
0.00237088
#999
0.0060585
0.00338158
0.00168273
-0.00678506
-0.00043252
-0.00877206
-0.01034718
0.00501284
0.00476381
-0.00023319
0.00726036
#999
-0.00316171
#999
-0.00194528
-0.00514577
-0.00588291
-0.00113151
-0.0042316
0.00412405
0.00935698
-0.00045542
0.00050589
0.00342748
0.00274385
0.00032209
-0.00087541
0.00042883
-0.00596867
0.00654291
-0.00240443
0.00324703
#999
0.00150609
0.00023378
-0.00267729
#999
-0.00913349
-0.00250575
-0.00223638
-0.00252483
0.00522135
0.00864476
-0.00077562
0.0025211
0.00443844
0.00454971
-0.00165202
#999
#999
-0.00685323
-0.0013232
-0.00688275
0.00705728
0.00581595
0.00342601
0.00402627
-0.00729437
0.00689045
0.0049193
0.00606956
-0.00434693
0.00586549
0.00410487
0.00192503
-0.00385816
0.00333945
-0.00189285
0.00590882
-0.00140837
0.00731668
