#Average flux [c/s]: 9833.338150120295
#                                   T_start= 0 s
#                                   T_end= 1 s
#                                   CCF campionation= 1e-6 s
#                                   Fit amplitude= 111 s
#                                   Variable bin size= 10 ph/bin
0.02869
0.05385
0.0034
0.03502
0.03454
0.05407
0.01795
0.02807
0.06386
0.00404
0.05492
0.00214
0.07371
0.07061
-0.00265
0.03109
-0.03735
0.07378
0.03743
-0.01044
-0.00468
0.03555
-0.01265
-0.04491
-0.03666
0.01569
-0.00969
0.08921
0.01933
-0.01012
-0.01764
-0.01663
0.07067
0.01569
0.01596
0.02433
0.10229
-0.04882
0.02298
0.08991
-0.00949
0.05456
0.01743
0.04959
0.00414
0.07627
0.02961
-0.02959
-0.01773
0.01701
0.06658
0.00282
0.0732
-0.00253
0.03059
0.03251
0.01606
0.02303
0.04497
0.00314
-0.00485
0.05455
0.05389
0.01637
-0.01574
0.01638
0.04999
0.08027
0.03363
-0.04612
-0.02362
0.1031
0.08454
0.01733
-0.08128
0.08376
0.03596
0.0551
0.04977
0.06545
0.00358
0.00467
-0.00971
0.06467
-0.0068
0.05054
0.05077
0.09129
0.01643
0.0306
0.06493
0.0891
0.05456
-0.03688
0.03141
0.05385
-0.05546
0.01646
0.06103
0.0265
