#Average flux [c/s]: 27958.35621307141
#                                   T_start= 0 s
#                                   T_end= 1 s
#                                   CCF campionation= 1e-6 s
#                                   Fit amplitude= 0.1 s
#                                   Variable bin size= 10 ph/bin
-0.01228593
-0.0053135
0.00148705
0.00659266
-0.00349571
0.00108113
-0.00384616
-0.0092188
-0.00290193
0.0044239
-0.00744563
-0.00083193
0.00291768
-0.00136009
-0.00173101
-0.00094275
-0.00128571
0.00073755
9.759e-05
-0.00014731
0.00721571
0.00500722
0.01026499
-0.00102642
0.003736
0.00604558
-0.00636686
-0.0030648
-0.00578549
0.00943156
-0.00342353
0.00301967
-0.00139016
0.00226654
0.00178039
-0.00088127
0.00130616
0.00658528
-0.00457351
-0.00441072
0.00382552
0.00313899
-0.00428643
-0.0011982
0.0022923
0.00934318
0.0063711
0.00234876
0.00480544
0.00517434
-0.00125303
-0.00369259
-0.00454677
0.00668996
0.00060188
0.00160785
-0.00293483
-0.00469789
-0.00170524
0.0019695
-0.00178368
-0.00552592
0.0015048
0.00999297
-0.00059567
-0.00179721
-0.00183855
-0.0039517
-0.00348986
-0.00094994
0.00600893
-0.00947138
-0.0019308
-0.0041189
0.00500201
0.00094821
0.00030514
-0.00334847
-0.00635767
0.00237175
-0.00722631
0.00628282
0.00476583
0.00678305
-0.00213037
-0.00497772
0.00542917
-0.0001495
0.00779677
-0.00237104
0.00385714
-0.01276949
0.00629058
0.00119103
-0.00175431
0.01319389
0.00978019
-0.00276974
0.00010671
-0.00296536
