#Average flux [c/s]: 11041.67268765037
#                                   T_start= 0 s
#                                   T_end= 1 s
#                                   CCF campionation= 1e-6 s
#                                   Fit amplitude= 0.1 s
#                                   Variable bin size= 10 ph/bin
-0.00313938
0.00371818
0.0038225
0.00278112
-0.00283651
-0.00611606
-0.0017669
0.00399035
-0.00968855
0.01250505
0.00305431
-0.01721219
0.01351903
-0.0106098
0.00366606
0.00101584
-0.01088177
0.00212729
0.00886358
-0.00299885
-0.00451058
-0.00129557
-0.00380768
0.00918995
-0.01072307
0.00882414
-0.00248631
-0.00491618
0.01149609
-0.01116234
-0.00486502
-0.00743376
-0.00045306
-6.697e-05
-0.00354384
0.01179165
-0.00775305
0.00259935
-0.0139969
-0.00957708
0.00335486
0.00150636
-0.01042276
0.00389454
0.00443569
-0.01114111
-0.00010792
-0.01561517
-0.00423814
0.00815456
0.00759357
-0.00168231
0.00025334
-0.00656566
-0.00697318
-0.00817721
0.00040324
-0.00991392
0.01034662
0.00168935
0.00633789
0.00108747
0.00708673
0.00909076
0.00806358
0.00479868
0.0094742
0.00058831
-0.0013108
0.00522448
0.00508275
-0.00745879
-0.00714236
0.00960062
0.00876955
-0.00572131
0.00032014
-0.00884568
-0.00210018
-0.01752032
0.00710351
-0.00765544
0.00613021
0.0015786
0.00434807
-0.01259688
0.00245173
-0.00702889
-0.00490334
0.00447796
0.00389321
-0.00507232
0.00679803
0.00401169
-0.00034793
-0.00784475
-0.01889372
0.00452618
-0.0082624
-0.0018461
