#Average flux [c/s]: 20104.181719125925
#                                   T_start= 0 s
#                                   T_end= 1 s
#                                   CCF campionation= 1e-6 s
#                                   Fit amplitude= 0.1 s
#                                   Variable bin size= 10 ph/bin
0.00430763
0.00268799
0.00461755
-0.00523924
0.0083205
0.01023762
0.00080328
-0.00573452
0.00284212
0.00437094
0.00276393
0.00647023
-0.00666398
0.00555113
0.00293029
0.01229345
-0.00671924
-0.00717769
0.0016012
-0.00200362
-0.00168838
-0.01198867
0.00137322
0.01087546
0.0013789
-0.00469107
0.00015212
0.00252873
-0.00348024
0.00684889
-0.00094621
-0.00192436
-0.014205
-0.00327875
-0.00024523
-0.00345503
0.01658351
0.00429247
-0.00125318
0.0141809
0.00230736
0.00410855
-0.0007199
-0.00975308
0.00448651
-0.00837501
-0.00326455
-0.00139033
0.00266491
0.01846971
-0.00573462
-0.00032787
-0.0074118
0.00482277
0.00690581
-0.0162577
0.00818862
0.00464822
0.0083579
0.00139785
-0.00309001
0.00725433
0.00458508
-0.005324
-0.00106374
-0.00234451
0.0086679
-0.00467783
0.00649487
-0.00388963
0.00098303
-0.00163971
0.00208772
-0.00602595
-0.01068978
-0.00624958
-0.00820103
0.00688822
-0.00918333
7.732e-05
0.00671591
-0.00709881
0.00200983
0.00073449
0.00869607
0.0009994
-0.00314932
0.01257419
0.00858869
0.00114653
0.00615862
0.00300067
0.00296834
0.0029818
0.00598879
-0.01074086
#999
0.00546318
-0.00147099
0.00191746
