#Average flux [c/s]: 16479.178106535703
#                                   T_start= 0 s
#                                   T_end= 1 s
#                                   CCF campionation= 1e-6 s
#                                   Fit amplitude= 111 s
#                                   Variable bin size= 10 ph/bin
0.009774
-0.010662
-0.000694
-0.019727
-0.027268
-0.040317
0.013565
0.011928
0.014987
-0.018952
-0.026871
0.002061
0.002278
-0.00043
-0.01498
0.008039
0.010421
-0.025699
-0.004941
-0.025559
-0.000863
-0.02528
-0.013746
0.016072
0.024057
-0.020506
-0.010161
0.040298
0.00977
-0.018367
-0.005017
0.043606
0.018192
0.001076
0.044911
-0.005911
-0.027939
0.013223
-0.01323
-0.025432
-0.027847
-0.020485
-0.005743
-0.027507
-0.001032
-0.016469
0.012677
-0.000646
-0.004549
-0.034774
0.043568
0.016465
-0.024842
-0.017378
-0.015387
0.015422
-0.027195
-0.003787
-0.025336
-0.007949
0.013316
0.044301
0.010797
0.002293
-0.026019
-0.009615
0.025571
-0.025167
-0.020065
-0.01039
0.013291
-0.010046
0.051506
-0.015967
-0.016659
0.010813
-0.046976
-0.019903
0.012943
-0.000493
0.002172
-0.009887
0.052111
0.010205
-0.024801
-0.017006
0.017987
-0.027492
0.01141
-0.000319
-0.007277
-0.02566
-0.016197
-0.017644
0.01118
0.024365
-0.000787
0.008612
-0.024561
0.009882
