#Average flux [c/s]: 12250.007225180445
#                                   T_start= 0 s
#                                   T_end= 1 s
#                                   CCF campionation= 1e-6 s
#                                   Fit amplitude= 0.1 s
#                                   Variable bin size= 10 ph/bin
-0.00742279
0.00702066
-0.00141232
0.00381891
0.00961955
0.005342
0.00649284
0.00342972
0.01539694
0.00703341
-0.01270292
0.00201307
0.00389077
-0.0083548
-0.01688546
-0.00696666
0.00259023
-0.00734948
-0.00824172
-0.00019298
-0.01544261
0.00492873
-0.01319237
0.02132887
0.01148594
0.01473301
-0.00100557
-0.0751663
0.02423905
-0.00502195
-0.00596293
0.00669057
-0.01514878
5.58e-05
-0.02474163
-0.00325897
0.00418284
-3.077e-05
-0.00872536
-0.00123189
0.0036452
0.00201904
-0.00885115
0.0184719
-0.00838789
0.02394582
-0.00475166
-0.00890173
0.0088418
0.00541521
0.00913467
0.01036721
-0.01339503
-0.00672337
0.01622933
0.02257342
-0.01069119
-0.0003679
0.00317797
-0.01051501
0.00147072
-0.00462046
-0.00446529
-0.00052497
-0.00773152
-0.00793961
0.0199455
0.00323433
-0.00866922
-0.00862398
-1.312e-05
-0.00345479
-0.01461333
0.02368107
0.01651912
0.00290245
-0.00089378
0.00185002
-0.00887784
-0.00502301
0.00750873
0.01566556
0.0128996
-0.01996599
4.808e-05
-0.01935252
0.01360351
-0.0094005
-0.01590417
-0.00984264
0.00672268
0.00322462
-0.00271892
0.00572954
0.01242122
0.01981786
0.04802475
-0.00116349
0.00883723
-0.00489303
