#Average flux [c/s]: 28864.607116218962
#                                   T_start= 0 s
#                                   T_end= 1 s
#                                   CCF campionation= 1e-6 s
#                                   Fit amplitude= 111 s
#                                   Variable bin size= 10 ph/bin
0.003774
0.035839
0.009243
-0.020258
0.014711
0.003093
0.001877
0.011565
-0.020845
-0.002663
-0.006748
0.016158
0.014143
0.008963
0.013945
-0.003181
0.00419
0.008672
-0.010407
-0.025561
0.027173
0.009531
0.013846
0.011106
-0.014788
-0.005888
0.025311
0.009601
-0.002737
-0.006182
-0.020448
0.000754
-0.032746
-0.020791
-0.002892
-0.01106
-0.038017
-0.011038
-0.003253
0.013663
0.001311
-0.006622
0.015376
0.004633
-0.000965
-0.025492
-0.046137
0.000604
0.00055
0.009404
-0.043866
0.009123
0.032196
0.003443
0.01356
-0.003404
0.009332
0.003742
0.004274
-0.001637
0.039688
-0.003068
0.009265
-0.006085
0.001903
0.035859
-0.012171
-0.039647
-0.012671
0.014385
-0.045001
0.02376
0.03061
0.000607
0.000678
0.015067
-0.021686
0.0043
-0.002562
0.0399
0.052004
-0.005923
0.012396
0.036248
-0.014738
0.014708
-0.010898
-0.020074
0.018811
-0.003512
-0.005949
0.000582
0.028531
0.004648
-0.020105
-0.020304
0.018666
0.009425
0.004664
0.014377
