#Average flux [c/s]: 12854.17449394548
#                                   T_start= 0 s
#                                   T_end= 1 s
#                                   CCF campionation= 1e-6 s
#                                   Fit amplitude= 111 s
#                                   Variable bin size= 10 ph/bin
-1.2e-05
-0.000113
-0.000102
-8.3e-05
5.7e-05
0.000173
0.0
5.8e-05
5.4e-05
0.000121
0.000193
-0.000345
0.0
0.000196
-7.3e-05
0.000131
-2.6e-05
-2.2e-05
9.8e-05
4.5e-05
0.000133
-6e-05
-0.000161
-7.8e-05
-7e-05
5e-05
0.000116
-2.9e-05
4.5e-05
5.3e-05
-6.9e-05
-7e-06
3.5e-05
-0.000233
7.5e-05
-5.3e-05
5.3e-05
0.000173
1.9e-05
2.8e-05
-0.00011
-8.9e-05
4.2e-05
-9.2e-05
0.000149
8.1e-05
-0.000152
0.000136
0.000101
0.000117
5e-05
7.8e-05
0.000162
-5.8e-05
-2.3e-05
6.8e-05
0.000112
-0.000111
7.7e-05
-0.000162
0.0
0.000102
-0.000239
-6e-06
-0.000126
4.3e-05
-4.1e-05
-3.5e-05
-0.000116
0.000165
3.8e-05
-5.1e-05
0.000187
-5.1e-05
-6e-06
-5.6e-05
-2.2e-05
-3.6e-05
4.8e-05
2.9e-05
2e-05
-2.8e-05
0.000137
8.8e-05
0.000136
4.3e-05
-2.3e-05
-1.7e-05
0.000111
4.7e-05
-0.000215
-1.4e-05
-9.5e-05
-7e-05
-9.3e-05
2.3e-05
8e-05
-2e-06
5.1e-05
1.3e-05
