#Average flux [c/s]: 12552.09085956296
#                                   T_start= 0 s
#                                   T_end= 1 s
#                                   CCF campionation= 1e-6 s
#                                   Fit amplitude= 0.1 s
#                                   Variable bin size= 10 ph/bin
0.00932426
0.00799326
0.01180921
-0.01345516
0.00535996
0.00810347
-0.01039592
-0.00594941
-0.00203466
0.00018127
-0.01372126
-0.00732557
-0.01580416
-0.00030938
-0.00462201
-0.00114946
0.00311374
-0.01303572
-0.02158759
-0.01290133
-0.00484275
-0.0105899
0.00394963
0.00940877
-0.00121126
-0.01449544
0.01040813
0.00513743
0.00690875
0.0032862
0.01547408
0.00426654
-5.604e-05
-0.00405904
-0.01391916
0.00459727
0.01412716
-0.00671119
0.00380587
-0.00334402
-0.00501035
0.01756725
-0.00258818
0.00065945
0.0053714
0.00700425
0.00059169
-0.00363505
0.00771413
0.00489087
-0.0161859
0.01198986
0.01100638
-0.00717635
0.00710723
-0.00653636
0.0173739
0.01179661
-0.00903235
-0.00582045
0.00739854
0.0029496
0.00926407
-0.0135797
-0.00139009
0.01007702
0.0155349
0.00368333
0.00757738
0.00048365
-0.00646267
-0.00569231
0.00736912
-0.01263699
0.00351105
-0.00712907
-0.00471103
-0.02098716
0.01336311
-0.01041508
-0.00311192
-0.00102423
-0.01315183
0.00262915
0.01059305
-0.00148516
0.002204
0.00608303
-0.01207783
-0.00553739
-0.00608422
0.01036224
0.01138142
-0.0015829
-0.00046812
-0.01336262
-0.00758622
-0.00736299
0.01565902
0.00728898
