#Average flux [c/s]: 18895.84718159585
#                                   T_start= 0 s
#                                   T_end= 1 s
#                                   CCF campionation= 1e-6 s
#                                   Fit amplitude= 111 s
#                                   Variable bin size= 10 ph/bin
1e-06
-0.000138
-0.000115
5.8e-05
-0.000107
-6.9e-05
6.7e-05
0.0
-7e-06
-0.000148
-8e-06
-0.000118
2e-06
-2.2e-05
-3.7e-05
-3.8e-05
-6e-05
-2.4e-05
6e-06
6.4e-05
-1e-06
6.2e-05
0.0001
0.000142
-5.6e-05
-6e-06
-2.7e-05
-6.2e-05
-2.8e-05
2.5e-05
-2.6e-05
0.000119
0.0
4.4e-05
-0.000108
5.4e-05
-6.8e-05
-5.4e-05
1.4e-05
0.00012
-5.4e-05
-1.5e-05
2.2e-05
-1.5e-05
-7.8e-05
-3.3e-05
-1.6e-05
0.000108
-1.7e-05
-3.3e-05
3.1e-05
1.3e-05
-8e-06
2.2e-05
5.7e-05
-4e-06
0.000105
-2.5e-05
2e-05
8.1e-05
-1.9e-05
6.8e-05
1e-05
-3.6e-05
-2.4e-05
7.9e-05
4.3e-05
7e-05
-8e-06
-0.000131
-4.6e-05
-7.2e-05
-1.8e-05
-6.3e-05
6e-06
-3.6e-05
3.1e-05
-8.8e-05
-2.5e-05
-5.2e-05
-4.1e-05
4.9e-05
-0.000113
-0.00011
-4.3e-05
-4.5e-05
-4.4e-05
-0.000103
-0.000114
3.2e-05
-4.7e-05
0.000142
8.2e-05
5.8e-05
4.7e-05
-6.7e-05
-6.8e-05
-1.4e-05
-2.7e-05
-4.1e-05
