#Average flux [c/s]: 8020.836343825185
#                                   T_start= 0 s
#                                   T_end= 1 s
#                                   CCF campionation= 1e-6 s
#                                   Fit amplitude= 111 s
#                                   Variable bin size= 10 ph/bin
-0.01126
-0.05581
0.03114
-0.03993
-0.01323
0.02229
0.01468
-0.01034
-0.01409
0.02232
0.00778
0.03121
0.03131
0.03081
0.00764
0.0003
0.02867
-0.01524
0.03195
0.00922
0.0307
0.00722
-0.06453
0.00199
0.02276
-0.03948
0.02423
0.02353
0.01624
-0.00131
0.03098
0.01157
0.01963
-0.01656
-0.00437
-0.11694
2e-05
0.03157
-0.14614
0.05227
-0.00417
0.03068
0.03133
0.03119
0.03862
0.01195
-0.11448
-0.00396
-0.03911
0.03092
0.03055
-0.03374
0.13948
-0.12505
0.07077
0.00034
0.0319
0.07339
-0.01311
0.07828
-0.00094
-0.02679
-0.00491
-0.0021
0.10033
0.00113
0.01197
0.00194
0.07598
0.03195
0.03123
0.02291
-0.00014
-0.0323
0.03119
0.0313
0.12513
0.03026
0.01586
0.03201
-0.0389
-0.03278
0.01649
0.03082
-0.01108
0.03101
0.03192
-0.01473
-0.05688
-0.01641
0.05311
-0.01431
-0.01169
-0.01502
0.07085
-0.03558
-0.03327
-0.01566
-0.01539
0.07491
