#Average flux [c/s]: 24937.51986924622
#                                   T_start= 0 s
#                                   T_end= 1 s
#                                   CCF campionation= 1e-6 s
#                                   Fit amplitude= 0.1 s
#                                   Variable bin size= 10 ph/bin
0.00564195
0.00056765
-0.0010747
-0.00381339
-0.00452922
0.00446144
0.00551975
-0.0036504
-0.00183188
-0.00146912
0.00194684
0.0054123
-0.0011558
-0.00088811
-0.00110977
0.000995
0.00048728
-0.00632414
-0.00507741
-0.00541312
-0.00171681
0.00103079
0.01301732
0.00959952
6.512e-05
0.00545653
0.00500066
0.00102637
-0.00406084
0.0053886
0.00133317
0.00333216
-0.00072592
0.00975501
-0.00390936
0.00166416
-0.00650866
-0.00159619
-0.00500365
-0.00793033
0.00357998
-0.00110669
-0.00550902
-0.00089417
0.00393657
-0.01426691
-0.00059735
-0.00243819
0.00684516
0.00645396
0.00254918
0.00577968
0.00845689
0.00236862
-0.00432549
0.00044812
-0.00583556
0.00253107
-0.00406765
-0.00216201
0.00409097
0.00603021
-0.00618322
0.00646504
-0.00797179
-0.00599726
-0.0019847
-0.01222307
#999
-0.00574428
-0.00477173
-0.00160971
-0.00097736
0.00980195
0.00667855
0.01367236
0.00995223
0.00045326
0.00119077
0.00117499
-0.00647931
0.00344634
-0.00609022
-0.00799487
0.00363088
0.01226628
-0.00289386
0.0007006
0.00870578
-0.00579039
#999
-0.0061597
-0.00140021
0.00077307
0.0007874
-0.0023683
0.00147731
0.01032987
0.00103475
0.00528348
