#Average flux [c/s]: 20406.265353508443
#                                   T_start= 0 s
#                                   T_end= 1 s
#                                   CCF campionation= 1e-6 s
#                                   Fit amplitude= 0.1 s
#                                   Variable bin size= 10 ph/bin
0.00959606
0.00859853
#999
0.01602195
0.0134576
0.01476695
0.00826855
#999
0.01353077
0.0077539
0.00975239
0.01359244
#999
#999
0.00763299
#999
0.00958096
0.0173281
0.01650481
#999
#999
0.02186058
0.00265005
0.01269396
0.00930562
0.02247289
0.01137975
#999
0.0114697
0.01655459
0.01745956
0.00241678
0.01483049
0.01088459
0.00930425
0.00769751
#999
0.01364663
0.01336897
0.0184097
#999
0.01030802
0.01733156
0.01998943
0.00962067
0.0128822
0.00892639
0.02260281
0.01254991
0.01966447
0.0165558
0.01957588
0.00353605
0.01261641
0.00375569
0.01678326
0.01838957
0.00347571
#999
0.00700861
0.01417588
0.0169874
#999
0.01691178
0.02272833
0.01256496
0.00311548
0.01914099
0.01237231
0.02121876
0.00580299
0.01816304
0.01292084
0.00087316
0.00750507
0.01676884
0.01457978
0.01210099
0.01949769
0.0100379
0.01362489
0.02018548
0.01378031
0.01126826
0.01493294
0.01126107
0.01166836
0.0217378
0.02060018
0.00878447
0.01675618
0.02224737
0.00567701
0.00751194
0.02590815
0.01184709
0.00383491
#999
#999
#999
