#Average flux [c/s]: 15875.010837770666
#                                   T_start= 0 s
#                                   T_end= 1 s
#                                   CCF campionation= 1e-6 s
#                                   Fit amplitude= 111 s
#                                   Variable bin size= 10 ph/bin
9.8e-05
6.2e-05
-0.000104
-7.1e-05
0.000196
-0.00011
-2.8e-05
-4.1e-05
-6.7e-05
-8.1e-05
0.000144
-5.4e-05
-9e-05
8e-06
2.4e-05
1e-06
7.8e-05
-3.4e-05
-8e-05
0.000155
3e-06
-0.00012
9e-05
-3.3e-05
0.000141
9.5e-05
0.000152
0.0
5.4e-05
-0.000109
0.000111
8.5e-05
-4.1e-05
5.1e-05
-0.000142
6.5e-05
0.000123
0.000101
7.6e-05
-9e-05
0.000169
-6e-06
0.000107
-3e-05
6e-06
-1.5e-05
3.7e-05
3.1e-05
3.3e-05
-0.000135
9.2e-05
7.2e-05
-6.8e-05
3.7e-05
3.3e-05
1.6e-05
5.9e-05
0.000136
-4.5e-05
7.7e-05
-2.9e-05
-0.000124
-1.9e-05
-6.8e-05
1e-05
4.4e-05
-6.5e-05
-1.6e-05
0.0
6e-06
-3.5e-05
6.7e-05
2.9e-05
7.4e-05
-2.9e-05
0.000166
0.00013
-6.6e-05
-9.9e-05
0.0
-9.6e-05
1.1e-05
0.000119
-3.3e-05
0.000105
7.2e-05
4.6e-05
8.3e-05
-6.3e-05
0.000178
9.6e-05
-5.7e-05
-3.2e-05
-8e-05
-3.2e-05
6.7e-05
4.8e-05
-1.1e-05
2.3e-05
-0.000135
