#Average flux [c/s]: 14062.509031475554
#                                   T_start= 0 s
#                                   T_end= 1 s
#                                   CCF campionation= 1e-6 s
#                                   Fit amplitude= 111 s
#                                   Variable bin size= 10 ph/bin
-0.005678
-0.046879
0.016989
0.005452
-0.033435
0.030508
-0.004616
-0.039207
-0.003702
-0.022545
-0.020538
-0.003381
-0.013175
-0.022984
-0.058804
-0.013106
-0.022739
-0.019085
-0.012782
-0.016665
0.069989
-0.04224
0.048188
0.005627
-0.021743
0.005166
0.024592
-0.018673
-0.033761
0.006633
-0.044607
0.006826
-0.004638
-0.006224
-0.023332
-0.033378
0.005059
0.041024
-0.006061
-0.022613
0.064107
-0.006789
-0.022534
-0.019213
0.037825
-0.018917
-0.036778
-0.019753
0.046421
-0.012955
0.022508
0.0072
-0.046577
-0.018991
-0.019155
0.036831
-0.003542
-0.01966
0.025046
-0.037471
0.025601
0.006735
0.005725
-0.003543
-0.013656
0.006934
-0.033621
-0.044805
-0.043257
0.006937
-0.014964
-0.012727
-0.019015
-0.01836
-0.046241
0.025644
-0.012189
0.030415
0.025236
-0.018722
-0.00618
0.005701
0.0068
-0.005091
0.016235
0.006591
0.007653
-0.003327
-0.02341
-0.013394
0.018056
-0.056817
0.015651
-0.01887
-0.015566
0.047812
0.005275
0.005979
-0.015675
0.036255
