#Average flux [c/s]: 9833.338150120295
#                                   T_start= 0 s
#                                   T_end= 1 s
#                                   CCF campionation= 1e-6 s
#                                   Fit amplitude= 111 s
#                                   Variable bin size= 10 ph/bin
-4e-05
0.00012
-1e-05
-0.00023
-1e-05
-0.00016
7e-05
-0.00015
-6e-05
-5e-05
-9e-05
0.0001
0.00016
0.00014
0.00027
-0.0002
-0.00013
-0.0005
-0.00018
-0.00015
3e-05
0.0004
7e-05
-8e-05
-6e-05
0.00012
-9e-05
0.00011
1e-05
-0.00014
6e-05
-0.00035
-0.00022
-1e-05
-0.00018
-3e-05
-0.00017
-0.00026
-0.00037
-0.00018
0.00025
-0.00033
-7e-05
-7e-05
0.00039
0.00029
-6e-05
0.0
7e-05
0.0
1e-05
6e-05
8e-05
0.00018
0.0
0.00035
-0.00013
7e-05
0.00014
0.00013
0.00022
-0.00023
-0.00012
0.00041
0.00015
-4e-05
-3e-05
0.00029
0.0003
-4e-05
0.00015
8e-05
-1e-05
0.00013
0.0
0.00012
0.00019
7e-05
0.00012
-0.00019
8e-05
-0.00014
-0.00017
-0.00027
0.0001
-1e-05
0.00011
0.00028
-0.00023
0.00036
-0.00045
-8e-05
0.0002
0.0
-0.00036
-0.00012
-0.00025
-0.00025
0.00017
7e-05
