#Average flux [c/s]: 22218.767159803552
#                                   T_start= 0 s
#                                   T_end= 1 s
#                                   CCF campionation= 1e-6 s
#                                   Fit amplitude= 111 s
#                                   Variable bin size= 10 ph/bin
5e-06
2e-06
-2e-05
-4.5e-05
0.0
1.8e-05
6.5e-05
-1.2e-05
3.1e-05
-1e-06
-5.4e-05
-2.4e-05
4.6e-05
-5.2e-05
5e-06
-0.000122
-7.2e-05
-4.1e-05
4.8e-05
-0.00012
-2.5e-05
-4.8e-05
-5e-05
-5.8e-05
3.9e-05
-3.8e-05
-3.2e-05
-5.5e-05
-5.7e-05
1e-05
-2.3e-05
-9.8e-05
4.3e-05
-4.8e-05
-7.5e-05
-7e-06
2.6e-05
3e-06
-1.5e-05
-4.2e-05
2.7e-05
6.5e-05
-5.9e-05
1e-06
-3.6e-05
3.6e-05
3.8e-05
3e-05
-8e-06
1.4e-05
-7e-06
2e-06
1.2e-05
-6.2e-05
-2.6e-05
3.9e-05
3.2e-05
8.1e-05
1.1e-05
-7.4e-05
6e-05
1.7e-05
-3.2e-05
0.000184
-4.1e-05
2.5e-05
-2.7e-05
-6.1e-05
-2e-06
0.0
2e-06
-3.2e-05
-4e-06
5.3e-05
5e-06
-6.6e-05
-0.000131
-8.4e-05
-0.00011
-1e-06
1.8e-05
-5.2e-05
1.6e-05
-4.3e-05
8e-06
-3.6e-05
-1.2e-05
-2.8e-05
1.2e-05
6.2e-05
2.9e-05
2.9e-05
8e-06
3.3e-05
-7e-06
-6e-06
1e-05
1.4e-05
-7.4e-05
3.9e-05
