#Average flux [c/s]: 24635.436234863704
#                                   T_start= 0 s
#                                   T_end= 1 s
#                                   CCF campionation= 1e-6 s
#                                   Fit amplitude= 111 s
#                                   Variable bin size= 10 ph/bin
0.012747
0.021641
0.030348
0.026991
0.005137
0.009693
-0.003925
0.019454
0.011397
0.01504
0.026945
0.005104
-0.019074
-0.020182
0.021716
0.010466
-0.011486
0.030871
-0.019095
0.029099
0.030089
-0.004096
0.016655
0.029042
-0.012415
0.017131
0.027827
0.056579
-0.033171
-0.003619
-0.009243
-0.012305
0.019213
0.055966
-0.001478
0.011721
-0.011546
0.008837
0.032497
0.016482
0.000668
0.009424
-0.004944
0.016699
-0.000716
-0.004579
-0.000701
-0.001573
-0.003878
-0.033034
0.011288
-0.001571
-0.021236
-0.003889
0.015599
-0.001616
0.011896
-0.023952
0.019896
0.037828
-0.001682
0.03087
-0.001608
0.004628
0.001474
-0.033207
0.01122
0.02987
-0.018461
-0.044863
-0.001339
0.012976
-8.6e-05
0.021025
0.019864
0.025981
0.029812
0.005046
-0.033303
0.02162
-0.001612
0.009578
0.0011
-0.000691
0.005279
-0.009284
0.015692
-0.019329
0.005755
-0.009984
0.011966
-0.019901
0.006722
-0.003209
0.010924
-0.018898
0.030077
0.000614
0.012373
-0.017283
