#Average flux [c/s]: 21916.68352542104
#                                   T_start= 0 s
#                                   T_end= 1 s
#                                   CCF campionation= 1e-6 s
#                                   Fit amplitude= 111 s
#                                   Variable bin size= 10 ph/bin
-0.009294
-0.049554
0.005145
-0.032957
0.020098
-0.017924
-0.009391
-0.024589
0.004705
-0.013885
0.004764
-0.010075
-0.049936
-0.0268
-0.03233
-0.026691
0.024274
0.011703
-0.051704
0.022817
-0.024463
-0.00338
-0.018192
-0.011724
-0.031921
-0.000908
0.00845
-0.022963
-0.010223
-0.018517
-0.011015
-0.018054
-0.002264
0.003202
-0.010648
-0.013905
-0.051577
-0.003467
-0.018223
0.001211
0.004607
0.002606
-0.016897
-0.010856
-0.018175
-0.009449
0.000461
-0.014553
-0.010627
-0.016136
0.002474
-0.026885
-0.032401
-0.008453
0.012769
-0.018334
0.004655
0.031226
0.003754
0.019921
0.001727
0.001196
-0.024577
-0.024586
0.004744
0.023938
-0.005525
-0.021202
-0.009555
-0.004566
0.019971
-0.02467
-0.009435
-0.020656
0.008345
-0.018766
0.015645
-0.010844
-0.000623
0.00565
-0.035852
-0.032771
-0.027112
0.019583
0.021313
-0.027153
-0.011067
-0.024046
-0.016223
-0.023562
0.002888
0.000263
-0.019976
-0.010754
-0.031389
0.030824
0.020187
-0.013034
-0.02768
-0.020566
