#Average flux [c/s]: 21916.68352542104
#                                   T_start= 0 s
#                                   T_end= 1 s
#                                   CCF campionation= 1e-6 s
#                                   Fit amplitude= 0.1 s
#                                   Variable bin size= 10 ph/bin
#999
0.00474763
0.00843965
-0.00441582
0.00456396
0.00652366
0.00739992
0.00353887
0.00635277
-0.00488312
0.00908345
0.01077062
0.01084311
0.0113604
0.00710947
-0.00211013
-0.0011456
0.00515073
-0.00291964
-0.00034725
-0.00799087
0.00458556
#999
-0.00475204
-0.00835101
#999
0.00278831
0.00214922
0.01316708
0.0144631
5.155e-05
0.00558786
0.00540661
#999
-0.00119183
0.00100325
0.01244616
0.00613199
-0.00123876
0.00449433
0.0097907
0.00211129
0.0046274
0.00172127
0.00747088
0.00018055
-0.00260112
0.00832798
0.01289522
0.00159345
0.0074004
0.00713098
0.02441073
#999
-0.00383956
0.00134622
0.00324751
0.00420433
-0.00312652
0.00511087
0.00960147
0.00524131
#999
0.00768203
0.00646336
0.01222895
0.00218157
-0.00654712
0.01953952
0.00599438
-0.00011393
0.00639233
0.00265247
0.00730248
0.01087651
0.01049566
0.00638736
0.00355972
0.01142599
-0.00231714
#999
0.00320096
0.00787423
0.01176247
#999
-0.0074411
0.00595337
0.01133525
-0.01165999
0.00577838
0.00449971
0.0065091
0.00343149
0.00960176
#999
0.00830462
0.00066623
#999
0.0036372
0.00066043
