#Average flux [c/s]: 14666.67630024059
#                                   T_start= 0 s
#                                   T_end= 1 s
#                                   CCF campionation= 1e-6 s
#                                   Fit amplitude= 0.1 s
#                                   Variable bin size= 10 ph/bin
-0.01111352
0.00749626
0.01261501
0.00806312
-0.00840523
0.00574907
-0.02486609
0.00192052
-0.00836886
0.00193868
0.00564497
-0.00708466
-0.00567002
0.00181139
0.00627004
0.00029293
0.00880916
-0.00836524
0.00206033
0.01433956
-0.00655756
0.00032512
-0.00562481
-0.01085082
-0.01017011
-0.00014813
0.0148412
0.0083365
-0.0034084
-0.0022794
0.00813618
0.00540287
0.01952766
-0.00233518
0.00576081
0.00727163
-0.00077688
-0.0016424
0.00631525
0.00443172
-0.00621198
0.00104245
0.00727344
0.00337475
-0.0035941
-0.00638556
-0.01833847
0.00847039
0.00536617
0.00770736
0.006887
0.00145098
0.00120355
0.00180899
-0.00593773
0.0019673
0.00308672
-2.882e-05
-0.00767289
0.0103625
0.01285954
-0.01018801
-0.01203377
-0.00279446
0.00053083
0.00180498
-0.00079236
-0.00184542
0.00495661
0.00130216
0.01498268
0.01147287
0.00154693
-0.00044805
-0.01474891
0.00520728
0.0057346
0.0017151
0.00441378
0.00042337
0.00639666
-0.00604154
-0.00620321
-0.00121063
-0.00298191
0.00281854
0.00949663
0.00835894
-0.00375634
-0.00829525
-0.01082649
0.00152393
0.01877362
0.00199654
0.00412342
0.00817414
0.0045471
-0.02320122
-0.00158641
0.00367907
