#Average flux [c/s]: 10739.58905326785
#                                   T_start= 0 s
#                                   T_end= 1 s
#                                   CCF campionation= 1e-6 s
#                                   Fit amplitude= 111 s
#                                   Variable bin size= 10 ph/bin
0.027018
0.001077
0.019368
-0.002608
-0.000431
-0.002276
-0.000172
-0.010982
0.013998
0.020594
-0.001034
-0.033962
-0.011842
0.00861
0.026523
-0.08833
0.050768
0.000151
-0.009879
-0.002594
0.031641
-0.078591
-0.002188
0.052585
-0.010326
-0.023591
0.095721
0.045396
0.031118
-0.075317
-0.011114
-0.001944
0.009073
-0.020752
0.054239
-0.025742
-0.007646
0.088983
0.008145
0.013579
-0.000646
0.023286
0.024103
-0.010969
0.001012
-0.002212
-0.075404
0.031837
0.005784
-0.002597
-0.000163
-0.045763
0.007154
0.051377
-0.024985
0.087958
-0.063532
0.022092
0.008745
0.008326
0.000765
-0.047148
-0.001695
0.042934
-0.009968
0.054079
-0.010057
0.030781
0.038035
-0.023601
-0.001795
-0.00023
0.075008
-0.010271
-0.000594
-0.013515
-0.080352
-0.000815
-0.041785
-0.003546
-1.3e-05
-0.025351
0.08595
-0.044613
-0.011184
0.029938
0.001981
-0.005718
0.000568
-0.036465
-0.031269
-0.029498
0.000232
0.009118
0.033847
-0.012705
0.066381
0.08796
0.001438
0.050416
