#Average flux [c/s]: 29166.690750601483
#                                   T_start= 0 s
#                                   T_end= 1 s
#                                   CCF campionation= 1e-6 s
#                                   Fit amplitude= 111 s
#                                   Variable bin size= 10 ph/bin
0.002854
0.029701
0.015711
-0.01264
0.024252
-0.002392
0.017265
-0.016403
-0.009754
-0.030673
0.00599
0.03444
0.025764
-0.030978
-0.011863
0.008352
0.004783
-0.011107
0.017009
-0.01248
-0.006752
0.037705
0.034083
-0.013176
-0.008268
0.0142
0.015179
0.031366
-0.009774
-0.001537
-0.012357
0.018128
-0.012047
-0.000433
0.01746
0.004223
0.032382
-0.012397
0.005933
0.017245
-0.012976
-0.007113
0.022163
-0.012324
0.006212
-0.006315
0.006037
0.006036
0.014211
-0.012441
-0.003966
-0.012009
0.003958
-0.012833
-0.012262
0.032331
0.01694
-0.013633
0.005288
0.01547
0.007041
-0.013009
-0.012626
-0.002738
0.000161
0.002205
0.01801
0.017473
0.037457
0.005443
0.016551
-0.012413
0.01057
0.015385
0.012063
0.01504
-0.015242
0.031539
-0.010875
-0.013005
-0.013021
0.002079
0.016604
0.034009
-0.028951
-0.017657
0.012859
-0.011687
-0.012786
-0.021153
0.033401
-0.012701
0.014651
-0.01262
0.032273
0.016854
0.006335
0.005977
0.016538
0.010727
