#Average flux [c/s]: 19197.930815978365
#                                   T_start= 0 s
#                                   T_end= 1 s
#                                   CCF campionation= 1e-6 s
#                                   Fit amplitude= 0.1 s
#                                   Variable bin size= 10 ph/bin
-0.00230605
#999
-0.0065522
-0.00036075
0.00197908
#999
-0.01164829
-0.00740418
-0.01368012
-0.01375458
#999
-0.00849092
0.00507936
#999
-0.00480634
-0.00889553
#999
-0.00796428
0.00072237
0.0019173
-0.00411042
-0.01405724
-0.01202762
-0.01550411
-0.01346151
-0.00701806
-0.00627889
#999
-0.01219832
-0.00695338
-0.00466594
-0.00230822
0.00282909
-0.01500562
-0.00659107
-0.01242506
-0.0069476
-0.00720026
-0.00605522
-0.02249878
0.00195368
-0.00341915
-0.01311414
#999
-0.01806643
-0.00033085
-0.00783591
#999
-0.01532322
-0.02470242
-0.00316892
0.0079072
#999
-0.0139885
-0.00649338
-0.00820116
-0.00680404
#999
-0.00067632
-0.00736332
-0.01466986
0.00325273
-0.01476044
#999
-0.01279657
-0.0193668
-0.00585496
-0.01886361
-0.00463998
-0.00023013
-0.00629023
0.00083848
-0.01298584
-0.00350066
-0.00220875
-0.00842632
-0.00110858
-0.00969577
-0.00327776
-0.01947768
#999
-0.01773943
-0.00481126
-0.00177977
-0.00336453
0.00064028
-0.01268867
-0.01372018
-0.01410923
-0.0077615
-0.01637332
-0.00466675
-0.00704625
-0.00477672
-0.00804781
-0.00451105
-0.00100531
#999
-0.01374639
-0.00555024
