#Average flux [c/s]: 10437.505418885334
#                                   T_start= 0 s
#                                   T_end= 1 s
#                                   CCF campionation= 1e-6 s
#                                   Fit amplitude= 0.1 s
#                                   Variable bin size= 10 ph/bin
-0.0299671
-0.00874992
0.00042368
0.00189185
-0.0087508
0.008678
0.00738807
-0.12480904
-0.04405618
-0.01231073
-0.02208709
-0.12680981
-0.01705481
0.01115076
-0.01491887
-0.01122895
-0.00887216
-0.03929979
-0.11767213
-0.05269583
0.01069096
-0.00990572
-0.02189988
-0.00715571
-0.01457831
-0.02078093
0.00151912
-0.00321254
-0.01234622
-0.0055882
-0.02252302
-0.01401687
-0.00822015
-0.02288237
0.05434716
-0.11230654
-0.11904571
-0.00010047
-0.02710877
-0.00174633
-0.1150299
0.02696065
-0.01606439
-0.00044197
-0.02781589
-0.02728706
-0.02518986
-0.03259538
-0.03386935
-0.00076798
-0.02223254
-0.01970734
-0.1274264
0.03272284
-0.01036284
0.04335491
#999
-0.11487617
-0.01242817
-0.00303691
-0.02053291
-0.01540451
-0.03046743
0.00378867
0.02183329
0.03845205
0.01460886
-0.02953892
-0.00765072
-0.01173769
0.00044713
-0.02545344
0.00685871
-0.02172421
-0.02149086
-0.00735912
0.0082095
0.00200692
0.04181284
-0.02227348
-0.0071766
-0.01545302
-0.02850085
0.0286959
-0.03562914
-0.0097628
-0.01407064
-0.03609308
-0.03365913
-0.01233108
-0.00725208
-0.00820412
0.21940356
-0.02143764
-0.04034734
0.02122103
-0.00200332
-0.02094234
-0.01228214
-0.02391615
