#Average flux [c/s]: 21010.432622273478
#                                   T_start= 0 s
#                                   T_end= 1 s
#                                   CCF campionation= 1e-6 s
#                                   Fit amplitude= 111 s
#                                   Variable bin size= 10 ph/bin
-0.017143
-0.055293
-0.013359
0.011693
0.046651
0.011192
-0.022124
-0.013088
-0.030956
-0.058462
0.049714
-0.017361
-0.003499
0.012324
-0.022611
0.0464
-0.022223
-0.017365
-0.01697
0.029041
-0.035489
-0.017507
0.041223
-0.017487
-0.050214
0.023933
-0.009353
-0.011029
-0.000559
-0.010433
-0.022113
-0.017515
-0.013796
-0.015348
0.019401
-0.013025
-0.019469
0.028273
-0.02224
0.025496
0.026161
-0.00504
0.019309
0.019191
0.026117
0.011251
-0.002721
0.035999
0.045466
-0.013033
-0.010578
0.025748
0.004836
0.011283
0.041783
-0.035773
-0.01752
-0.012634
-0.017255
0.028879
0.03582
-0.017286
-0.016296
0.014643
0.025184
-0.009529
0.027699
-0.035623
-0.015665
-0.016586
0.023567
0.024584
0.007102
0.010653
0.031938
0.042041
-0.017398
-0.017518
0.024117
0.000924
-0.031388
-0.039523
0.039628
-0.015305
-0.041862
-0.010428
0.004189
-0.005275
-0.004822
0.035701
0.011829
-0.009735
-0.004373
0.020023
0.019883
-0.033711
-0.012038
-0.049038
-0.017389
0.014172
