#Average flux [c/s]: 9531.254515737775
#                                   T_start= 0 s
#                                   T_end= 1 s
#                                   CCF campionation= 1e-6 s
#                                   Fit amplitude= 0.1 s
#                                   Variable bin size= 10 ph/bin
0.03775299
0.01218092
0.00426722
0.03377605
0.02029599
-0.00019192
0.01608268
0.01972996
0.01911667
-0.10651125
0.11814964
0.00618238
0.01585416
0.01776978
-0.0501263
0.0012083
0.00733148
0.0274538
0.00426667
0.01006191
0.02252806
0.00970403
0.01758757
0.0222483
0.02277561
0.02033528
0.03000247
0.00687216
0.01582708
0.01153877
-0.00312028
0.01160296
0.02228937
0.00093851
0.03214974
-0.01854672
0.00287772
0.02170338
0.01043215
-0.01004692
0.00526374
0.02913793
0.09384124
0.00666842
-0.01412225
-0.01024187
0.00752316
0.0014649
0.01227808
-0.00412899
#999
0.00956827
-0.00594264
0.00973676
-0.08532704
0.14930062
0.00626477
0.01408003
0.02244599
0.03120232
-0.03018408
0.01476199
0.00680845
0.00880003
0.01515972
0.00866603
-0.01030371
-0.01433308
0.00388186
0.00634264
0.01929272
0.00467919
0.00391254
0.02825884
-0.01795195
-0.00694633
0.01995893
0.01079238
0.02110817
-0.01477345
0.01350898
0.01506752
-0.1444715
0.11421043
-0.00353317
0.00362612
0.03018535
0.02338296
#999
0.01743132
0.02045118
-0.01161085
0.02987092
0.02156558
0.00839095
0.01285953
0.0167912
0.04206865
0.00092161
0.02439786
