#Average flux [c/s]: 27656.27257868889
#                                   T_start= 0 s
#                                   T_end= 1 s
#                                   CCF campionation= 1e-6 s
#                                   Fit amplitude= 0.1 s
#                                   Variable bin size= 10 ph/bin
-0.00021162
-0.00028995
0.00673543
0.00090676
-0.00559351
0.00151509
0.00123121
-0.00481761
-0.00781523
0.00489029
-0.01033168
0.00047099
0.00196165
0.00058542
-0.00338044
-0.00049397
-0.00485142
-5.653e-05
0.00625745
-0.00053475
-0.01121269
0.00580122
0.00192583
0.00126065
0.00481339
-0.00041754
-0.00099908
#999
0.00275454
-0.00419658
-0.00486807
0.00355877
-0.00090472
-0.00593547
#999
0.00392327
-0.00808658
0.00142188
-0.00498559
0.00399148
0.00697055
-0.00532144
0.00028948
0.00176542
-0.00615278
-0.00453903
0.0034357
-0.00235957
6.662e-05
-0.0057686
0.0044813
0.00622111
#999
-0.00994331
-0.00474056
-0.00117886
-0.00482038
-0.00610027
6.346e-05
0.00329372
0.01352148
-0.00062082
-0.00286881
0.0012651
0.00925223
0.00487617
-0.00692614
-0.01416912
0.00082691
-0.00068512
0.00617473
0.00036636
-0.00049776
-0.00364418
0.00220721
-0.00512401
-0.00496157
0.00163333
0.00625504
-0.00160413
-0.00439663
0.0076048
0.00626587
-0.00064782
-0.00640839
0.00124772
0.00108095
-0.00368228
0.00357702
-0.00417673
0.01329988
0.00172218
0.00115757
-0.00640794
-0.00367484
-0.0122207
-0.00674384
-0.0032098
-0.00334038
-0.00206366
