#Average flux [c/s]: 21614.599891038517
#                                   T_start= 0 s
#                                   T_end= 1 s
#                                   CCF campionation= 1e-6 s
#                                   Fit amplitude= 0.1 s
#                                   Variable bin size= 10 ph/bin
0.00317911
#999
0.00403721
#999
0.00352109
#999
-0.00799828
0.00300664
0.00486788
0.00430937
0.00820057
0.00208288
#999
0.0068798
-0.00481654
#999
0.00361945
0.00859649
0.00857936
-0.00291403
0.00149149
0.00236205
0.00309258
0.00442525
0.0084893
#999
-0.00756856
-0.00733082
0.00514867
0.00491243
-0.00232269
-0.00112379
#999
0.0108329
0.00033334
0.00276896
-0.0036583
0.001099
0.00427704
0.00550234
#999
-0.000534
-0.00208653
-0.00244562
0.00061131
0.005686
0.0048508
0.00242979
-0.00047419
-0.00660713
#999
0.00371957
0.00057435
-0.00016976
-0.00265884
0.00034427
0.00947116
9.133e-05
0.00602717
0.00053483
-0.0075053
0.0079979
-0.00371263
0.00992794
-0.00481262
-0.00142388
#999
#999
0.00265159
-0.00436584
0.00395723
-0.00742197
-0.00893815
#999
0.00024841
0.01363569
-0.00064366
-0.00179287
#999
0.00328386
0.00434848
-0.00079644
-0.00086956
0.00964187
0.00522701
-0.0045849
0.00555845
-0.00286265
-0.00258358
-0.00502269
-0.00050324
-0.00848628
-0.00536655
-0.00056114
-0.0005208
#999
-0.00542787
0.0012395
0.00667282
0.00656266
