#Average flux [c/s]: 12552.09085956296
#                                   T_start= 0 s
#                                   T_end= 1 s
#                                   CCF campionation= 1e-6 s
#                                   Fit amplitude= 111 s
#                                   Variable bin size= 10 ph/bin
0.000151
0.000102
-4.1e-05
4e-06
2.9e-05
0.000279
-5e-06
-0.000244
8.7e-05
-0.000108
0.000144
0.000158
0.000191
-0.000134
0.000148
-0.000354
-0.000205
0.000109
0.000178
8.7e-05
6.6e-05
-0.000124
4.2e-05
-2e-05
-0.000303
-0.000225
-8.8e-05
0.000311
0.000443
7.2e-05
-6e-06
-0.000254
0.000137
0.000126
4e-05
-6.7e-05
-7.5e-05
8e-06
-0.000166
-0.0002
4.5e-05
3.5e-05
-1.7e-05
8.3e-05
9.5e-05
5e-06
9.1e-05
-1.7e-05
-0.000336
0.0
0.000118
-4.4e-05
5.5e-05
-3.3e-05
1.3e-05
2.1e-05
-9.4e-05
-0.000157
7.3e-05
0.000126
2.7e-05
-0.000134
0.000164
1.8e-05
-2.1e-05
9.6e-05
-0.000218
-5e-05
-0.000124
-4.3e-05
0.000236
1e-06
-6.8e-05
-3e-06
0.000125
-5.5e-05
2.3e-05
-0.00015
1.6e-05
-5.9e-05
8.2e-05
0.000316
6.4e-05
5.1e-05
2.7e-05
0.000227
-3.1e-05
4.8e-05
0.000106
-0.000316
-0.000473
0.00028
0.000187
-2.3e-05
9.7e-05
-8.2e-05
8.2e-05
8e-05
-0.000261
-2.3e-05
