#Average flux [c/s]: 32489.610728809177
#                                   T_start= 0 s
#                                   T_end= 1 s
#                                   CCF campionation= 1e-6 s
#                                   Fit amplitude= 111 s
#                                   Variable bin size= 10 ph/bin
3.4e-05
1.2e-05
2.8e-05
-1.5e-05
-1.5e-05
2e-06
-2.1e-05
-1.4e-05
-2.8e-05
1.1e-05
1e-06
-9e-06
3.9e-05
-1e-05
-5.2e-05
-2.4e-05
6e-06
-4e-06
2.6e-05
-4e-06
-2.9e-05
-4e-06
-3.2e-05
-1e-05
-1.7e-05
-7e-06
4.6e-05
2.1e-05
-3.3e-05
-4e-06
-2.1e-05
-4.9e-05
2.2e-05
1.2e-05
-6e-06
-6e-06
-2e-05
-2e-05
-3e-05
-6e-06
3.1e-05
2.9e-05
-4.5e-05
4.5e-05
5e-06
2.1e-05
-4e-05
1.3e-05
1e-06
-4.5e-05
2.1e-05
-5.1e-05
2.7e-05
-1e-05
2.3e-05
2.4e-05
-8e-06
3.1e-05
2.1e-05
-1e-05
0.0
5.6e-05
-5e-06
3e-05
2e-06
-3e-06
-6e-06
2e-05
-8e-06
8e-06
-1.4e-05
4.8e-05
1.5e-05
1.4e-05
-3.1e-05
-8e-06
8e-06
9e-06
2e-06
2.6e-05
4e-06
-1.7e-05
4.4e-05
-5.7e-05
-2.7e-05
-5.4e-05
-4e-06
2.9e-05
6.6e-05
1.5e-05
3.3e-05
5e-06
-3e-06
2.7e-05
-1.3e-05
-1.8e-05
9e-06
-1.7e-05
-9e-06
5e-06
