#Average flux [c/s]: 9229.170881355258
#                                   T_start= 0 s
#                                   T_end= 1 s
#                                   CCF campionation= 1e-6 s
#                                   Fit amplitude= 111 s
#                                   Variable bin size= 10 ph/bin
-7.3e-05
-0.000144
8e-06
0.0
-0.000331
-0.000145
-1.9e-05
0.000162
0.000105
0.00029
5e-05
-9.6e-05
0.000152
0.000524
0.000117
0.000164
0.000327
-3.8e-05
6.5e-05
-0.000252
-0.000433
-6.9e-05
7.7e-05
-1e-05
-6.2e-05
0.000211
2.7e-05
6.2e-05
2.9e-05
-6.3e-05
0.000494
8.2e-05
-0.000372
-0.000213
-6e-05
-0.0001
0.000124
0.000126
-0.000132
4.2e-05
0.000433
0.000282
5.7e-05
3.3e-05
0.000286
0.000413
-0.000295
0.00031
0.000156
9.7e-05
0.000302
6.6e-05
-0.00025
-0.000133
-2.1e-05
-0.000143
-0.000356
0.000258
-0.000105
-0.000222
0.00029
0.000165
-0.000305
7.6e-05
-0.000114
0.000208
7.8e-05
-8e-06
-6.1e-05
0.000437
3.9e-05
8.2e-05
0.000149
0.000169
6e-05
0.000292
-9.8e-05
-0.000323
0.000391
0.000298
-4.4e-05
0.000179
8.3e-05
-9e-05
-0.000191
-0.000239
0.00018
-0.000222
-0.000347
-0.000216
-3.7e-05
-1e-05
0.000457
-0.00012
-0.000412
-4.9e-05
0.000439
-0.000261
-0.000293
0.000445
