#Average flux [c/s]: 32791.6943631917
#                                   T_start= 0 s
#                                   T_end= 1 s
#                                   CCF campionation= 1e-6 s
#                                   Fit amplitude= 111 s
#                                   Variable bin size= 10 ph/bin
-0.00452
-0.00315
-0.01428
-0.01677
-0.00364
0.01815
-0.01907
-0.00375
0.01128
0.01797
-0.01117
-0.0013
0.02035
0.01464
0.05383
0.00576
-0.01905
-0.02677
0.00574
0.01441
0.01696
-0.0038
-0.01661
-0.00334
0.01467
-0.00693
-0.00322
0.03685
-0.00325
-0.00383
0.01446
-0.00355
0.01464
-0.01367
-0.00369
0.02081
-0.00381
-0.00816
-0.00809
-0.01545
-0.00387
-0.01124
0.01814
-0.00314
-0.00218
-0.00396
0.0099
0.00546
-0.00209
-0.00812
-0.01681
-0.00066
-0.00386
-0.01248
0.01672
0.01815
-0.00341
0.00584
-0.00357
0.01726
8e-05
-0.00409
-0.0005
-0.00333
0.02018
-0.00363
-0.00891
-0.01081
-0.00334
-0.00327
-0.00276
0.03157
-0.00348
0.0283
-0.00725
-0.00299
0.01717
-0.00411
0.02862
-0.00061
0.01164
-0.00584
-0.00064
-0.00304
-0.03533
0.03175
-0.00327
0.00518
0.00488
0.00549
-0.00416
0.006
-0.00104
0.00034
-0.00037
-0.00316
0.00625
0.01852
-0.00699
-0.00327
