#Average flux [c/s]: 31885.443460044145
#                                   T_start= 0 s
#                                   T_end= 1 s
#                                   CCF campionation= 1e-6 s
#                                   Fit amplitude= 0.1 s
#                                   Variable bin size= 10 ph/bin
0.00400769
-0.00128556
0.00564075
-0.00208765
0.00173594
0.00130427
0.00567656
0.00223931
0.0023189
-0.00129408
-0.00097062
0.00215509
0.00280335
-0.00138401
0.00139294
0.00071731
0.00770829
0.00016684
-0.00418184
0.00394062
-0.00339338
-0.0003496
0.00574222
-0.00138984
-0.00542985
0.00771302
0.00383947
0.00597763
-0.00256413
-0.00410157
-0.00604421
0.00196271
5.17e-05
-0.00069644
0.00225614
-0.00623029
-0.0018069
0.00379157
0.0045763
-0.00418186
-0.00204736
-0.00393005
0.00211526
0.00376501
-0.00583193
-0.00067569
0.00308778
0.00186549
0.00670827
0.00411016
-0.00079101
-0.00331915
-0.0001725
-0.00034778
0.00363915
0.00098408
-0.00620616
-0.00586816
0.0048693
-0.00479708
0.00378701
-0.00449986
-0.00212714
-0.00057544
0.00149132
0.00351318
-4.075e-05
-0.00070457
-0.00491732
0.00513762
-7.06e-06
0.00427023
-0.01358847
0.00474816
-0.0083527
0.0012266
0.00893953
0.00032741
0.00132359
0.0043346
-0.00167979
-0.0030523
0.00825202
0.00407801
0.00639212
-0.00299582
-0.00447133
-0.00010041
0.00257777
-0.00317708
0.00656833
-0.00228046
0.004784
0.00123277
0.00017955
0.00276415
0.0032919
-0.00023631
2.695e-05
0.00063105
