#Average flux [c/s]: 21010.432622273478
#                                   T_start= 0 s
#                                   T_end= 1 s
#                                   CCF campionation= 1e-6 s
#                                   Fit amplitude= 111 s
#                                   Variable bin size= 10 ph/bin
-8.9e-05
2.5e-05
0.000113
-2.1e-05
-1.7e-05
2e-05
-6e-06
6.1e-05
0.000111
4.9e-05
6.8e-05
0.000132
-4.9e-05
-5e-05
-5e-05
-2.8e-05
6.9e-05
-3.1e-05
5e-06
-3.2e-05
-1.6e-05
-7.9e-05
-2.2e-05
-7e-06
-5e-06
-8e-06
-2.8e-05
8e-06
-2.9e-05
-3.3e-05
2.1e-05
4.3e-05
-2.7e-05
-8.3e-05
-7.6e-05
9.8e-05
7e-06
-6.5e-05
3e-06
-4e-06
-3.9e-05
-1.2e-05
-2.3e-05
-6.6e-05
-2.6e-05
-2.4e-05
7.5e-05
-4e-05
8e-06
7.4e-05
3.7e-05
1e-06
-5.2e-05
3.1e-05
7.2e-05
-5e-06
3.9e-05
-9e-06
2.6e-05
1.5e-05
-0.000139
1.4e-05
-5.7e-05
4e-05
3.9e-05
7.2e-05
-0.000105
-8.6e-05
7.4e-05
-3e-06
7e-05
4.7e-05
1.8e-05
-2.3e-05
0.000102
-0.000112
3e-05
-2e-05
6e-05
-9.6e-05
9.4e-05
-8.5e-05
1.7e-05
1e-06
-9e-06
5.9e-05
-1.8e-05
3.4e-05
1.6e-05
-8e-06
-5e-06
-3.7e-05
-6.4e-05
-1e-06
-1.5e-05
-2.2e-05
7e-05
-1.4e-05
2.6e-05
2e-06
