#Average flux [c/s]: 20406.265353508443
#                                   T_start= 0 s
#                                   T_end= 1 s
#                                   CCF campionation= 1e-6 s
#                                   Fit amplitude= 111 s
#                                   Variable bin size= 10 ph/bin
-0.005075
-0.003785
-0.00418
-0.00535
-0.007254
-0.005431
-0.004217
0.030985
-0.00828
-0.002227
-0.00571
0.004236
-0.014321
-0.005248
0.00382
-0.007153
-0.015629
-0.003273
-0.00531
-0.034191
-0.008024
-0.005036
-0.011451
-0.004557
-0.008097
-0.002388
0.014308
-0.019641
-0.003676
-0.014465
-0.017483
-0.055124
-0.014071
-0.00589
-0.007211
0.001854
-0.005304
-0.005192
0.030541
-0.038123
-0.038138
-0.014237
-0.01303
-0.017355
-0.028516
0.031251
-0.004054
-0.003865
-0.004274
-0.003847
0.017651
-0.00552
0.039579
-0.005503
-0.003656
-0.010562
0.031693
0.030377
-0.003212
-0.013592
-0.004593
0.010037
-0.003844
0.031397
-0.003229
-0.00463
-0.005572
-0.046993
0.023142
0.031213
-0.01482
-0.016071
0.016146
0.009798
-0.005452
-0.004007
-0.003072
-0.020673
0.003208
-0.00488
-0.005153
-0.005651
0.00551
-0.00741
0.004169
-0.003838
0.004946
-0.009512
0.030531
-0.005063
-0.008066
-0.004959
-0.018055
0.009862
-0.00895
-0.005534
-0.015068
-0.003685
0.004666
-0.00548
