#Average flux [c/s]: 30979.19255689659
#                                   T_start= 0 s
#                                   T_end= 1 s
#                                   CCF campionation= 1e-6 s
#                                   Fit amplitude= 111 s
#                                   Variable bin size= 10 ph/bin
0.00247
0.00248
-0.02142
0.00904
-0.02012
-0.01411
-0.00034
-0.01253
-0.01852
-0.02795
-0.02125
0.0025
0.02433
0.00261
-0.01867
-0.02714
0.01686
-0.0321
0.01677
-0.00061
0.00247
-0.00749
-0.0269
-0.00413
-0.01307
0.01072
-0.01353
0.0128
0.0327
-0.00025
-9e-05
0.02434
0.00241
0.00358
0.01627
0.02312
0.01614
-0.01168
-0.02092
-0.01142
-0.01278
-0.0275
-0.01286
0.02392
-0.01144
0.01595
0.01296
-0.02041
0.01288
-0.00107
0.00242
0.02305
0.00942
-0.03605
0.01297
0.02012
0.01896
0.00993
0.01616
0.01268
0.00293
0.02004
0.00192
-0.00224
-0.00817
-0.02722
-0.01761
-0.00037
-3e-05
0.01315
0.0126
0.00285
0.00236
0.01608
0.01304
-7e-05
0.0021
-0.01201
-0.01427
0.01643
-0.01849
-0.02727
0.00241
0.00193
0.01339
-0.02673
0.01287
-0.01865
-0.03271
0.03254
-0.0133
0.01992
0.01684
0.01298
-0.00208
0.02454
-0.02466
-0.01148
-0.01198
-0.01823
