#Average flux [c/s]: 15270.843569005627
#                                   T_start= 0 s
#                                   T_end= 1 s
#                                   CCF campionation= 1e-6 s
#                                   Fit amplitude= 0.1 s
#                                   Variable bin size= 10 ph/bin
0.00511662
0.00372996
-0.00522265
0.01618
0.00594532
-0.00026373
0.00772381
-0.00560937
0.00253
-0.00304616
-0.00788543
-0.00559409
-0.00504167
0.01781708
-0.00230913
-0.01220509
-0.01873946
-0.00513864
-0.00022405
0.00822787
-0.01942044
0.00183241
-0.00828904
-0.00250083
-0.00344708
0.0019821
0.00278612
0.01082967
0.01522039
-0.00581116
-0.00786657
-0.00277725
0.01086733
-0.00224091
-0.000358
0.00168345
-0.01902589
0.00886346
-0.00732221
0.00054048
-0.00695498
-0.00995621
0.0079626
0.01510746
-0.00365899
0.01979989
0.00651325
-0.00410342
0.01595379
-0.00082091
0.00389881
0.01005491
-0.00778519
-0.0115742
0.00936257
0.0227436
0.0106887
0.00664281
0.0107389
-0.00535748
0.00980343
0.01114432
0.00202696
-0.00401977
0.01086497
-0.01099434
0.00707136
-0.0180887
-0.00584747
-6.781e-05
0.00576639
-0.00667461
-0.00329652
0.00460449
0.00462429
0.00564892
-0.00758084
-0.01098779
0.01130534
0.01673764
-0.00302347
0.01508013
0.01932835
0.01134175
0.01958149
0.02167796
-0.00851263
-0.00774107
0.00535721
-0.0110326
-0.00281841
-0.00425167
0.00465576
0.00354478
-0.00080554
-0.01280581
-0.01072668
-0.00858731
-0.00979684
0.01278828
