#Average flux [c/s]: 14364.592665858072
#                                   T_start= 0 s
#                                   T_end= 1 s
#                                   CCF campionation= 1e-6 s
#                                   Fit amplitude= 111 s
#                                   Variable bin size= 10 ph/bin
-0.038506
-0.059859
0.015922
-0.042193
-0.023417
0.000238
-0.07272
0.009863
-0.038724
-0.015389
-0.013159
-0.031933
0.000768
-0.004226
-0.010052
0.012975
-0.015573
-0.04391
0.012861
-0.023414
-0.05903
-0.067571
0.01257
0.000395
0.027706
0.017766
0.028189
-0.038758
0.06248
0.012699
-0.028952
-0.036333
0.028756
0.024347
-0.041065
0.028846
-0.008485
0.000606
-0.067106
-0.045445
0.015103
-0.012124
-0.002003
0.027789
-0.01137
0.015448
-0.000518
0.018875
-0.012674
-0.023925
-0.038659
-0.025382
0.01955
0.012038
-0.030609
0.012529
-0.042617
-0.011413
0.015513
0.015024
-0.053668
0.03045
-0.008965
0.012664
0.062077
0.008814
-0.032165
-0.023198
-0.042758
0.027684
-0.053401
0.013079
-0.04531
-0.010646
-0.029777
0.002786
-0.011323
0.014207
-0.103704
-0.041475
-0.027251
-0.033512
-0.011579
-0.009826
-0.044227
-0.054032
0.000218
-0.04137
-0.045703
0.028104
-0.015852
-0.039225
-0.068117
-0.009608
-0.068023
-0.043853
-0.009228
0.00095
-0.023607
-0.042142
