#Average flux [c/s]: 24031.26896609867
#                                   T_start= 0 s
#                                   T_end= 1 s
#                                   CCF campionation= 1e-6 s
#                                   Fit amplitude= 111 s
#                                   Variable bin size= 10 ph/bin
0.020417
0.019383
0.000677
0.052583
0.00248
-0.007507
-0.005862
6.7e-05
-0.016773
-0.007821
0.013926
0.012229
-0.000718
0.014154
0.020086
0.015708
0.014941
-0.023177
-0.014277
0.022724
0.02012
0.013115
0.013231
0.011944
-0.000215
0.013856
0.000268
0.020984
0.000151
0.018093
0.020171
0.015357
0.000313
0.019469
0.030197
0.012555
0.022151
0.052301
-0.011348
-0.022624
-0.000781
-0.022938
0.014589
-0.009772
0.020496
0.021932
0.020038
-0.022874
-0.040546
0.01014
-0.003086
-0.022358
0.013821
0.013583
-0.000537
-0.000908
-0.000636
-0.009177
0.013584
0.012263
0.012282
0.04216
-0.007149
0.016414
-0.022548
0.008255
0.01847
0.012349
-0.000622
0.019662
0.012909
0.013109
-0.000713
-0.009606
0.014518
0.029264
0.014743
0.020276
0.018047
0.011211
0.02055
0.013824
0.012061
0.023904
0.020373
0.018286
0.012311
0.015585
0.015198
-0.01161
-0.023993
-0.002572
0.014511
-0.022409
0.01383
0.014529
-0.010884
0.003529
-0.005345
-0.001603
