#Average flux [c/s]: 13458.34176271052
#                                   T_start= 0 s
#                                   T_end= 1 s
#                                   CCF campionation= 1e-6 s
#                                   Fit amplitude= 0.1 s
#                                   Variable bin size= 10 ph/bin
0.00639492
-0.0006226
0.00302382
0.00905846
0.00646508
-0.00849816
-0.00295867
0.00048148
0.01209507
0.00409714
0.01344914
-0.01660065
-0.00539551
0.00726779
8.01e-05
0.00606722
0.00239137
-0.00057368
-0.00165993
-7.845e-05
0.00088271
0.00729234
0.01904567
0.00881323
0.00231674
-0.00037324
0.01420217
-0.01604439
0.00670735
0.00847914
0.00015052
5.796e-05
-0.00125656
0.00751512
-0.00042491
0.00210352
0.00821226
-0.00023901
-0.00020244
0.00069251
-0.0137216
0.00070837
0.0076985
0.00044019
0.00026451
0.00297507
-0.0108945
-0.01977041
0.00588479
-0.0121454
0.0113614
0.01952932
0.00962134
-0.00871245
0.00707562
-0.00568007
0.00449161
-0.00192842
-0.00457063
0.00951465
0.0001531
-0.00879781
0.01162533
-0.01502689
-0.0015338
-0.01289453
0.00345544
0.00353673
-0.00188866
-0.01121304
-0.00728416
0.00887809
0.00102886
0.00083026
-0.0018158
-0.01940947
0.0073239
-0.00576547
-0.01437759
-0.01251765
0.00994163
-0.00234626
-0.00381313
0.00043951
0.01163166
-0.00112331
-0.01201498
-0.02032897
0.00096526
-0.0075316
-0.00408482
-0.0076461
-0.01751838
-0.00572952
-0.0008132
-0.00443615
0.00817152
0.00477973
0.01360158
0.00168487
