#Average flux [c/s]: 34906.279803869336
#                                   T_start= 0 s
#                                   T_end= 1 s
#                                   CCF campionation= 1e-6 s
#                                   Fit amplitude= 0.1 s
#                                   Variable bin size= 10 ph/bin
-0.00356183
-0.01412633
#999
-0.00571897
-0.00630007
-0.00808829
-0.00768081
-0.00373297
#999
-0.00103986
0.00085845
-0.00514775
-0.00378886
-0.00648521
-0.00745137
-0.00929471
0.00015203
-0.00955756
-0.0001714
#999
-6.281e-05
5.666e-05
#999
#999
-0.0044443
-0.00293217
-0.00503726
-0.00765758
-6.314e-05
-0.00063668
-0.00646572
-0.00662682
#999
-0.00858957
-0.0042673
-0.00397048
-0.00854564
-0.00526049
#999
-0.0012372
-0.00563724
-0.00236008
-0.00610712
#999
-0.00818657
-0.00203214
-0.00397823
0.00159843
-0.00512101
-0.00353543
-0.00965225
0.00145021
-0.00172751
0.00341305
-0.00194467
#999
-0.0064281
-0.01753924
-0.00637144
-0.00556122
-0.00359846
-0.00834981
0.00160796
-0.00757375
0.00177694
-0.0076437
0.00031048
-0.00185479
#999
-0.00571639
#999
#999
-0.0014737
-0.00089048
0.0018182
-0.00870695
#999
-0.01192952
-0.00341806
-0.00559115
-0.0050273
-0.01070255
0.00020015
0.00027425
#999
-0.00800126
-0.00815545
-0.00189745
0.0023644
-0.00459167
-0.00565893
-0.00580703
-0.0021131
-0.00463633
-0.00256383
0.00100484
-0.00591599
0.0013887
-0.01321016
#999
