#Average flux [c/s]: 16781.261740918224
#                                   T_start= 0 s
#                                   T_end= 1 s
#                                   CCF campionation= 1e-6 s
#                                   Fit amplitude= 111 s
#                                   Variable bin size= 10 ph/bin
-3e-05
6e-05
1.4e-05
0.000163
6e-06
9e-05
-1e-06
-4.1e-05
-1.6e-05
0.000108
-0.00017
9.5e-05
3e-05
7.3e-05
-9e-06
1.9e-05
-7.7e-05
0.000129
-5.4e-05
4.6e-05
-1.4e-05
7.1e-05
-0.000251
6.5e-05
3.1e-05
7.8e-05
2.4e-05
-2.3e-05
5.8e-05
-1e-06
-7.9e-05
8.4e-05
3.5e-05
-6.2e-05
-3.1e-05
-5.1e-05
2.8e-05
-4.9e-05
0.000174
0.000114
0.000173
-3e-05
-3.9e-05
6.5e-05
-4.3e-05
-0.000131
1.8e-05
-5e-05
0.000113
5.9e-05
4.5e-05
0.000146
-0.000173
0.0
8.8e-05
2.5e-05
-6e-06
-5e-05
-0.000103
-2.5e-05
2.5e-05
5.5e-05
0.00013
9e-06
-6.9e-05
-8.6e-05
-7.1e-05
-0.000207
-2.8e-05
4.7e-05
-6.8e-05
-8.4e-05
3.5e-05
4.6e-05
-0.000165
0.00011
-9e-06
3.7e-05
6e-06
1.6e-05
-6.7e-05
-2.6e-05
-2.4e-05
0.0
5.6e-05
7.4e-05
0.000173
2.4e-05
-9e-05
3.3e-05
0.000164
-5.8e-05
8.2e-05
3.1e-05
9.2e-05
-6.1e-05
0.000114
-1.9e-05
0.000122
8.1e-05
