#Average flux [c/s]: 12854.17449394548
#                                   T_start= 0 s
#                                   T_end= 1 s
#                                   CCF campionation= 1e-6 s
#                                   Fit amplitude= 111 s
#                                   Variable bin size= 10 ph/bin
-0.028421
-0.002875
0.045863
0.019204
0.03295
-0.005057
0.037722
0.026354
0.038494
0.004275
0.032869
0.032858
-0.002387
0.036482
0.003082
0.003037
0.002722
0.001185
0.026741
-0.010203
0.037265
0.003562
0.043834
-0.000783
0.012162
-0.020941
-0.029781
-0.027104
-0.010399
0.002685
-0.019881
0.019969
0.006614
0.04583
0.028695
-0.026529
-0.006455
0.002783
-0.001482
0.027506
-0.002652
0.006616
0.009946
0.026359
0.00618
-0.076769
0.003241
0.00585
-0.003131
0.01119
0.027486
0.045442
0.00652
0.026562
0.013689
-0.020584
0.002942
0.01247
-0.004749
0.042715
0.02205
0.012006
-0.026706
-0.027144
-0.002399
0.005267
0.027581
0.003652
0.00327
-0.001772
-0.028452
0.037113
-0.003614
0.048284
-0.027752
0.020722
-0.026968
0.02788
0.011774
-0.003296
0.005869
0.036789
0.014602
-0.010428
0.02733
0.026772
0.047882
0.036748
0.004767
0.003558
0.054792
0.002555
-0.009528
-0.007822
-0.010846
0.024353
-0.002924
0.046191
0.037249
-0.035292
