#Average flux [c/s]: 34906.279803869336
#                                   T_start= 0 s
#                                   T_end= 1 s
#                                   CCF campionation= 1e-6 s
#                                   Fit amplitude= 111 s
#                                   Variable bin size= 10 ph/bin
-0.000412
-0.010565
-0.015682
-0.003828
-0.011707
0.012953
0.001586
-0.000587
-0.003766
-0.003896
0.007447
-0.000457
0.001438
0.005572
0.023425
-0.000199
0.002141
-0.010883
0.027001
-0.012249
-0.000165
-0.02978
0.001525
4.1e-05
-0.011132
-0.00574
-0.00019
0.001465
-0.00015
0.000578
0.022513
-0.000449
0.001433
-0.000332
-0.011573
0.02153
0.005712
0.012488
-0.003725
-0.003948
0.024543
-0.007849
-0.011564
-0.000111
-0.012094
-0.010649
0.015479
-0.010842
-0.01463
-0.012352
0.001626
-0.021312
-0.012278
-0.011662
-0.012116
-0.000354
0.001954
-0.000336
-0.011756
-0.00012
0.01429
0.001451
0.007622
0.02599
0.013475
-0.000315
0.00013
-0.012972
0.007617
-0.029596
-0.010704
0.024382
0.003042
0.022965
-0.011822
0.022178
-0.014236
-3.6e-05
0.00167
0.010236
-0.004011
-0.000601
-0.02094
-0.011784
-0.016818
0.001226
0.001511
-0.013474
0.023053
-0.011912
0.002055
-0.011588
-0.012051
-0.014477
0.007557
-0.011699
-0.011746
0.002887
-0.00388
-0.006027
