#Average flux [c/s]: 22520.850794186073
#                                   T_start= 0 s
#                                   T_end= 1 s
#                                   CCF campionation= 1e-6 s
#                                   Fit amplitude= 0.1 s
#                                   Variable bin size= 10 ph/bin
-0.00861771
0.01140265
0.00303162
-0.00989233
-0.00368722
-0.01197307
-0.00308673
0.00166254
0.00489313
-0.00645768
0.0084143
-0.00436957
0.00357122
-0.00829644
0.00051367
0.00266463
7.467e-05
3.134e-05
-0.00102495
-0.01296895
0.00813936
-0.01013659
-0.00404172
0.01190079
0.00046925
0.00489827
-0.00353851
-0.00065445
-0.009801
0.01041146
-0.00953577
0.00418727
0.00623069
0.00353838
-0.00039537
0.00298634
0.00237216
-0.00166118
0.00014267
-0.00236586
0.0117932
-0.00017983
-0.00783348
-0.00704556
0.00401162
-0.00241396
0.00603518
0.00375232
0.00479759
-0.00381023
-0.00044618
0.00136619
-0.00482177
0.00814379
0.0071814
0.00194359
0.00712998
0.00139143
-0.00667815
0.00310124
0.00710381
0.01182015
-0.00056646
0.00471605
-0.00061514
-0.00054597
0.0042539
0.00511476
-0.01315972
0.00097914
0.00163482
-0.0021497
0.00428208
-0.00523791
0.00064331
-0.00144618
-0.00051381
0.0031938
-0.00990523
0.00328958
0.00198084
-0.01287712
0.00589045
0.0054882
-0.01045197
-0.0043986
0.00769157
-0.01467109
0.00813415
-0.01259668
-0.00093254
-6e-08
-0.00136733
0.00643603
-0.00431257
-0.00596775
0.0030862
-0.00058597
-0.00201141
-0.00026713
