#Average flux [c/s]: 15270.843569005627
#                                   T_start= 0 s
#                                   T_end= 1 s
#                                   CCF campionation= 1e-6 s
#                                   Fit amplitude= 111 s
#                                   Variable bin size= 10 ph/bin
-0.03075
0.00803
-0.0182
0.05844
-0.01793
0.0006
-0.01269
0.0362
0.00706
0.07718
0.00751
-0.03076
-0.00469
-0.0245
-0.00119
0.01684
0.00671
0.00759
-0.03138
0.04403
0.00609
0.00685
0.03727
0.03125
0.00468
-0.00291
0.04348
0.01836
0.08855
0.00609
0.00018
0.00605
0.0039
-0.03084
0.00139
-0.01735
0.00777
0.03499
0.00809
0.00786
0.00543
-0.03281
-0.03011
0.00757
-0.0232
0.01124
0.04942
-0.01549
0.02906
-0.01863
0.02532
0.00836
0.0085
0.0266
0.00765
0.03833
0.0091
0.00758
0.07718
0.00822
-0.00456
-0.01579
0.0097
0.03427
0.00445
0.00829
0.02569
0.03931
0.01619
-0.05372
0.00183
0.03488
-0.03246
0.06159
-0.02877
0.01702
0.06296
-0.01479
-0.0313
0.00773
0.00643
-0.0348
-0.01795
-0.03197
0.00743
0.00099
0.0649
-0.00957
-0.04904
-0.035
-0.01769
-0.01873
0.00718
-0.03107
0.00761
0.03676
0.0076
0.01692
-0.00011
-0.00136
