#Average flux [c/s]: 9833.338150120295
#                                   T_start= 0 s
#                                   T_end= 1 s
#                                   CCF campionation= 1e-6 s
#                                   Fit amplitude= 0.1 s
#                                   Variable bin size= 10 ph/bin
0.09967886
-0.01871595
-0.0121514
6.598e-05
-0.01986073
0.04652893
0.00043838
0.00354593
-0.00017081
0.01980104
-0.00097913
0.00515282
0.00061568
-0.00380366
0.01139307
-0.00014811
0.00183551
-0.0015442
0.00054586
0.00160156
-0.01454739
0.04374337
-0.00042334
0.00207714
1.258e-05
0.00017046
-0.00011253
0.00102937
-0.01425961
0.00137476
0.00014793
-0.10776925
0.00278824
0.00779854
0.00112945
0.00079688
-0.00967523
-0.00336349
0.00496195
0.01213566
0.00135382
0.01494035
0.00307066
-0.00578717
-0.01401959
-0.02891797
-0.01437301
-0.01352425
0.01448341
-0.01351605
0.0025186
-0.00299893
0.0011493
0.00010899
0.00977407
0.0040926
-0.0206942
0.01605901
-0.00332875
7.326e-05
-0.00121753
-0.01756413
4.45e-06
-0.00244391
7.008e-05
0.01418538
0.00056606
0.00170771
-0.00630172
-0.00967465
0.09537569
-0.00339912
-0.00842264
0.00168819
-0.00010428
0.000258
0.00348718
0.00907671
-0.00106561
0.00486499
2.6e-06
0.00020665
-0.00049046
-0.0026653
-4.225e-05
0.00888022
0.02710599
-3.968e-05
-0.00137467
0.00705123
0.01439934
0.00025673
-0.00323156
0.01142582
0.00331907
0.0023605
-0.00015083
0.00507093
0.01212069
-0.00249151
