#Average flux [c/s]: 18291.679912830816
#                                   T_start= 0 s
#                                   T_end= 1 s
#                                   CCF campionation= 1e-6 s
#                                   Fit amplitude= 111 s
#                                   Variable bin size= 10 ph/bin
-0.009576
-0.038443
0.001876
-0.038596
-0.007033
-0.004389
-0.007225
-0.037418
0.016371
0.00791
0.016925
-0.00769
-0.00414
-0.006913
-0.003703
-0.038922
0.034039
-0.007298
-0.024715
-0.004915
0.030356
0.001408
0.011086
0.008506
-0.034648
0.002521
0.01729
-0.00919
-0.038516
-0.031735
0.008343
0.001403
-0.038761
-0.006702
0.001051
-0.03832
0.034241
-0.007308
-0.006345
0.001034
0.000535
0.002136
-0.038387
0.002523
0.027918
-0.007733
-0.019029
-0.006872
0.009645
-0.004745
-0.0067
0.010901
-0.022526
0.009355
0.000806
0.000588
-0.008434
-0.004881
0.016426
0.009019
-0.008173
0.003095
-0.021004
-0.006973
0.012652
-0.022989
-0.032123
0.029796
-0.00352
-0.010716
-0.022501
-0.016823
-0.027864
-0.038149
-0.007082
-0.008082
-0.038562
-0.00743
-0.036934
-0.037751
-0.007381
0.004105
0.007968
-0.006766
0.007136
-0.003164
-0.005726
-0.001319
0.00087
0.001042
-0.00683
0.001296
-0.039257
0.034013
-0.010948
-0.035858
0.029197
-0.005207
0.004142
0.028582
