#Average flux [c/s]: 15572.927203388148
#                                   T_start= 0 s
#                                   T_end= 1 s
#                                   CCF campionation= 1e-6 s
#                                   Fit amplitude= 111 s
#                                   Variable bin size= 10 ph/bin
-0.000122
4.2e-05
-0.000155
-1e-06
8.2e-05
-2.1e-05
6.9e-05
5e-05
-0.000203
-5.1e-05
5.8e-05
8.7e-05
-0.000215
4e-06
-2.2e-05
0.000127
-4.7e-05
0.000117
5.5e-05
-1.3e-05
-4e-05
7.7e-05
-2.1e-05
5.2e-05
0.000145
-7.4e-05
7.6e-05
-4.5e-05
-0.000136
-4.9e-05
-1.8e-05
-7.2e-05
3.4e-05
5.3e-05
-8.1e-05
-3e-06
-3.4e-05
-8.9e-05
-0.000152
-5e-05
1.6e-05
-1.7e-05
-0.000155
0.000155
7.2e-05
0.0
-1.8e-05
0.000144
-0.000132
9e-06
-3.7e-05
-5.8e-05
-3.2e-05
-6.4e-05
0.000114
-0.000185
0.000104
6.1e-05
6.2e-05
-7.1e-05
-1e-06
-4e-05
3e-06
1.6e-05
-8.6e-05
-1.7e-05
-9e-06
0.000129
4.9e-05
4.2e-05
1.4e-05
-2.5e-05
3.3e-05
-5.3e-05
-0.000128
0.00018
3.2e-05
0.0
1.5e-05
-7.3e-05
0.000128
-0.000153
4e-06
-0.000113
1.1e-05
-2e-06
8.6e-05
8.1e-05
-0.000123
1.9e-05
2.9e-05
2.7e-05
-0.00011
5e-05
-0.000134
3.3e-05
-7.2e-05
0.000152
1.4e-05
-4.3e-05
