#Average flux [c/s]: 28562.52348183644
#                                   T_start= 0 s
#                                   T_end= 1 s
#                                   CCF campionation= 1e-6 s
#                                   Fit amplitude= 0.1 s
#                                   Variable bin size= 10 ph/bin
-0.0114
0.00037763
0.00973514
#999
-0.00428406
#999
#999
-0.00365431
0.00420642
0.00100545
#999
0.00033544
-0.00135136
-0.00468872
0.00245801
-0.01112129
-0.00487088
0.00313676
0.00124676
0.00187166
-0.00382794
-0.01053904
-0.01053534
-0.00705694
-0.00720199
-0.00541321
0.00229847
0.00670733
-0.00231722
0.00513221
-0.00523367
0.00378591
-0.00523507
0.00448459
0.00233117
8.577e-05
-0.00883378
-0.00145815
-0.00484799
0.00325841
-0.0071815
0.0029992
-0.01510801
0.00410509
0.00230235
0.00701314
-0.00525713
#999
0.01557117
#999
-0.00516495
0.00594201
0.00160157
-0.00419144
-0.00474275
-0.000636
0.00341183
-0.00567108
-0.00253047
0.00700732
-0.0002184
0.00034973
-0.00664233
-0.00614173
-0.0008918
-0.00142994
0.00355786
0.00147716
-0.00326025
-0.0002316
-0.0030605
-0.00210829
-0.0043403
-0.00165362
-0.00572832
0.00030478
0.00539068
-0.00166831
0.00062291
#999
-0.00151914
0.00539325
-0.00755199
-0.00488119
-0.00675228
#999
0.00126473
-0.00713984
#999
-0.00221843
0.00060128
0.00845294
0.00035683
-0.00205856
0.00927265
0.00167698
0.00308867
-0.00615076
0.00033812
#999
