#Average flux [c/s]: 5000.0
#                                   T_start= 0 s
#                                   T_end= 1 s
#                                   CCF campionation= 1e-6 s
#                                   Fit amplitude= 0.1 s
#                                   Variable bin size= 10 ph/bin
-0.11859601
#999
-0.00140986
0.00084486
-0.09383471
-0.00059422
0.05635218
0.00945014
0.07289961
0.00056541
0.05680633
0.05733331
0.01407611
-0.00619195
-0.10261132
0.000114
-0.00503587
0.05410556
0.004547
#999
-0.37125505
-0.09812853
0.08431377
0.01424119
-0.00119599
0.3105916
#999
-0.01812838
0.05398662
-0.0008239
0.06419938
0.00024978
0.02244463
0.07042917
-0.01227603
0.00460114
-0.02073749
0.00062628
0.06720934
#999
-0.02073201
-0.02854224
-0.07214678
-0.4268649
0.05962768
0.05662902
-0.02229875
0.04112349
0.00260079
4.676e-05
0.0017576
0.00039744
-0.01114019
-0.06682751
0.01856135
0.08415799
0.05893818
-0.01155655
0.04950997
0.01136212
-0.08415607
0.0004244
0.06835717
-0.02886933
0.08024026
-0.00142118
-0.06165269
-0.01103793
-0.36593427
0.00181352
0.06935269
-0.05759674
0.0438562
-0.04967585
0.0182052
0.00918484
0.12728933
0.07387609
0.00136182
0.00030115
-0.01102152
0.10814065
0.01843256
0.01290624
0.00144352
0.05523562
-0.02476029
0.05952611
-0.00080821
-0.03419218
-0.07838916
-0.10029022
0.00122064
-7.04e-06
#999
-0.02063971
-0.07584835
0.0006802
0.00117481
0.20709636
