#Average flux [c/s]: 28260.439847453923
#                                   T_start= 0 s
#                                   T_end= 1 s
#                                   CCF campionation= 1e-6 s
#                                   Fit amplitude= 111 s
#                                   Variable bin size= 10 ph/bin
0.01628
-0.02649
-0.00087
0.024
0.00588
0.01669
0.01841
-0.03237
0.0252
-0.04416
0.00898
0.00108
0.00432
-0.00633
0.01689
-0.02648
-8e-05
0.00899
0.00363
0.02701
0.02923
-0.01437
0.0009
0.02137
0.01662
-0.0057
0.01913
0.01679
-0.00209
0.00162
0.02163
0.01648
-0.00273
0.00016
0.00437
0.02156
-0.03193
0.01656
-0.03406
0.01978
0.00919
0.03771
-0.01431
-0.02981
-0.04364
-0.00089
-0.00511
0.01264
0.02447
-0.00571
0.03174
-0.02125
0.0031
0.00917
0.01927
0.01937
0.04581
-0.02621
0.01983
0.00619
0.00103
0.04459
0.00252
0.00352
0.02246
0.04472
0.01333
0.00858
0.00934
-0.03228
0.00896
0.02912
0.02207
0.01898
-0.00614
-0.01513
0.00945
-0.02259
0.01829
0.01664
-0.00524
0.04436
-0.02638
-0.02664
-0.02565
-0.00244
-0.03446
-0.0059
0.01907
-0.02645
-0.00553
-0.01974
0.01938
0.00885
-0.02108
-0.01011
-0.00631
-0.0125
0.01334
0.01789
