#Average flux [c/s]: 18895.84718159585
#                                   T_start= 0 s
#                                   T_end= 1 s
#                                   CCF campionation= 1e-6 s
#                                   Fit amplitude= 0.1 s
#                                   Variable bin size= 10 ph/bin
0.00314362
0.00980498
0.00508047
0.00179413
-0.01968631
-0.00861338
0.00186492
#999
-0.00979683
0.00187698
#999
-0.01165331
-0.00601349
0.00989133
0.00259157
-0.00019135
0.01496795
-0.00293738
-0.00527249
0.00050702
-0.0058767
0.00336004
0.00167782
-0.00161529
-0.01198462
-0.00360663
-0.00690354
-0.00246728
0.00294705
-0.0021173
-0.00579462
-0.00492615
-0.00954097
-0.00590789
#999
-0.02390231
-0.00644567
-0.00457563
-0.00085396
-0.01551588
-0.00819491
0.00358183
#999
-0.00757006
-0.0089818
-0.00102131
-0.00236025
0.00410678
-0.00668029
-0.01200023
#999
-0.00415574
-0.01140835
-0.0056987
-0.00744483
0.00497029
0.0049465
#999
#999
-0.00773333
-0.00041254
-0.02177942
0.00136951
0.00240173
0.00325266
0.01363203
0.01126548
-0.0110322
0.00608234
0.00387639
-0.00014161
0.00389698
0.00449377
0.00696507
-0.00585183
-0.00481816
-0.00855408
0.0033293
-0.00197381
-0.0129077
0.00031171
-0.00298429
-0.01400774
0.00070115
0.00351963
-0.00798699
#999
-0.00410041
#999
0.00032842
-0.01049375
-0.00861138
0.00372548
-0.00805513
-0.00051015
-0.0051828
-0.00590218
-0.00526952
-0.00883215
0.00013352
