#Average flux [c/s]: 5906.250903147556
#                                   T_start= 0 s
#                                   T_end= 1 s
#                                   CCF campionation= 1e-6 s
#                                   Fit amplitude= 0.1 s
#                                   Variable bin size= 10 ph/bin
-0.01972604
0.26856722
0.0008163
0.11019868
1.383e-05
0.00090887
0.02106621
0.00088218
-0.01733621
-0.00718167
0.00064314
-0.00012995
-0.05983145
0.04357502
-0.00011678
-0.00029671
-0.08851848
0.03694084
-0.06055643
-0.07382778
0.00028845
0.00309525
-0.00082827
-0.03043552
0.00034532
0.00770962
0.01586371
-0.00046647
0.00128203
-0.0036359
0.35156434
0.00941913
-0.0990034
0.0173221
0.00055941
0.05448121
0.0678398
-0.06600777
-0.01645257
#999
-0.06432182
-0.11668283
0.01577766
-0.06326333
-0.00496626
#999
0.01726007
0.00037282
-0.00076153
0.00010283
-0.00051745
0.001648
0.00054746
-0.00062984
-0.06557914
-0.01444791
0.00015987
0.0005871
0.02333337
0.0005267
-0.13300683
-8.939e-05
-1.854e-05
0.00054809
0.04272429
0.00018179
0.00017779
0.00118935
-0.00035366
-0.00011109
0.00047537
-0.00036855
-0.03377573
0.00978935
0.01516178
-0.00073384
-0.00095378
-0.04815839
-0.00073368
-0.07755901
0.06471167
-0.07154167
0.00162529
#999
-0.00059532
0.00016415
0.0001062
0.00340001
0.0134259
0.02544622
-0.01623324
-0.04491443
0.00067505
0.02051215
-0.00078343
-0.01463886
0.00031172
-0.00050527
-0.00398138
-0.00056397
