#Average flux [c/s]: 13156.258128327998
#                                   T_start= 0 s
#                                   T_end= 1 s
#                                   CCF campionation= 1e-6 s
#                                   Fit amplitude= 0.1 s
#                                   Variable bin size= 10 ph/bin
-0.0038982
0.00607613
0.00230739
-0.01174254
0.00016443
-0.00052763
-0.00803333
0.00302872
-0.00533166
0.00070167
0.00838331
0.01600168
-0.00720335
0.00196081
-0.01185044
0.00432368
-0.00183413
-0.00233562
-0.01325277
0.01105303
-0.00538192
0.00501505
-0.00163557
0.00679684
0.00042837
0.00865378
-0.00303612
0.00413361
-0.00350362
0.00136922
-0.01152408
-0.00605967
-0.00969975
0.00705296
0.00124126
0.00712154
0.00241735
0.00952422
-8.591e-05
-0.00246664
-0.00739988
0.00501823
-0.0012323
-0.01133153
-0.00348147
-0.01671613
0.00429358
-0.02223968
0.01128735
0.00583056
0.00070034
-0.00127283
0.00552682
-0.00351069
0.00105421
-0.00443833
-0.01183726
0.00409283
0.00190427
0.00864151
-5.365e-05
0.0040937
0.00397021
0.00156143
-0.00984584
-0.00632458
0.00335776
-0.00833827
0.01124561
0.00657817
0.01651401
-0.00088604
0.01388996
0.01313978
0.00588159
-0.00827427
-0.01272144
-0.00097181
-0.00283631
-0.00611817
0.00286723
0.00285139
0.00758301
-0.00837158
-0.00633453
0.00125022
0.01193715
-0.0014328
-0.00229593
0.01501035
-0.00793774
-0.00309621
-0.00891274
0.01327261
0.0001288
0.00113594
-0.00525159
0.00323654
-0.01258932
-0.01051229
