#Average flux [c/s]: 33395.86163195674
#                                   T_start= 0 s
#                                   T_end= 1 s
#                                   CCF campionation= 1e-6 s
#                                   Fit amplitude= 111 s
#                                   Variable bin size= 10 ph/bin
0.029976
-0.002124
0.017575
-0.002024
-0.003345
-0.001383
0.02416
-0.002097
0.00891
0.017649
0.012073
0.016548
0.0296
-0.002249
0.014572
0.017916
-0.002286
-0.007384
0.014618
0.004628
-0.005729
0.002488
0.013133
-0.021212
-0.006966
-0.0089
-0.002225
-0.002306
0.001079
-0.002178
-0.002194
0.017172
0.030176
0.003152
-0.013366
-0.013139
-0.020765
0.032244
0.026376
-0.026191
0.030628
0.010982
-0.001822
0.029362
0.017874
0.002822
0.003065
0.029906
-0.013119
0.008128
0.030401
-0.007618
0.012965
0.01213
-0.013244
-0.002602
-0.012524
-0.026717
0.017565
0.0118
0.017837
0.02441
-0.001582
0.015886
-0.017076
0.010175
-0.001682
-0.007351
0.015277
-0.013316
-0.013312
-0.002252
-0.007097
-0.026309
-0.002346
-0.001846
0.030906
-0.007577
0.017492
0.012602
0.012306
0.019519
0.002364
0.012084
-0.013207
-0.023403
0.026525
0.011801
0.008038
0.012116
0.021971
0.038293
0.012041
0.037233
0.008507
0.027143
0.040521
0.012386
0.030432
-0.004412
