#Average flux [c/s]: 13760.425397093035
#                                   T_start= 0 s
#                                   T_end= 1 s
#                                   CCF campionation= 1e-6 s
#                                   Fit amplitude= 0.1 s
#                                   Variable bin size= 10 ph/bin
-0.00929222
-0.02363993
-0.00690206
-0.0141429
-0.01463774
0.00676551
-0.00330398
-0.00048572
-0.0021486
0.02382478
0.01791179
-0.05541662
-0.00686618
-0.02187906
-0.02051244
-0.01061007
0.00068824
-0.01206036
-0.00022627
-0.01031318
-0.01238087
-0.02457523
-0.00577872
0.01961275
0.00061387
-0.00767685
-0.10468426
0.00018541
-0.00611803
-0.00838393
0.00627613
-0.00511438
-0.00601605
0.00121629
-0.00902382
-0.01209277
-0.01925837
-0.0072151
-0.00674838
0.00857184
#999
0.00186735
0.00053452
-0.01635285
0.00145675
-0.02933681
0.00836994
0.00791248
-0.01526493
-0.0002303
-0.0131646
0.01031227
-0.00648665
-0.01222584
-0.00461293
0.0016613
-0.00541209
-0.02331921
0.00459407
-0.00983417
-0.03661102
0.00484156
-0.00689573
-0.00607637
-0.01210833
-0.00629888
-0.03719873
0.00608361
-0.01589385
-0.02514585
-0.0211967
-0.0147418
-0.00550927
-0.00791547
0.00813362
#999
0.0039485
0.01012384
#999
-0.01086891
-0.00206219
0.00256932
0.01161752
-0.01496632
-0.01021135
#999
-0.02059628
0.00333623
-0.00675676
-0.01684735
0.00475838
-0.00365537
-0.00067175
-0.00586564
-0.01417971
0.00213914
-0.00286274
-0.02248639
-0.01036568
-0.00694685
