#Average flux [c/s]: 15875.010837770666
#                                   T_start= 0 s
#                                   T_end= 1 s
#                                   CCF campionation= 1e-6 s
#                                   Fit amplitude= 0.1 s
#                                   Variable bin size= 10 ph/bin
-0.01542815
0.00696591
-0.00845861
-0.00375686
0.00057676
0.00944317
0.00131004
-0.00224983
0.01246179
-0.00221627
-0.02620191
0.00528414
-0.00492132
0.00165168
0.01096564
-0.01593722
-0.00770873
-0.00730789
0.00468972
0.0003626
-0.002927
0.00202408
0.00117476
0.00464052
0.00163519
-0.01331529
-0.00519408
-0.00017589
0.00132781
0.01233937
-0.00578656
-0.00402389
0.00076208
-0.00170199
-0.00445993
-0.00433672
0.00904129
0.02094821
-0.00426062
0.0043189
-0.00010953
-0.00541421
0.01425447
0.00250402
0.00184793
0.01236961
0.0101771
0.00484725
-0.00082824
-0.00605425
-0.01431791
-0.02257369
0.00017659
0.00764423
-0.00282275
-0.00651126
0.00864438
-0.01085453
0.00314046
-0.00176452
-0.00772785
-0.01342102
0.00329603
-0.00966013
0.00574956
-0.00466477
7.233e-05
-0.00106272
-0.01535071
0.00579498
-0.00363755
0.01207124
-0.0045755
-0.00866873
0.00637795
-0.01645139
0.00327229
-0.02461415
-0.0119795
-0.00059131
0.00603359
-0.00621167
0.00648175
-0.00354971
0.008278
-0.00020138
0.00335567
0.00051526
-0.00789858
0.0148638
0.01502762
0.00148497
0.01451849
-0.00715399
-0.00552871
-0.00527273
-5.632e-05
0.00847346
-0.00525898
-0.00043108
