#Average flux [c/s]: 9531.254515737775
#                                   T_start= 0 s
#                                   T_end= 1 s
#                                   CCF campionation= 1e-6 s
#                                   Fit amplitude= 0.1 s
#                                   Variable bin size= 10 ph/bin
0.00015171
0.00241277
-0.00019992
-0.00217895
0.00020534
0.00013574
1.53e-06
-0.046342
0.00026758
0.02807988
4.74e-05
0.00021346
-0.00027326
0.08796381
-0.00329496
-9.228e-05
-0.06330752
-0.00031583
-0.0002914
0.0608197
4.813e-05
-0.07678604
-0.00027142
-0.06448336
-0.0001337
-0.00015601
0.00035762
0.00020428
-0.00109042
-0.07491645
0.02251514
-0.00049379
-0.00054159
-0.00017773
0.01166564
-0.00064771
-0.00306106
-0.00045778
-4.375e-05
0.00256014
0.07600154
0.00853475
0.00021165
0.00086236
-0.00021325
-0.00014016
-0.00017808
-0.00278605
-9.605e-05
-4.553e-05
0.00761605
-0.00018975
-0.00032506
-0.01032785
6.865e-05
0.00025099
-0.00062996
0.01333873
-8.309e-05
-0.07475966
0.01049316
-0.00039065
-0.00309318
0.00114104
0.0866535
-4.133e-05
-0.07199293
0.01755072
-0.0051736
-0.00210189
-0.09662055
-0.06926259
-0.00030443
-0.08073095
0.06730669
2.635e-05
-0.00215063
-0.00013937
-0.050767
-0.00041463
-0.00037283
0.07061294
8.309e-05
-0.00412765
-0.00289817
-0.00940441
-0.00433179
-4.986e-05
0.00539268
-0.00073507
0.00927057
0.06139158
0.00379898
0.00030641
-0.00012941
0.00031164
-0.00046775
-0.00612395
-0.1128102
0.00037258
