#Average flux [c/s]: 5000.0
#                                   T_start= 0 s
#                                   T_end= 1 s
#                                   CCF campionation= 1e-6 s
#                                   Fit amplitude= 111 s
#                                   Variable bin size= 10 ph/bin
0.19673
-0.40824
0.12848
0.20359
0.434
-0.07715
0.19377
-0.25327
0.20028
0.21055
-0.10141
-0.44627
-0.40955
0.20034
-0.39418
-0.33017
0.08187
0.07745
-0.38928
0.26969
0.01338
0.20042
-0.39462
0.19888
-0.08806
0.0986
0.07211
0.43311
0.07968
-0.41098
-0.44933
0.28031
0.01661
0.01495
0.16085
0.19919
-0.10487
-0.44735
0.32056
-0.05392
0.43607
0.00811
-0.40106
0.08329
0.12992
0.39338
-0.39904
-0.39365
-0.33633
-0.3347
0.19907
0.08823
0.49584
-0.3944
0.13108
-0.11603
0.07315
-0.40219
0.19513
-0.45977
-0.27768
0.18568
0.49664
-0.39706
-0.39184
0.4841
0.35325
0.30835
-0.3281
0.20167
0.23441
0.02505
-0.15123
0.19369
0.43329
-0.38834
0.20117
0.08456
0.49587
0.35079
0.07682
0.35193
0.07235
0.2048
0.24753
0.20016
-0.41401
0.34517
-0.40859
0.20439
0.49642
-0.33881
-0.3474
0.43775
-0.21529
-0.14816
0.08668
0.07309
0.41551
-0.11606
