#Average flux [c/s]: 10135.421784502812
#                                   T_start= 0 s
#                                   T_end= 1 s
#                                   CCF campionation= 1e-6 s
#                                   Fit amplitude= 111 s
#                                   Variable bin size= 10 ph/bin
4.7e-05
-7.4e-05
3.4e-05
9.7e-05
0.000235
7.5e-05
-5.6e-05
0.000296
2.8e-05
-0.000266
2.4e-05
-0.000112
0.000188
-0.000114
6.1e-05
0.000204
-0.000288
-0.00022
-2.5e-05
-0.000296
6e-05
-0.000389
7.9e-05
0.000174
0.000119
-0.000114
0.000167
9.9e-05
-0.0001
0.000168
9.1e-05
-5.1e-05
-5.8e-05
0.000191
-5.4e-05
-0.000331
-0.000317
-4.2e-05
-0.000457
-0.000196
-0.000261
-5e-05
0.0
-6.4e-05
-0.000101
0.000106
5e-05
0.000113
9.4e-05
-0.000258
-0.000192
8.2e-05
-0.000217
6e-05
-0.000229
-7e-06
0.000109
0.000162
0.000195
-0.00016
-3.8e-05
0.000155
-1e-05
-0.000197
-0.000318
4.8e-05
-9.9e-05
-2.8e-05
0.000164
-0.000211
-2.6e-05
0.00039
0.000151
0.000287
-6.7e-05
-0.000265
-9.8e-05
-0.000104
-6.6e-05
0.000295
-0.000159
-0.00017
0.0
0.000157
-3e-05
-0.000178
-5e-05
2.4e-05
5.6e-05
0.000106
0.000279
6.2e-05
1.2e-05
3e-06
-1.3e-05
0.00016
0.000331
-0.000371
-0.000255
0.000384
