#Average flux [c/s]: 19500.014450360886
#                                   T_start= 0 s
#                                   T_end= 1 s
#                                   CCF campionation= 1e-6 s
#                                   Fit amplitude= 111 s
#                                   Variable bin size= 10 ph/bin
0.000518
-0.018447
-0.02555
-0.028661
-0.018298
0.00849
-0.014369
-0.001645
-0.009714
0.002125
-0.006938
0.009175
-0.016502
0.009312
-0.012042
0.021548
-0.017901
0.014054
0.016213
-0.008773
0.016825
-0.01143
-0.009688
-0.011287
0.007452
0.009076
0.010573
0.010123
-0.024538
-0.002566
0.000561
0.011646
-0.03272
-0.006828
-0.001792
0.014604
-0.012953
0.004541
0.016559
-0.022012
0.00954
-0.013732
0.005033
-0.025485
-0.011667
0.010494
-0.018025
0.031816
-0.03455
-0.003063
-0.014119
-0.002015
0.009076
-0.027029
-0.017932
-1.7e-05
-0.006826
-0.013154
-0.0254
0.01237
-0.013114
-0.013064
0.009512
-0.022999
-0.00351
-0.026476
-0.002134
0.035841
0.000409
-0.023
-0.034675
0.015915
-0.024587
0.009406
-0.006757
-0.013279
-0.040815
-0.024091
-0.024032
-0.017995
-0.018563
-0.006742
0.010719
-0.012911
0.009797
-0.01328
-0.023722
-0.011433
0.011715
-0.014339
0.022659
0.009324
0.000368
0.009561
-0.063227
-0.02247
0.010389
0.006996
-0.003935
-0.025338
