#Average flux [c/s]: 21916.68352542104
#                                   T_start= 0 s
#                                   T_end= 1 s
#                                   CCF campionation= 1e-6 s
#                                   Fit amplitude= 111 s
#                                   Variable bin size= 10 ph/bin
-4.8e-05
-1e-06
1.6e-05
-4.8e-05
6e-06
4.5e-05
-0.000124
-3e-06
-6.7e-05
-1.1e-05
4.7e-05
-1e-06
-2.8e-05
-5.9e-05
-2e-05
-2e-06
-2e-06
1e-05
6.6e-05
6e-06
-7.5e-05
8.3e-05
2.2e-05
7.4e-05
-1.9e-05
-9e-05
7e-05
4.8e-05
-2.7e-05
0.000124
7.3e-05
3e-06
2.1e-05
0.000102
1.1e-05
-4e-05
6.5e-05
3e-06
-1e-05
3.3e-05
4.6e-05
3e-06
4.7e-05
1.5e-05
-1.2e-05
1.2e-05
2.4e-05
-1e-05
0.000101
8.9e-05
5.2e-05
-1.8e-05
9.2e-05
-6e-06
-0.000102
-3.8e-05
6.8e-05
9e-06
-3.3e-05
3.6e-05
-1.6e-05
-3.9e-05
9.4e-05
-3.1e-05
4.8e-05
-1.5e-05
-7e-06
-5.8e-05
-6.4e-05
-8.3e-05
-1.6e-05
2.3e-05
-2.4e-05
4e-05
-3.1e-05
-2.6e-05
1.5e-05
-5.3e-05
-6.7e-05
5.4e-05
9.8e-05
3e-06
-4e-05
7e-06
-4.4e-05
2.1e-05
7e-06
4.7e-05
-2.9e-05
5.4e-05
1e-06
-2.8e-05
-2.5e-05
1.9e-05
-4.9e-05
2.6e-05
3.1e-05
-1.2e-05
9.9e-05
1.2e-05
