#Average flux [c/s]: 12854.17449394548
#                                   T_start= 0 s
#                                   T_end= 1 s
#                                   CCF campionation= 1e-6 s
#                                   Fit amplitude= 0.1 s
#                                   Variable bin size= 10 ph/bin
0.00457685
-0.00740289
0.00528053
-0.01284838
-0.00771082
-0.00752723
0.00460748
0.005081
0.01633129
0.00079395
-0.01318783
0.0021234
0.0054368
0.00517743
0.00368624
-0.00069834
-0.02125927
0.00152445
0.00121519
0.00304289
0.00180094
-0.01027698
0.00272379
0.01063775
0.0047627
-0.00331449
0.01165924
0.00093352
0.00092556
0.00850267
-0.01919638
-0.0113137
0.00768307
-0.00034095
0.00846549
0.00501468
0.00598484
-0.00272009
-0.01422448
-0.00961735
0.01112216
0.00153018
0.01269638
0.00943212
-0.00431233
0.00425789
0.0121341
-0.00281595
-0.00705057
0.00990403
-0.00152497
0.00677001
0.00177982
-0.00105218
0.00803642
0.00355589
-0.00092602
-0.02229455
-0.01219239
0.00277988
0.00500792
0.00176189
-0.01305588
-0.01978307
-0.01080609
-0.00259346
-0.00825512
-0.00462327
-0.01346697
-0.00890373
-0.00088409
-0.00122616
0.0009586
-0.01324562
0.0002201
-0.00067809
-0.01151308
0.00080501
0.00460332
0.01002385
0.01279297
0.01750178
-0.0090756
0.01264295
0.01674983
0.0034776
0.00379963
-0.00152852
0.00579047
0.00985243
0.00755402
0.00710419
0.00619156
-0.00110984
-0.00642231
0.0030044
0.00814553
-0.00098898
0.00488917
-0.00585497
