#Average flux [c/s]: 29166.690750601483
#                                   T_start= 0 s
#                                   T_end= 1 s
#                                   CCF campionation= 1e-6 s
#                                   Fit amplitude= 0.1 s
#                                   Variable bin size= 10 ph/bin
-0.00524746
0.00873976
0.00995016
0.0048669
-0.00264676
0.00320627
-0.00767194
0.00147434
0.0060691
-0.00623677
-0.0002845
1.156e-05
0.00103183
-0.00859964
-0.00563228
-0.00447887
0.00289512
0.00052376
0.0025376
-0.01094625
0.01010038
-0.00024679
0.00502768
-0.00671662
-0.00325369
-0.00140253
0.0019148
-0.00695985
0.0030806
-0.00258184
-0.00017064
-0.00352637
0.00630702
-0.00297425
-0.00359108
-0.00207829
0.00387854
-0.00285376
0.00391965
-0.00479522
-0.00792419
0.0034049
7.634e-05
-0.00231335
-0.00373082
0.00743627
0.00530762
0.00231144
0.00053476
0.00163932
0.0063696
0.00577207
0.00352034
0.00447656
0.00509809
0.00228996
0.00419141
0.0076654
-0.00377829
0.00392673
0.0062624
-0.00099262
-0.0079831
0.00307137
0.00192217
0.00225854
-0.00072056
0.00483058
0.00498789
-0.00171483
0.00495566
-0.00146801
0.00403886
-0.00608677
0.00407481
-0.00117682
0.00279722
-0.00279982
-0.00657032
-0.00480758
#999
-0.00232703
-0.00324139
-0.00289117
-0.00087496
-0.00110213
-0.00509756
-0.00175188
-0.00868098
0.00219027
-0.00928394
0.0024543
0.00158345
0.00676169
0.00257922
0.00467184
-0.00261071
-0.00887348
-0.0109647
0.00465906
