#Average flux [c/s]: 8927.08724697274
#                                   T_start= 0 s
#                                   T_end= 1 s
#                                   CCF campionation= 1e-6 s
#                                   Fit amplitude= 0.1 s
#                                   Variable bin size= 10 ph/bin
-0.03384349
0.01357065
0.00681454
-0.01556825
0.00588502
0.01230764
-0.00169142
-0.00927532
-0.01055328
-0.01222242
-0.0210925
0.02490965
9.446e-05
-0.00417403
0.02019131
0.00127601
0.00870811
-0.01443911
-0.01243919
0.0263204
-0.0071922
-0.02482448
-0.01936989
-0.00673495
0.03316129
-0.00982806
-0.00757999
0.02044683
-0.02044834
-0.0011412
-0.00559591
-0.00158787
0.02346547
0.0959864
0.00942102
-0.02057526
0.18375948
-0.13262774
-0.02671756
-0.01213846
0.01578384
0.02841412
-0.02217526
-0.08249522
0.00636133
0.00503776
0.00133673
0.00696338
0.00427753
-0.03976568
-0.00300029
-0.0092999
-0.10555644
-0.02333656
-0.02269517
-0.14508668
0.0050865
0.12443263
0.00029491
-0.13476161
-0.0141207
0.01008964
-0.02478194
-0.04106253
-0.01488114
0.02993269
-9.538e-05
0.00094111
0.00689266
0.11383598
0.06938346
-0.04530216
0.00878795
0.00406203
-0.00196935
-0.01050251
0.01100395
-0.02792759
-0.02715333
0.02341229
0.00926631
0.13631538
-0.00422984
0.07055364
-0.00623058
-0.01287416
-0.00259069
-0.01816248
0.00835678
0.00350248
0.0416707
0.01563705
-0.04680579
-0.01246747
0.04932407
0.03860808
0.00306335
-0.01562638
-0.00714954
-0.00844572
