#Average flux [c/s]: 6510.418171912593
#                                   T_start= 0 s
#                                   T_end= 1 s
#                                   CCF campionation= 1e-6 s
#                                   Fit amplitude= 111 s
#                                   Variable bin size= 10 ph/bin
0.11108
-0.09439
0.0198
0.01799
0.06512
0.11977
0.11798
0.04193
0.06681
0.07894
0.06665
0.18248
-0.00154
-0.0775
0.07005
0.06634
0.10939
0.06613
0.10799
0.03179
0.0808
0.08328
-0.04464
0.11633
-0.04171
0.03047
0.02291
0.03098
0.06885
0.07485
-0.0303
0.10183
-0.07622
0.00969
0.02924
0.04403
0.04499
0.02841
0.13597
-0.04001
0.06818
0.08059
0.07251
0.11777
0.13577
0.07792
-0.08514
0.04451
0.1061
0.27837
0.02854
0.11468
0.11782
-0.11524
0.10458
0.03
-0.03612
0.06601
-0.24733
0.07563
0.07484
0.08533
0.08182
0.12736
0.11226
0.07011
0.07494
0.0703
0.08013
0.11936
0.07774
0.05866
-0.00867
0.06523
0.13788
0.04335
0.06533
-0.05656
0.09074
0.11198
0.1209
0.10133
0.07947
0.083
0.07984
0.11213
0.051
-0.07623
0.02889
-0.08387
0.11529
0.0497
0.18371
0.08059
0.04818
0.04632
0.03058
-0.16776
0.11401
-0.14871
