#Average flux [c/s]: 19197.930815978365
#                                   T_start= 0 s
#                                   T_end= 1 s
#                                   CCF campionation= 1e-6 s
#                                   Fit amplitude= 0.1 s
#                                   Variable bin size= 10 ph/bin
0.00018538
-0.00717853
0.01225626
-0.00162404
-0.01007107
-0.00484048
-0.01118585
0.00113644
-0.00567118
-0.00643786
0.00560046
-0.00209521
0.00039084
0.00681048
0.00301377
0.00243536
-0.01258151
0.00756779
-0.00225559
-0.00648164
0.01362023
0.00617839
0.00726395
0.01015578
0.01122123
0.00053285
0.00790358
0.00711038
-0.00295496
0.00718498
-0.00088998
-0.00401817
0.00786983
0.01730601
0.0061685
-0.0027614
0.00025158
0.00096965
0.0034372
0.01719952
-0.0134425
-0.00150576
-0.00601334
0.0148575
-0.00491602
0.0069082
-0.0016706
0.00753527
-0.00517306
-0.00254605
-0.00551436
-0.0008921
0.00243623
-0.00705277
-0.00400649
0.00469431
0.00207531
0.00162775
0.01072983
0.00489696
0.00307309
-0.00482301
0.00019466
0.00390186
0.00361854
0.00076438
0.0010423
0.00564849
-0.0115381
0.00031968
0.01124295
0.00046913
-0.00688534
0.00098678
-0.00054121
0.00938264
0.00285109
0.00864128
-0.00752702
0.00325741
0.00638846
0.00344462
-0.00590849
-0.00891084
-0.00476364
0.00194767
-0.00730845
-0.00707581
-0.00196946
0.00233199
0.00884771
0.00049745
0.0019936
0.00529093
-0.01689663
0.00875011
-0.00672711
0.01217493
0.00632572
0.00044173
