#Average flux [c/s]: 13156.258128327998
#                                   T_start= 0 s
#                                   T_end= 1 s
#                                   CCF campionation= 1e-6 s
#                                   Fit amplitude= 111 s
#                                   Variable bin size= 10 ph/bin
-0.037355
-0.045643
-0.037563
0.001086
-0.038519
-0.003125
0.001488
-0.034255
-0.01386
0.025818
0.004202
-0.039888
0.039014
-0.004647
-0.045914
-0.032059
0.027915
-0.038878
0.006293
-0.055456
-0.046565
-0.046411
-0.036831
-0.061528
-0.062227
-0.003457
-0.021213
-0.001739
0.059003
0.045749
-0.044744
0.027287
-0.055428
-0.028822
0.048127
-0.044455
-0.059086
-0.02152
-0.002236
-0.019885
-0.043526
-0.03623
0.025596
-0.020039
0.025805
0.017906
-0.046644
-0.03473
0.040819
-0.019044
0.039363
-0.037626
-0.06713
0.058268
-0.019047
0.030906
0.054967
-0.031388
-0.07383
0.027779
0.055053
0.015664
0.002513
0.00784
-0.036184
-0.041844
-1.3e-05
-0.06226
0.026827
-0.029876
-0.043756
0.059335
-0.020204
-0.003816
0.003417
0.058169
-0.007234
-0.037282
-0.037657
-0.038789
0.025634
-0.022268
-0.019288
-0.019536
-0.017887
-0.046486
0.02775
0.049909
0.007027
-0.041418
-0.038086
-0.034245
-0.025977
-0.084608
0.028544
-0.004046
-0.002167
0.012263
0.066253
0.058234
