#Average flux [c/s]: 20104.181719125925
#                                   T_start= 0 s
#                                   T_end= 1 s
#                                   CCF campionation= 1e-6 s
#                                   Fit amplitude= 111 s
#                                   Variable bin size= 10 ph/bin
-0.014792
-0.014658
0.002014
0.052428
0.032978
-0.019081
-0.021523
0.004572
0.009583
0.003773
0.013227
0.001748
0.001194
-0.029024
0.012262
-0.002831
-0.021699
-0.011335
-0.027986
-0.022158
0.00077
-0.020358
0.000763
0.010299
0.009645
0.024068
0.001891
-0.063681
0.028349
0.000673
0.002637
-0.008183
0.001392
-0.034405
0.004781
0.009063
0.011287
0.027698
0.001504
0.027084
-0.011594
0.023781
0.020484
-0.022016
-0.019091
0.001262
0.024078
0.013167
0.001024
0.018415
0.001144
-0.027682
0.03216
-0.020491
-0.019079
0.012643
0.004903
-0.027472
-0.011589
0.002059
0.038626
0.000843
-0.009359
-0.027803
0.009501
0.000536
0.033876
-0.022462
0.011255
-0.040115
0.010013
0.0172
0.001757
-0.027776
0.024002
-0.026094
-0.019057
0.000666
-0.034532
-0.019299
0.013128
0.019396
0.033317
0.036424
-0.026303
0.033439
8.9e-05
-0.021614
0.001112
0.023866
-0.020271
0.002734
0.003898
0.037449
-0.009551
-0.021811
0.014111
0.005257
-0.002841
0.00088
