#Average flux [c/s]: 14364.592665858072
#                                   T_start= 0 s
#                                   T_end= 1 s
#                                   CCF campionation= 1e-6 s
#                                   Fit amplitude= 0.1 s
#                                   Variable bin size= 10 ph/bin
0.00509499
-0.00215403
-0.01205013
-0.00040032
-0.00090082
-0.01946378
-0.00518907
-0.008508
0.02425291
0.01417679
0.00749929
0.00596993
0.00241808
0.00047738
-0.00181549
-0.01237606
0.01009601
0.01080544
-0.00524383
-0.00615952
0.00171385
0.00516916
-0.00688895
-0.00137965
-0.02152582
-0.00183763
0.00607989
0.00350518
-0.01405741
0.00356292
-0.00914722
-0.01109107
-0.00662048
-0.00075967
-0.00129357
0.01120888
-0.00445117
-0.00969883
0.0075902
0.00550465
0.00053528
0.00811949
0.00043123
0.01606551
0.00695992
0.01563993
0.00085463
0.00472889
0.00444927
0.01293258
0.00617305
0.00329316
-0.00401894
0.00239523
-0.00451734
0.00685661
-0.00209071
-0.0042668
0.01923563
0.00396405
-0.00901669
0.00340593
-0.02750627
0.02373759
-0.0040415
-0.00087942
-0.00449383
0.01581239
0.00939331
-0.00477515
0.01064166
0.01434472
0.00019418
0.00972892
0.00255373
0.00538345
0.00020597
0.00156331
-0.0052736
-0.00608583
0.01508912
-0.01002868
0.00674427
-0.00485245
0.00670951
-0.0014718
0.01404069
0.01238943
0.00380429
0.00390345
0.01710751
0.01056851
0.00135906
0.02137487
0.00312218
0.00389784
-0.00462531
-0.01151603
-0.00612444
0.00528088
