#Average flux [c/s]: 16479.178106535703
#                                   T_start= 0 s
#                                   T_end= 1 s
#                                   CCF campionation= 1e-6 s
#                                   Fit amplitude= 0.1 s
#                                   Variable bin size= 10 ph/bin
-0.01067798
-0.00822162
0.00287187
-0.01685927
0.0055716
-0.00334063
0.01315382
0.01200377
0.00819114
-0.00181304
0.00306654
0.00043694
0.00160337
0.00981564
-0.00353146
0.00166897
0.00010633
-0.00937842
0.00817037
0.01087238
0.01856521
0.00054628
-0.00361396
0.01120826
0.0063453
0.00337241
0.00138633
0.00135116
0.00186556
0.00460481
-0.00110005
-0.00034447
0.00060501
-0.00348779
0.0058274
0.00089146
-0.00705787
4.199e-05
-0.00501424
0.00335849
-0.00762155
-0.00284541
0.00152225
0.0051645
-0.00990914
-0.00607368
-0.00872489
-0.00853788
-0.00754785
-0.00678593
0.00373863
-0.01271471
-0.0038755
-0.00190862
-0.00406525
-0.00096945
0.00606026
-0.00856344
0.00343143
-0.01025601
-0.00352664
0.00102539
0.00278381
0.00421382
0.00133402
0.00766409
0.00723271
-0.00455723
0.01267533
-0.00463517
0.00423374
0.00535875
-0.00272889
0.00830958
0.00035465
-0.0006577
0.00499344
0.00922257
-0.00290176
-0.01186105
0.00632016
0.00624099
0.01392586
0.00103341
0.00364344
0.00597982
-0.01004595
-0.00914178
0.00839465
0.00574338
-0.00347587
0.01094999
0.00980342
-0.00507222
-0.00837278
0.00355097
0.00897616
0.00136222
0.0029583
-0.0078062
