#Average flux [c/s]: 30677.108922514075
#                                   T_start= 0 s
#                                   T_end= 1 s
#                                   CCF campionation= 1e-6 s
#                                   Fit amplitude= 0.1 s
#                                   Variable bin size= 10 ph/bin
0.00602424
#999
0.00372987
0.0087374
0.01333273
#999
0.00882132
-0.00050134
0.00154651
0.01019523
0.01175872
0.00767873
0.00348537
0.00425222
0.00097285
#999
0.00136929
0.00440375
-0.00050795
0.01694645
0.00355978
0.00039833
#999
#999
0.01140015
0.01230556
0.00537957
0.00892065
0.00980126
0.01034091
0.0145874
0.00850309
0.00325071
-0.00249419
0.00615288
0.00310738
0.00505327
0.00702916
0.0137917
0.00777526
0.0176262
0.00695055
0.00343195
#999
0.00578031
#999
0.00969755
0.00913698
0.00732802
0.00508672
0.00067637
0.00642096
0.00778032
0.00613557
0.00677578
0.01506746
0.00697126
0.00376145
0.00081932
0.00499957
0.00156712
0.00720925
0.01177511
0.01042768
0.00682881
0.00747623
#999
0.01371207
0.0036165
#999
0.00608035
0.0080919
0.00755831
0.01481213
-0.00514479
0.00670807
0.00650664
0.00864807
0.00090579
0.00786032
-0.00388513
0.01093378
0.00303452
0.01121764
#999
-0.00052094
0.00125701
0.00448356
0.00826666
0.0087006
#999
#999
0.00633713
0.0057878
0.00877656
-0.00228095
-0.00111017
#999
0.00961234
0.00808296
