#Average flux [c/s]: 14968.759934623109
#                                   T_start= 0 s
#                                   T_end= 1 s
#                                   CCF campionation= 1e-6 s
#                                   Fit amplitude= 111 s
#                                   Variable bin size= 10 ph/bin
0.01151
-0.04073
-0.01068
0.00126
-0.0406
-0.00013
-0.04033
-0.00656
-0.00073
-0.04317
-0.03951
0.00921
0.02855
-0.04774
-0.04211
0.03358
-0.01524
0.00211
0.00837
-0.00603
0.02484
-0.01382
0.02029
-0.04823
-0.03383
0.02471
-0.03745
0.00192
0.02524
0.02442
-0.04847
0.0018
-0.0006
0.00217
0.04494
-0.04154
-0.03124
0.00958
0.02398
-0.03917
0.01573
-0.02577
-0.00964
-0.04167
0.00205
-0.00062
-0.01642
-0.01084
0.00973
0.01005
-0.05464
-0.0152
-0.02113
0.04447
0.0013
0.02535
-0.00105
0.00237
-0.04127
-0.00997
-0.04342
-0.04885
-0.00024
-0.05254
-0.00268
0.00927
0.05415
0.02515
0.00238
0.0096
-0.07605
-0.04022
0.02928
-0.00074
-0.01125
-0.03906
0.01044
-0.00595
0.00159
0.04434
-2e-05
-0.00357
0.04383
-0.07606
-0.02275
-0.05347
-0.00029
-0.02473
0.01051
-0.00094
0.01099
0.0002
0.00282
-0.01147
-0.04431
-0.01641
-3e-05
0.0007
-0.0109
0.02926
