#Average flux [c/s]: 18291.679912830816
#                                   T_start= 0 s
#                                   T_end= 1 s
#                                   CCF campionation= 1e-6 s
#                                   Fit amplitude= 0.1 s
#                                   Variable bin size= 10 ph/bin
-0.0043678
-0.004452
-0.00254249
0.00618083
-0.00057377
-0.01018119
-0.00615451
-0.00061151
-0.00487303
-0.00656691
0.00579262
-0.01059231
-0.00796566
0.00290393
0.00803161
-0.0038611
0.01311138
0.00796958
-0.00562326
0.00884379
-0.01365577
-0.00743341
0.01483381
-0.0014354
0.01571621
-0.00909884
0.01301551
0.00785344
-0.01274183
-0.00807739
0.0051781
-0.00959302
#999
-0.0030094
-0.00424546
-0.00325919
0.00119808
-0.00869916
0.00428301
0.00551946
-0.00520967
-0.00596605
-0.00775635
0.00138723
0.00388393
0.00357793
0.00385644
0.0032341
0.00512789
-0.00039724
-0.00866222
0.00710057
-0.01903754
-0.00565987
-0.00943416
0.01265764
0.00058682
0.00784812
-0.02208676
-0.00405786
-0.00522574
0.00770516
0.00267077
-0.00465287
-0.00860806
-0.00711631
-0.0003627
-0.00550834
5.77e-06
0.0028335
0.00292097
0.00556528
-0.00109573
0.00305014
0.00631622
0.01480808
#999
0.00500334
-0.01060762
-0.00136339
0.00696629
-0.00620864
0.00312353
0.00752475
0.01208385
0.01033521
0.00470108
-0.01076536
-0.00193388
0.01209681
0.00571297
#999
0.00474398
0.004949
-0.00187453
0.00615582
0.00490252
-0.00241261
0.00321417
0.00392968
