#Average flux [c/s]: 5906.250903147556
#                                   T_start= 0 s
#                                   T_end= 1 s
#                                   CCF campionation= 1e-6 s
#                                   Fit amplitude= 111 s
#                                   Variable bin size= 10 ph/bin
-1.7e-05
0.000321
0.000267
0.000312
0.000312
-5.5e-05
3.7e-05
2.1e-05
-0.000216
-2.4e-05
0.000509
3.1e-05
0.00018
0.000662
0.000271
-0.000111
-0.000254
0.000229
-0.000228
-0.00011
-2e-06
-0.000427
-0.000453
0.000302
0.000104
-0.000462
0.000556
-0.000676
-0.000386
0.000532
-0.001064
-0.000138
-0.000963
0.000321
-7.3e-05
-0.000321
0.000294
0.000376
-0.000234
-7.1e-05
0.000121
0.00119
-0.000202
-0.000201
-0.000204
0.000603
-0.000332
0.000465
-0.000218
-7.9e-05
-0.000229
0.000782
0.000188
-0.00025
-6.3e-05
-0.001049
-0.000456
0.000337
3.7e-05
-0.000657
-0.0001
0.000214
-0.001024
-0.000316
0.0005
0.000154
-0.000355
-0.000127
1.5e-05
-0.000529
0.000266
0.000231
-5.1e-05
0.000501
-0.00036
-0.000181
-0.000712
0.000152
0.000412
0.000104
0.000702
0.000837
0.000734
-4.2e-05
-0.000569
-0.000325
0.001096
0.000415
-0.000158
0.000157
0.000745
0.000146
-3.3e-05
9.8e-05
0.000157
-0.000125
-0.000396
-8e-06
0.000288
0.000344
