#Average flux [c/s]: 16781.261740918224
#                                   T_start= 0 s
#                                   T_end= 1 s
#                                   CCF campionation= 1e-6 s
#                                   Fit amplitude= 111 s
#                                   Variable bin size= 10 ph/bin
0.020136
0.023759
0.00756
-0.026746
0.005943
0.011237
0.02085
-0.022946
0.020361
0.01777
-0.042117
-0.00499
0.013874
0.015297
0.006492
0.010479
0.02095
0.011895
0.008018
0.007119
0.018095
0.006588
0.014535
0.002869
0.047842
0.002375
-0.003557
0.007281
0.017104
-0.050726
-0.027568
0.028083
0.006558
0.007596
0.006241
-0.009437
-0.036482
0.008221
0.006725
-0.014355
0.020505
-0.022251
0.017675
0.043556
-0.000787
0.00771
-0.020494
0.019018
0.006905
0.0203
0.012491
-0.00359
-0.001294
-0.037145
0.008223
0.020842
0.017487
-0.018771
-0.026959
-0.014156
0.038632
0.014505
0.008232
0.020745
0.007627
0.020439
-0.01427
0.007977
-0.003288
0.020813
0.018384
0.00883
0.017723
-0.001064
0.010728
0.017663
0.015226
0.006395
0.050621
-0.003811
0.009283
-0.003247
-0.035364
-0.000664
-0.004693
0.02157
-0.004317
-0.034494
0.006664
-0.01318
0.017327
0.019294
0.020679
0.007306
0.018212
-0.013766
0.007523
0.010863
-0.051225
0.029315
