#Average flux [c/s]: 23427.10169733363
#                                   T_start= 0 s
#                                   T_end= 1 s
#                                   CCF campionation= 1e-6 s
#                                   Fit amplitude= 111 s
#                                   Variable bin size= 10 ph/bin
1.2e-05
6e-05
1.4e-05
-8.4e-05
2.7e-05
-1.1e-05
4.5e-05
-5.1e-05
-3e-06
-6.7e-05
-1.1e-05
8.2e-05
-3.7e-05
-5.2e-05
-2.9e-05
-5e-05
-4e-06
-4e-05
1.7e-05
1.6e-05
2e-06
-1.2e-05
3.3e-05
-8.3e-05
4.1e-05
-2.6e-05
-1.9e-05
6.8e-05
1.1e-05
2.7e-05
9e-06
1.7e-05
-3.3e-05
-2.2e-05
-6.1e-05
2.3e-05
1.1e-05
4.1e-05
-1.5e-05
3.2e-05
-1.3e-05
0.000113
-1.4e-05
-3.1e-05
9.1e-05
5e-06
1e-06
4.7e-05
-1.7e-05
-1.4e-05
-4.4e-05
-5.6e-05
3e-05
-2.9e-05
6.7e-05
5.6e-05
3.1e-05
-0.000101
-2.2e-05
2.2e-05
-2.5e-05
8.2e-05
7.3e-05
0.000113
1.7e-05
-3.5e-05
2.7e-05
1.3e-05
2.5e-05
0.0
5.5e-05
2.3e-05
3.3e-05
-2.9e-05
-8e-06
-4e-06
1.3e-05
4.9e-05
-1.6e-05
2e-05
-1.5e-05
1.7e-05
-3.4e-05
-6.5e-05
-2.1e-05
-6e-06
-6e-05
-3.1e-05
-4.3e-05
8e-06
3e-05
-3.1e-05
1.9e-05
-0.00015
-2.8e-05
7.1e-05
-2.3e-05
-0.000134
5.8e-05
-7e-06
