#Average flux [c/s]: 14364.592665858072
#                                   T_start= 0 s
#                                   T_end= 1 s
#                                   CCF campionation= 1e-6 s
#                                   Fit amplitude= 0.1 s
#                                   Variable bin size= 10 ph/bin
0.00240569
-0.0093177
0.00628643
-0.01213333
0.00381436
-0.01048338
-0.00404297
-0.00919151
-0.00180748
0.00063243
-0.0115702
-0.0146905
-0.00411737
-0.0068568
-0.00584218
0.01536734
0.00895642
-0.00495285
0.00589555
0.00063911
-0.00586995
0.00342658
0.01487706
-0.01543621
-0.00611244
0.00165664
0.00676128
-0.00168734
0.01713421
0.00019056
0.00728704
-0.01610764
-0.00531787
0.02861353
0.01260314
0.00267568
0.00752542
-0.0098672
-0.00411782
-0.00086736
-0.00483942
-0.00557231
-0.00748845
-0.00552226
0.00857275
0.00324001
0.00272574
0.00316102
0.01189424
-0.00150338
0.00914455
0.00813412
-0.00247183
-0.00587124
-0.00033489
0.00318865
0.01648814
-0.00597525
0.0087078
0.00570661
-8.854e-05
0.00330313
0.00327429
0.01055782
-0.00700942
-0.00821114
-0.00866157
0.00032262
0.01044758
-0.0082256
-0.01052729
-0.00279901
0.00722222
0.01417126
-0.00700891
-0.00805958
-0.0073243
-0.00465165
-0.01096937
0.00543376
0.01309126
0.01352127
0.01487598
-0.01255502
-0.00441456
0.00318951
-0.00128635
-0.00446794
0.01120093
-0.0078841
0.01361099
0.00467839
0.00438346
-0.00710413
0.01347605
-0.00681666
0.00470332
-0.00353696
0.01287348
0.00812824
