#Average flux [c/s]: 5302.083634382518
#                                   T_start= 0 s
#                                   T_end= 1 s
#                                   CCF campionation= 1e-6 s
#                                   Fit amplitude= 0.1 s
#                                   Variable bin size= 10 ph/bin
0.45632662
-0.11054229
0.24263327
0.47237859
-0.34070691
0.75332992
-0.14445984
-0.13124981
-0.15639338
-0.1139451
0.2286195
-0.43042661
0.20583649
-0.09882991
-0.14928079
0.08907719
0.35991042
-0.338946
0.25583008
-0.12917574
-0.13244163
-0.15457878
0.2056654
0.01842529
-0.41774804
0.30927992
0.4711221
-0.08154839
-0.41562509
0.23604475
-0.11564409
0.11912525
-0.41290855
-0.49286613
-0.02109871
-0.49223274
-0.09916088
0.16866542
-0.45849513
0.09546404
0.25375926
0.04878423
0.24082174
-0.32938786
0.14891616
0.11291274
0.43642211
0.12368658
-0.28422994
0.20935655
0.4157289
-0.42162581
-0.40836012
-0.23939128
0.36983183
0.23693746
0.15928086
-0.17307681
0.14192208
-0.18524699
0.0320716
-0.05009368
0.10973149
0.23173519
-0.04356422
-0.09407597
-0.10564397
-0.35549009
0.65574083
-0.13331698
-0.11808993
0.18258804
0.33439718
-0.43585601
0.07894544
-0.42175694
-0.2456348
0.28301053
0.0094546
0.15681023
-0.18729615
0.24284659
0.28788437
0.09096655
-0.41858652
-0.23341474
0.32061849
0.07975911
-0.18699466
-0.14696188
#999
0.35098101
-0.47493428
0.26677535
0.40151859
-0.49517442
#999
-0.40167047
-0.2465246
-0.26063035
