#Average flux [c/s]: 13156.258128327998
#                                   T_start= 0 s
#                                   T_end= 1 s
#                                   CCF campionation= 1e-6 s
#                                   Fit amplitude= 0.1 s
#                                   Variable bin size= 10 ph/bin
-0.0112205
-0.00398685
-0.01450271
0.01399104
-0.00502081
-0.00413116
-0.01945174
0.00303747
-0.00999994
-0.00965633
-0.00539716
-0.03120309
0.0010454
-0.01966475
-0.02568929
0.00108628
-0.00896715
-0.01247874
-0.0184486
-0.00203468
-0.00386036
-0.01360701
-0.01069592
-0.01777984
-0.01582952
-0.00311133
-0.01914731
-0.01112297
-0.01148962
-0.00610184
-0.01113207
-0.0110471
0.01682886
-0.02340533
0.11300306
-0.01353054
-0.0033801
-0.02674831
-0.00437664
-0.01376371
-0.00349295
-0.01772727
0.00273223
-0.02377126
-0.01771752
-0.01342394
-0.00397721
-0.00886259
-0.00542327
-0.00314491
#999
0.00613205
0.00459243
-0.01552094
-0.01179851
0.00328188
-0.02512105
-0.00658465
-0.00891081
-0.01982225
-0.0040795
0.00199738
0.00068779
#999
#999
-0.0016097
-0.0185973
-0.01500191
0.02813295
-0.01379588
0.01823877
-0.01127736
#999
-0.00895267
0.00165271
-0.00722167
#999
0.00858893
-0.00883928
0.01048914
#999
-0.01716833
-0.02969195
-0.0221143
-0.01959949
-0.02106054
-0.03180216
-0.00578372
0.00257998
-0.02006176
#999
0.00634183
#999
#999
0.00255926
0.01120414
-0.00865346
-0.01454473
-0.01030365
-0.01122941
