#Average flux [c/s]: 14968.759934623109
#                                   T_start= 0 s
#                                   T_end= 1 s
#                                   CCF campionation= 1e-6 s
#                                   Fit amplitude= 0.1 s
#                                   Variable bin size= 10 ph/bin
-0.00424856
-0.00749557
-0.02276943
0.00806348
-0.01300287
-0.01917149
0.00075477
-0.0127301
0.01273945
-0.0187745
-0.00485211
-0.01313612
-0.0035159
-0.00340961
-0.00530158
-0.00330683
-0.00676031
-0.00539625
-0.0228756
-0.002724
-0.00605351
0.00059938
-0.00976595
-0.0072867
-0.00487331
0.00377675
-0.01826601
0.00155911
-0.00849822
0.00768459
0.01008035
-0.00922253
0.00155736
-0.00096738
-0.01504343
-0.0047247
-0.01060756
0.00640301
0.0015413
-0.00635161
-0.01498115
-0.00295151
0.00728169
-0.01115442
-0.00756871
#999
-0.00915176
-0.00126123
-0.00853477
-0.00968387
0.00112209
-0.00626137
0.00793751
-0.00869329
-0.01734065
-0.00600825
0.00539284
-0.00246833
-0.00420621
-0.00212369
-0.00552937
-0.00305794
0.00403165
-0.00464653
-0.00456264
0.00537612
-0.00431624
-0.01327607
0.00942125
3.557e-05
-0.00418529
-0.00512312
-0.00692902
0.00703414
0.00420266
0.00577668
-0.00502176
0.00382781
-0.01087895
0.0070253
0.00153096
-0.00010189
-0.00883734
0.00041349
-0.00834023
0.01111057
4.607e-05
-0.0133141
-0.00782052
-0.00177227
-0.01220313
-0.00195196
-0.00770655
0.00075676
-0.00590396
0.00655301
#999
0.00903105
-0.02118839
-0.00233747
