#Average flux [c/s]: 17083.345375300734
#                                   T_start= 0 s
#                                   T_end= 1 s
#                                   CCF campionation= 1e-6 s
#                                   Fit amplitude= 111 s
#                                   Variable bin size= 10 ph/bin
2e-05
-2e-05
5e-05
-0.00015
9e-05
-0.0001
-1e-05
-6e-05
-2e-05
-8e-05
4e-05
1e-05
-1e-05
-0.00014
1e-05
-2e-05
0.00016
1e-05
-3e-05
4e-05
7e-05
-1e-05
7e-05
-0.00012
4e-05
-6e-05
4e-05
0.0
3e-05
-4e-05
8e-05
5e-05
0.0
2e-05
-1e-05
8e-05
-1e-05
-7e-05
-9e-05
-0.00017
-8e-05
1e-05
-9e-05
-0.00014
-1e-05
1e-05
1e-05
-6e-05
-4e-05
7e-05
4e-05
0.0
0.0
-6e-05
-5e-05
6e-05
7e-05
6e-05
6e-05
-3e-05
8e-05
3e-05
-2e-05
-6e-05
-2e-05
8e-05
2e-05
-7e-05
-2e-05
-2e-05
-1e-05
-0.0001
8e-05
-3e-05
-1e-05
0.0001
4e-05
-2e-05
-5e-05
-2e-05
2e-05
-6e-05
0.0
-2e-05
3e-05
-5e-05
5e-05
-6e-05
4e-05
3e-05
-5e-05
9e-05
8e-05
0.0
-3e-05
-0.0001
9e-05
-1e-05
0.00016
-7e-05
