#Average flux [c/s]: 24031.26896609867
#                                   T_start= 0 s
#                                   T_end= 1 s
#                                   CCF campionation= 1e-6 s
#                                   Fit amplitude= 111 s
#                                   Variable bin size= 10 ph/bin
2.7e-05
4e-06
-1.4e-05
-5.2e-05
4.8e-05
-1e-05
-6.6e-05
7.9e-05
2.9e-05
3.6e-05
-4.1e-05
-4.2e-05
4.3e-05
7.1e-05
-5.9e-05
2.6e-05
-0.000122
-2.7e-05
2e-06
2.5e-05
-9.1e-05
-4.1e-05
-4.7e-05
-3.1e-05
-6.1e-05
4.3e-05
-7.1e-05
-1.8e-05
8e-05
1.4e-05
2e-05
8e-06
-7e-05
-4.1e-05
6e-06
2e-05
1.7e-05
-1.3e-05
-2.9e-05
3e-06
-6.4e-05
4.2e-05
4.5e-05
1.3e-05
2.6e-05
-4.5e-05
1.1e-05
-1.4e-05
-2e-05
4.9e-05
3e-06
-7e-06
3.2e-05
0.0
-1.1e-05
4e-06
0.000101
5.1e-05
0.0
-8.2e-05
-1.2e-05
8.9e-05
-5.9e-05
1.9e-05
3.6e-05
-2.8e-05
-6.7e-05
3e-05
4e-06
-7.4e-05
9.1e-05
-4.2e-05
-9.2e-05
-4.6e-05
-8.2e-05
8.5e-05
3.1e-05
-3.1e-05
-1.1e-05
-3.2e-05
-7e-06
-2e-06
1.4e-05
3.5e-05
-3e-05
-1.9e-05
-6.1e-05
0.000113
-6.2e-05
-4.6e-05
5.5e-05
-4.1e-05
6.4e-05
-5.5e-05
6.2e-05
5e-05
7.5e-05
9e-05
-1.4e-05
-1.8e-05
