#Average flux [c/s]: 23729.185331716148
#                                   T_start= 0 s
#                                   T_end= 1 s
#                                   CCF campionation= 1e-6 s
#                                   Fit amplitude= 0.1 s
#                                   Variable bin size= 10 ph/bin
0.00776073
-0.00267679
-0.00048517
-0.00657893
-0.00608128
0.00793765
-0.01178268
0.00134704
-0.00692753
-0.00230104
-0.00225482
-0.00194509
-0.000577
-0.00070406
-0.00164858
-0.00504583
-0.01537072
-0.00828353
0.00827512
0.00606104
-0.00386296
0.00612033
-0.00066751
0.00242451
0.00493395
-0.00191183
-0.00446678
0.00474001
0.00495403
0.00492495
-0.004244
-0.00732698
-0.01298129
-0.00259778
-0.00206776
0.00201306
0.00293862
0.00124267
0.00314167
-0.01622576
-0.00433259
0.00238877
0.00039906
0.00665195
0.0009095
-0.00811156
-0.00606987
0.0015042
-0.01145351
-0.0017895
0.00313244
0.00106901
-0.00387259
-0.01069082
3.57e-06
0.00066866
6.052e-05
0.00991635
-0.00157571
-0.00473495
0.0056446
-0.00314129
-0.00406521
0.00415796
0.00256786
-0.00073245
-0.00069132
0.01165227
0.00689984
0.00511867
0.01042334
-0.0064239
0.00202288
0.00145624
0.00308206
#999
0.00081539
-0.00157773
-0.00069674
-0.00451109
-0.00121391
-0.00511856
-0.01006226
-0.00220946
0.00054803
0.00234753
-0.0047483
-0.00723294
6.477e-05
-0.00082409
0.00736653
0.00157837
-0.00128135
-0.00422944
-0.00514958
0.00399172
-0.00780705
0.00052532
-0.01012871
#999
