#Average flux [c/s]: 10739.58905326785
#                                   T_start= 0 s
#                                   T_end= 1 s
#                                   CCF campionation= 1e-6 s
#                                   Fit amplitude= 0.1 s
#                                   Variable bin size= 10 ph/bin
-0.02002819
-0.02725277
0.00320705
-0.00848992
-0.01677547
-0.04622198
0.00976793
-0.00745237
0.03807243
-0.04796402
0.00646492
-0.01102061
-0.00055828
-0.02785978
0.00614167
0.01016059
0.00429178
-0.01042422
-0.01406983
0.00139758
0.00658837
0.01393568
-0.01474708
-0.00705834
-0.01892847
-0.01415143
0.00112734
0.00624949
-0.01468191
-0.01007987
0.00204864
-0.00425561
-0.006775
-0.00611383
0.01407137
0.02121389
0.01298793
-0.00317142
-0.00079162
-0.0058263
-0.00904989
-0.00699941
0.01427989
-0.00217112
-0.02413298
-0.02900532
0.01117823
0.01159047
-0.01024546
-0.00259433
0.01195163
0.0100756
-0.14406917
0.01525176
-0.0127617
-0.00886686
-0.00026432
0.00604636
0.00087105
-0.04580849
0.00833999
-0.01361002
-0.01041687
0.01440774
0.0097355
0.00315456
-0.01274652
0.02103765
-0.00389949
0.00162088
0.01329194
-0.00467095
-0.01062923
-0.00848494
-0.0124041
-0.02749536
-0.02205191
-0.01647959
0.00440709
-0.0192968
0.01208543
-0.01288982
-0.00949332
-0.01019913
0.00699115
0.03142414
-0.01971056
-0.0029318
0.00577613
-0.00981416
-0.00381202
0.00038293
0.01396255
-0.03669458
-0.00619583
-0.00681983
0.0075195
0.0036674
-0.00308553
0.0085607
