#Average flux [c/s]: 13156.258128327998
#                                   T_start= 0 s
#                                   T_end= 1 s
#                                   CCF campionation= 1e-6 s
#                                   Fit amplitude= 111 s
#                                   Variable bin size= 10 ph/bin
3.7e-05
2.5e-05
-8e-05
4.3e-05
0.000113
0.000123
-4e-06
-0.00019
3.4e-05
5.7e-05
0.00017
9.4e-05
-0.000301
0.000231
9.7e-05
8.3e-05
-5.9e-05
9.4e-05
-9.8e-05
6.7e-05
-0.000113
-0.000119
8.1e-05
-6.5e-05
-0.0001
5e-06
-0.000166
5.9e-05
-0.000175
-0.000231
1.5e-05
0.000102
-0.000177
4e-05
-0.000119
0.000194
-9.3e-05
1.6e-05
1.8e-05
-0.000113
8.9e-05
3.3e-05
-3.2e-05
-0.000135
0.000149
0.000223
1.6e-05
0.000127
-2.7e-05
-1.6e-05
0.000225
-8.2e-05
0.00026
7.3e-05
-0.000137
-0.000213
0.000223
-0.000248
-3e-05
3e-05
-6.1e-05
0.000102
3.3e-05
-8.8e-05
9.1e-05
0.000303
-9.7e-05
9.7e-05
2.5e-05
-7.6e-05
-0.000146
0.000171
3.7e-05
3e-05
4e-06
-6e-06
-3.5e-05
0.00016
0.000159
0.000129
3.8e-05
0.000184
-9.4e-05
3.9e-05
4.7e-05
0.000113
0.000129
-8.4e-05
-2e-05
-0.000178
4.9e-05
0.000173
-5.2e-05
-0.000136
3e-05
3e-05
-8.8e-05
3.7e-05
-0.000186
5.5e-05
