#Average flux [c/s]: 24937.51986924622
#                                   T_start= 0 s
#                                   T_end= 1 s
#                                   CCF campionation= 1e-6 s
#                                   Fit amplitude= 111 s
#                                   Variable bin size= 10 ph/bin
-0.02061
0.02304
0.0523
-0.01065
-0.00911
0.01863
-0.00935
-0.00759
-0.01327
0.02185
-0.02334
-0.00865
-0.02133
-0.01336
-0.02966
0.0007
-0.00853
-0.00877
-0.00314
-0.00865
-0.00837
-0.0005
-0.00837
0.01848
-0.01834
-0.00793
-0.02039
0.01076
0.02179
0.023
0.00121
0.01627
0.02183
0.02181
-0.0016
0.01952
-0.00848
-0.00399
0.01049
-0.01057
-0.00935
0.01882
-0.01076
-0.0131
-0.00308
-0.02708
-0.02919
-0.01213
-0.00743
0.01853
-0.01303
0.01209
-0.01099
-0.01855
0.02218
-0.00861
-0.00685
-0.00038
-0.00851
0.02226
0.01865
-0.01074
-0.02685
-0.01223
-0.03339
-0.03061
-0.01746
0.01631
-0.00337
-0.01116
-0.00949
-0.01102
-0.01779
-0.02136
-0.00971
-0.00459
0.0109
0.02199
-0.01052
-0.02027
-0.0084
0.03468
0.02557
0.02512
-0.00831
0.02088
-0.02995
0.01891
-0.00821
-0.00865
-0.02244
0.02177
-0.02334
0.01089
-0.0087
-0.02035
-0.00326
0.00128
-0.00792
0.02049
