#Average flux [c/s]: 6510.418171912593
#                                   T_start= 0 s
#                                   T_end= 1 s
#                                   CCF campionation= 1e-6 s
#                                   Fit amplitude= 0.1 s
#                                   Variable bin size= 10 ph/bin
-0.07808442
#999
-0.03630063
-0.03934719
-0.04954479
-0.01747507
-0.19029657
-0.03350282
-0.03165281
0.02308205
-0.06206361
-0.00560664
-0.17830687
-0.29186509
0.111368
-0.06902073
0.07428298
#999
0.1290206
-0.10920651
-0.0036463
-0.0578814
-0.09375252
0.0159285
-0.02725626
-0.03900337
-0.21875347
-0.01338448
-0.01378194
-0.01769107
-0.02638404
0.08352069
0.0663776
0.00959069
0.02132167
-0.2677842
-0.29872406
-0.01658594
0.09010097
-0.01590158
-0.37626481
-0.06893075
-1.84299122
-0.01131848
-0.12274538
-0.05551994
-0.00056415
-0.0447812
-0.06692449
#999
0.00427222
0.02185413
-0.01596923
-0.0359124
0.03821762
-0.08639936
-0.37287708
-0.0151364
-0.10660687
-0.10861793
-0.43498138
0.10796793
-0.75116339
-0.06834029
-0.28200581
-0.06314866
4.6253925
0.22290106
-0.06907503
-0.22061478
-0.13657991
-0.04785958
-0.01932157
0.00499074
-0.00544626
-0.03565236
0.01432838
-0.22115634
-0.03403765
-0.045889
-0.08561309
0.02574308
0.15468973
-0.2471697
0.06268312
-0.21440384
-0.03473162
-0.13079848
0.08745967
-0.03989123
-0.1727409
-0.06512132
-0.0180909
#999
-0.03877833
0.01524249
0.05334515
-0.02788547
-0.1881016
-0.21561205
