#Average flux [c/s]: 11343.756322032887
#                                   T_start= 0 s
#                                   T_end= 1 s
#                                   CCF campionation= 1e-6 s
#                                   Fit amplitude= 111 s
#                                   Variable bin size= 10 ph/bin
0.0
-6.2e-05
0.000125
-0.000312
-0.000124
-7.5e-05
0.000226
0.000195
5.1e-05
5.5e-05
-9e-05
-7.7e-05
0.000175
2.4e-05
-0.000141
4.6e-05
0.000102
2.7e-05
0.000187
-9.3e-05
-0.000198
-6.2e-05
6.4e-05
-5.1e-05
0.000323
-3.3e-05
-0.000131
-3.4e-05
8.5e-05
-0.000147
0.000245
-0.000233
-0.000148
-1e-06
2.3e-05
-1.1e-05
0.000304
-0.000114
0.000204
-0.000331
0.000172
-0.000212
0.000149
-1.6e-05
0.000235
7.5e-05
-8.4e-05
0.000222
-0.000146
1.8e-05
2.3e-05
0.000104
-5.6e-05
-0.000184
0.000158
-9.6e-05
0.000258
5.8e-05
-3.8e-05
0.0
0.000214
-0.000113
0.000265
-1e-05
-4.7e-05
-5.8e-05
0.000144
5.7e-05
6.4e-05
0.000115
0.000122
8e-05
0.000116
8.2e-05
-2.2e-05
1.9e-05
-0.000126
0.000267
-0.000198
-0.000114
-0.000236
-0.000138
0.000251
6.8e-05
0.0001
1.5e-05
2e-06
-3.8e-05
-2.8e-05
4.4e-05
-1.7e-05
-0.000176
0.000149
0.000145
-0.000223
5.3e-05
-2.2e-05
-0.00014
7.8e-05
8.2e-05
