#Average flux [c/s]: 11645.839956415406
#                                   T_start= 0 s
#                                   T_end= 1 s
#                                   CCF campionation= 1e-6 s
#                                   Fit amplitude= 111 s
#                                   Variable bin size= 10 ph/bin
-0.020299
0.030151
0.054858
-0.053017
-0.005573
0.035598
0.025883
0.01016
0.031667
-0.011921
0.020526
0.04864
0.024167
0.058763
0.020499
-0.034562
0.020332
0.033526
0.00265
0.01886
0.025344
0.023101
0.021889
-0.009951
-0.048108
0.007965
0.034804
-0.007825
0.02414
0.029007
0.069634
0.075312
0.001043
0.031704
0.018191
0.032887
0.022385
0.054681
-0.007155
0.052587
0.065539
-0.033665
0.080604
-0.030537
0.047218
0.020453
0.030456
0.021533
-0.014588
0.022175
0.021922
-0.034737
0.015866
0.017339
0.031832
0.02112
-0.034709
0.063688
0.022679
0.031281
0.020589
0.022375
0.022564
0.008039
0.02156
0.021924
0.022693
0.009808
0.031347
0.022161
0.018766
-0.034368
0.03145
-0.030519
0.097723
0.032305
0.031149
-0.015845
0.018063
0.036141
0.018203
-0.03067
0.021897
0.021633
-0.020074
0.026809
-0.021753
0.031452
-0.022723
0.02313
0.018124
0.031291
0.022156
0.063683
0.034779
-0.017823
-0.024051
-0.01513
0.022686
-0.004342
